{"model": "LSING", "dataset": "dim20_cop_gau", "N": 300, "seed": 1234560, "metrics": {"TP": 19, "FP": 40, "FN": 0, "TN": 131, "TPR": 1.0, "FDR": 0.6779661016949152, "FPR": 0.23391812865497075, "Hamming": 40}, "omega": [[1.0, 0.6543073056826677, 0.10179296101881635, 0.12613694281060076, 0.09617839175385348, 0.15111652198860934, 0.24531881936180677, 0.1340603129824738, 0.13717418575719634, 0.21637553014628735, 0.13381640174651935, 0.0869589641282482, 0.09397697146864645, 0.13143668796648833, 0.11942125375765841, 0.14808023046201965, 0.11973616864042498, 0.18911867180754235, 0.14270999837110102, 0.14066286310314416], [0.6543073056826677, 1.0, 0.42876937240913265, 0.21549645444479013, 0.11916988744136764, 0.15205867842294277, 0.22783096981606252, 0.17472997107829163, 0.06340878895643734, 0.18038402689895397, 0.2183572641334544, 0.13618617231606123, 0.14171492320229176, 0.20966424943619763, 0.11200355356191495, 0.08593246264201754, 0.12098819852636407, 0.14009016257484314, 0.18510962147501084, 0.1980471534599356], [0.10179296101881635, 0.42876937240913265, 1.0, 0.49326880959362657, 0.1654212640360333, 0.1263442769040373, 0.18622098937998086, 0.11633000923489639, 0.10463508063720264, 0.11252343543955358, 0.2101869709011014, 0.07466733816233233, 0.12143414872376472, 0.1032599662809719, 0.11199514652158567, 0.1144235615507446, 0.08853817963798818, 0.13775812127543907, 0.1395806754486194, 0.14162657014279567], [0.12613694281060076, 0.21549645444479013, 0.49326880959362657, 1.0, 0.2873719010979017, 0.22939319900788357, 0.23195813301364113, 0.17039282272998552, 0.05933010356505433, 0.13896475035056335, 0.28422992106431527, 0.057589704237528176, 0.07600496763913252, 0.11601456833022661, 0.084019309342365, 0.08442360139806754, 0.08092679166039475, 0.12157191060167447, 0.09983859180826928, 0.09810777376023247], [0.09617839175385348, 0.11916988744136764, 0.1654212640360333, 0.2873719010979017, 1.0, 0.6375953012036796, 0.27179703959714135, 0.10270188729955586, 0.09622007084332651, 0.1089519096438491, 0.15830763243071574, 0.10457770002667163, 0.12070853176617412, 0.10598341209944968, 0.09598593756319246, 0.11437127590457706, 0.06956517707442743, 0.1420000317288964, 0.12315204781351036, 0.11163581304589436], [0.15111652198860934, 0.15205867842294277, 0.1263442769040373, 0.22939319900788357, 0.6375953012036796, 1.0, 0.9845877258179445, 0.34714783848382946, 0.12972819675520642, 0.15106196932769075, 0.18858950308302835, 0.18354173638396493, 0.2280101803579213, 0.351628139270788, 0.1453234660437872, 0.22189264803485292, 0.14537532342433443, 0.2133365526494485, 0.13389685516734498, 0.23684444822890566], [0.24531881936180677, 0.22783096981606252, 0.18622098937998086, 0.23195813301364113, 0.27179703959714135, 0.9845877258179445, 1.0, 1.0, 0.31247856344367864, 0.3741153708106219, 0.5122736457924542, 0.2767231276543624, 0.36462226748845006, 0.2263143695330497, 0.15517146191337014, 0.2504902896542869, 0.1305246358122266, 0.24006596929134405, 0.2554041488660234, 0.27815219882369213], [0.1340603129824738, 0.17472997107829163, 0.11633000923489639, 0.17039282272998552, 0.10270188729955586, 0.34714783848382946, 1.0, 1.0, 0.6214325380726274, 0.2781362878248851, 0.24564380314171191, 0.12031038206358038, 0.13006584695633858, 0.1384056309629936, 0.1022397910227631, 0.1709760646441258, 0.06867389347522058, 0.18994491722072446, 0.10268446573342499, 0.1966725418503026], [0.13717418575719634, 0.06340878895643734, 0.10463508063720264, 0.05933010356505433, 0.09622007084332651, 0.12972819675520642, 0.31247856344367864, 0.6214325380726274, 1.0, 0.5394872074079972, 0.2707086723490191, 0.060933385740631764, 0.13228304789864212, 0.08275798329942835, 0.0938728912852564, 0.1452735032731038, 0.06266349272808701, 0.11351846871281304, 0.10854668192086739, 0.08828648281236], [0.21637553014628735, 0.18038402689895397, 0.11252343543955358, 0.13896475035056335, 0.1089519096438491, 0.15106196932769075, 0.3741153708106219, 0.2781362878248851, 0.5394872074079972, 1.0, 0.9644327264350194, 0.18054986810536108, 0.08305689873722716, 0.13061391988394075, 0.10133510783020751, 0.14306972752698502, 0.09733924063068407, 0.24458806321677234, 0.09443584644316465, 0.19412937956526496], [0.13381640174651935, 0.2183572641334544, 0.2101869709011014, 0.28422992106431527, 0.15830763243071574, 0.18858950308302835, 0.5122736457924542, 0.24564380314171191, 0.2707086723490191, 0.9644327264350194, 1.0, 0.7238732089466252, 0.2720973329330229, 0.22719339868393604, 0.17296071735459656, 0.17869252666065208, 0.13240452637285757, 0.1860033932043705, 0.24893666301536088, 0.27257995104663274], [0.0869589641282482, 0.13618617231606123, 0.07466733816233233, 0.057589704237528176, 0.10457770002667163, 0.18354173638396493, 0.2767231276543624, 0.12031038206358038, 0.060933385740631764, 0.18054986810536108, 0.7238732089466252, 1.0, 0.5049722383328714, 0.32876171576465113, 0.08598953834604711, 0.08373890242746167, 0.11082920733545272, 0.11622921552463618, 0.17243679488393146, 0.12884546450322268], [0.09397697146864645, 0.14171492320229176, 0.12143414872376472, 0.07600496763913252, 0.12070853176617412, 0.2280101803579213, 0.36462226748845006, 0.13006584695633858, 0.13228304789864212, 0.08305689873722716, 0.2720973329330229, 0.5049722383328714, 1.0, 0.6644121398928532, 0.33940331575905014, 0.16465348153508572, 0.12481333670533545, 0.15323194467523202, 0.13291206302848443, 0.14907272207192374], [0.13143668796648833, 0.20966424943619763, 0.1032599662809719, 0.11601456833022661, 0.10598341209944968, 0.351628139270788, 0.2263143695330497, 0.1384056309629936, 0.08275798329942835, 0.13061391988394075, 0.22719339868393604, 0.32876171576465113, 0.6644121398928532, 1.0, 0.49001025752021393, 0.21970066821353726, 0.13891312572307063, 0.1494227174950677, 0.10113394867530741, 0.14709405577001525], [0.11942125375765841, 0.11200355356191495, 0.11199514652158567, 0.084019309342365, 0.09598593756319246, 0.1453234660437872, 0.15517146191337014, 0.1022397910227631, 0.0938728912852564, 0.10133510783020751, 0.17296071735459656, 0.08598953834604711, 0.33940331575905014, 0.49001025752021393, 1.0, 0.5707420882395505, 0.15706924187377158, 0.08589098604770194, 0.07672786138598522, 0.11110524780305323], [0.14808023046201965, 0.08593246264201754, 0.1144235615507446, 0.08442360139806754, 0.11437127590457706, 0.22189264803485292, 0.2504902896542869, 0.1709760646441258, 0.1452735032731038, 0.14306972752698502, 0.17869252666065208, 0.08373890242746167, 0.16465348153508572, 0.21970066821353726, 0.5707420882395505, 1.0, 0.5226241555067473, 0.18219785748765085, 0.16764749114179114, 0.1318702463912663], [0.11973616864042498, 0.12098819852636407, 0.08853817963798818, 0.08092679166039475, 0.06956517707442743, 0.14537532342433443, 0.1305246358122266, 0.06867389347522058, 0.06266349272808701, 0.09733924063068407, 0.13240452637285757, 0.11082920733545272, 0.12481333670533545, 0.13891312572307063, 0.15706924187377158, 0.5226241555067473, 1.0, 0.5826653382736069, 0.20108688042161, 0.14258757026442312], [0.18911867180754235, 0.14009016257484314, 0.13775812127543907, 0.12157191060167447, 0.1420000317288964, 0.2133365526494485, 0.24006596929134405, 0.18994491722072446, 0.11351846871281304, 0.24458806321677234, 0.1860033932043705, 0.11622921552463618, 0.15323194467523202, 0.1494227174950677, 0.08589098604770194, 0.18219785748765085, 0.5826653382736069, 1.0, 0.9661422510698634, 0.4374008425437131], [0.14270999837110102, 0.18510962147501084, 0.1395806754486194, 0.09983859180826928, 0.12315204781351036, 0.13389685516734498, 0.2554041488660234, 0.10268446573342499, 0.10854668192086739, 0.09443584644316465, 0.24893666301536088, 0.17243679488393146, 0.13291206302848443, 0.10113394867530741, 0.07672786138598522, 0.16764749114179114, 0.20108688042161, 0.9661422510698634, 1.0, 0.9629289555003717], [0.14066286310314416, 0.1980471534599356, 0.14162657014279567, 0.09810777376023247, 0.11163581304589436, 0.23684444822890566, 0.27815219882369213, 0.1966725418503026, 0.08828648281236, 0.19412937956526496, 0.27257995104663274, 0.12884546450322268, 0.14907272207192374, 0.14709405577001525, 0.11110524780305323, 0.1318702463912663, 0.14258757026442312, 0.4374008425437131, 0.9629289555003717, 1.0]], "meta_info": {"source": "pretrained"}}