{"model": "LSING", "dataset": "dim20_cop_gau", "N": 300, "seed": 123450, "metrics": {"TP": 19, "FP": 13, "FN": 0, "TN": 158, "TPR": 1.0, "FDR": 0.40625, "FPR": 0.07602339181286549, "Hamming": 13}, "omega": [[1.0, 0.500143965886395, 0.3539506123919548, 0.09117411655859096, 0.06457649396865017, 0.11330733778156345, 0.11969984269808087, 0.04335593979572062, 0.09387125217522181, 0.0683105852137528, 0.0747881853821764, 0.0696015414855508, 0.17861483073394466, 0.15536759500549757, 0.06664912115377827, 0.15441700725440222, 0.09916761345284372, 0.0867604620427539, 0.07808408659996763, 0.10720017152036102], [0.500143965886395, 1.0, 0.4386862159698076, 0.12225785943521818, 0.096426746554109, 0.11060918031847979, 0.14104991122630897, 0.09499522083870826, 0.10534024032163647, 0.10519334000856437, 0.04916137623528957, 0.21117775982620868, 0.12630789270037848, 0.1054835256707808, 0.064373983148316, 0.2099884637489669, 0.12105473409182782, 0.1077442891478325, 0.037048976538571934, 0.06644826276945945], [0.3539506123919548, 0.4386862159698076, 1.0, 0.3055251133646028, 0.0906160073349845, 0.09670940884580216, 0.12637794225181492, 0.07262417786105352, 0.11821788230459965, 0.05136227116466687, 0.056776571420865216, 0.11845848448058734, 0.09919289114534045, 0.14788621591985993, 0.08873061530224012, 0.13611711917052208, 0.05501555641558075, 0.0911638044421476, 0.06750571984275136, 0.07812809259435617], [0.09117411655859096, 0.12225785943521818, 0.3055251133646028, 1.0, 0.29185372353355254, 0.06488187413382385, 0.0887451001317953, 0.12131244543215072, 0.07870130891246568, 0.0658074318497094, 0.05949938639265143, 0.1258844528497154, 0.12781171561318114, 0.125999721708131, 0.05470889113801478, 0.11790326806058454, 0.06943292017160693, 0.0766493808817565, 0.07258970355048146, 0.04519380556264073], [0.06457649396865017, 0.096426746554109, 0.0906160073349845, 0.29185372353355254, 1.0, 0.42011243557580696, 0.12364776207718449, 0.11603841077111905, 0.06480078822446625, 0.05005946272270842, 0.05032961519968087, 0.11639329741983563, 0.08379234356883557, 0.16486388256033183, 0.03925931158100416, 0.17142531472038286, 0.0826466518233237, 0.07917203465570392, 0.0662569672862622, 0.07278660566167035], [0.11330733778156345, 0.11060918031847979, 0.09670940884580216, 0.06488187413382385, 0.42011243557580696, 1.0, 0.41852824475166345, 0.2036045082117329, 0.12111719575697719, 0.08570546073079462, 0.04405039372097623, 0.19795117496941536, 0.09839589461637178, 0.13230576093304947, 0.08123204588727406, 0.17133799367462477, 0.06275540958436197, 0.11742659438015252, 0.09959354236329818, 0.08161205414196199], [0.11969984269808087, 0.14104991122630897, 0.12637794225181492, 0.0887451001317953, 0.12364776207718449, 0.41852824475166345, 1.0, 0.35940596548548154, 0.17593861695517563, 0.0933010327183996, 0.08272240789812803, 0.1480408331507468, 0.13247628025914193, 0.18554528890075794, 0.11155477746307034, 0.21111164573636546, 0.07505995595612862, 0.09395075224548156, 0.13504705654944055, 0.09663605858464235], [0.04335593979572062, 0.09499522083870826, 0.07262417786105352, 0.12131244543215072, 0.11603841077111905, 0.2036045082117329, 0.35940596548548154, 1.0, 0.44282921020717636, 0.18047790863702082, 0.07718341740084218, 0.17468506317716578, 0.10395948643121104, 0.24638978110259188, 0.055086633016354206, 0.16547536296984958, 0.05987245608099784, 0.1104204030312253, 0.10896550179778379, 0.07727626807190602], [0.09387125217522181, 0.10534024032163647, 0.11821788230459965, 0.07870130891246568, 0.06480078822446625, 0.12111719575697719, 0.17593861695517563, 0.44282921020717636, 1.0, 0.40328241222026795, 0.1977454779028098, 0.09201198070221121, 0.11921611598785539, 0.20749581604865838, 0.10211313892250183, 0.16587943560444363, 0.09888055160228854, 0.12028427227217361, 0.15884828289837777, 0.0690244687896876], [0.0683105852137528, 0.10519334000856437, 0.05136227116466687, 0.0658074318497094, 0.05005946272270842, 0.08570546073079462, 0.0933010327183996, 0.18047790863702082, 0.40328241222026795, 1.0, 0.2506617569199192, 0.10653794009740465, 0.19843951767848472, 0.19027701237570518, 0.043914948077713276, 0.17616156262341243, 0.04021499191513422, 0.15252348623541612, 0.07654531487355576, 0.06531274370309496], [0.0747881853821764, 0.04916137623528957, 0.056776571420865216, 0.05949938639265143, 0.05032961519968087, 0.04405039372097623, 0.08272240789812803, 0.07718341740084218, 0.1977454779028098, 0.2506617569199192, 1.0, 0.4869770643545993, 0.2358819696171543, 0.1543540939789061, 0.04836809664677861, 0.10490756639213197, 0.03310174289960315, 0.08057797258671086, 0.04373305524680485, 0.05831203619409272], [0.0696015414855508, 0.21117775982620868, 0.11845848448058734, 0.1258844528497154, 0.11639329741983563, 0.19795117496941536, 0.1480408331507468, 0.17468506317716578, 0.09201198070221121, 0.10653794009740465, 0.4869770643545993, 1.0, 0.8609540940788015, 0.2817372938076188, 0.10315807577530467, 0.28736957826170056, 0.11739273192875994, 0.14484736319494715, 0.11771425352181149, 0.11813840304587662], [0.17861483073394466, 0.12630789270037848, 0.09919289114534045, 0.12781171561318114, 0.08379234356883557, 0.09839589461637178, 0.13247628025914193, 0.10395948643121104, 0.11921611598785539, 0.19843951767848472, 0.2358819696171543, 0.8609540940788015, 1.0, 1.0, 0.1598137300866892, 0.15942710168217153, 0.06358531123403423, 0.14460251130316182, 0.11960095043790803, 0.12282553988456091], [0.15536759500549757, 0.1054835256707808, 0.14788621591985993, 0.125999721708131, 0.16486388256033183, 0.13230576093304947, 0.18554528890075794, 0.24638978110259188, 0.20749581604865838, 0.19027701237570518, 0.1543540939789061, 0.2817372938076188, 1.0, 1.0, 0.5581275710572461, 0.28882381352596714, 0.11155757037129779, 0.24102303520779236, 0.19182534075977759, 0.18515528902729209], [0.06664912115377827, 0.064373983148316, 0.08873061530224012, 0.05470889113801478, 0.03925931158100416, 0.08123204588727406, 0.11155477746307034, 0.055086633016354206, 0.10211313892250183, 0.043914948077713276, 0.04836809664677861, 0.10315807577530467, 0.1598137300866892, 0.5581275710572461, 1.0, 0.41148441365742944, 0.12912538767730597, 0.05365760884766688, 0.07884924772121997, 0.06255340864667738], [0.15441700725440222, 0.2099884637489669, 0.13611711917052208, 0.11790326806058454, 0.17142531472038286, 0.17133799367462477, 0.21111164573636546, 0.16547536296984958, 0.16587943560444363, 0.17616156262341243, 0.10490756639213197, 0.28736957826170056, 0.15942710168217153, 0.28882381352596714, 0.41148441365742944, 1.0, 0.5012602134697594, 0.2162779848571929, 0.12093561926142686, 0.1032827493671628], [0.09916761345284372, 0.12105473409182782, 0.05501555641558075, 0.06943292017160693, 0.0826466518233237, 0.06275540958436197, 0.07505995595612862, 0.05987245608099784, 0.09888055160228854, 0.04021499191513422, 0.03310174289960315, 0.11739273192875994, 0.06358531123403423, 0.11155757037129779, 0.12912538767730597, 0.5012602134697594, 1.0, 0.3453348776048552, 0.10699397913918156, 0.04813043305977539], [0.0867604620427539, 0.1077442891478325, 0.0911638044421476, 0.0766493808817565, 0.07917203465570392, 0.11742659438015252, 0.09395075224548156, 0.1104204030312253, 0.12028427227217361, 0.15252348623541612, 0.08057797258671086, 0.14484736319494715, 0.14460251130316182, 0.24102303520779236, 0.05365760884766688, 0.2162779848571929, 0.3453348776048552, 1.0, 0.5266509042862442, 0.11322467852003003], [0.07808408659996763, 0.037048976538571934, 0.06750571984275136, 0.07258970355048146, 0.0662569672862622, 0.09959354236329818, 0.13504705654944055, 0.10896550179778379, 0.15884828289837777, 0.07654531487355576, 0.04373305524680485, 0.11771425352181149, 0.11960095043790803, 0.19182534075977759, 0.07884924772121997, 0.12093561926142686, 0.10699397913918156, 0.5266509042862442, 1.0, 0.3862996155359953], [0.10720017152036102, 0.06644826276945945, 0.07812809259435617, 0.04519380556264073, 0.07278660566167035, 0.08161205414196199, 0.09663605858464235, 0.07727626807190602, 0.0690244687896876, 0.06531274370309496, 0.05831203619409272, 0.11813840304587662, 0.12282553988456091, 0.18515528902729209, 0.06255340864667738, 0.1032827493671628, 0.04813043305977539, 0.11322467852003003, 0.3862996155359953, 1.0]], "meta_info": {"source": "pretrained"}}