{"model": "LSING", "dataset": "0.7_dim20_pair_gau", "N": 5000, "seed": 123450, "metrics": {"TP": 10, "FP": 0, "FN": 0, "TN": 180, "TPR": 1.0, "FDR": 0.0, "FPR": 0.0, "Hamming": 0}, "omega": [[1.0, 0.9300627836185941, 0.059371938224784385, 0.060852972284812325, 0.06096122833086769, 0.061524641749304596, 0.05911777185578483, 0.05989452008961844, 0.05487303528666174, 0.050809261577134356, 0.05968089356395271, 0.06594106952190505, 0.06124540932133201, 0.06677304823334164, 0.07531417774139008, 0.06417718687777674, 0.0583941175189351, 0.057291936257763645, 0.049237584464051395, 0.05759027439434746], [0.9300627836185941, 1.0, 0.06963437907382589, 0.07256558634983476, 0.08521905275715295, 0.07724315525768707, 0.07071839020166336, 0.06830369143524774, 0.06965852532564432, 0.06979598393484797, 0.07609927519616701, 0.07363567159735161, 0.05420451287664842, 0.07130967903292548, 0.08784397739078273, 0.06864363376344428, 0.07807636125466993, 0.08316550969993936, 0.05690901791128383, 0.06596039335621295], [0.059371938224784385, 0.06963437907382589, 1.0, 0.8911397825571682, 0.07684079218795906, 0.06794963138123834, 0.06322023791027552, 0.06124761948652349, 0.07698358567865937, 0.06366309089094897, 0.061210488185702565, 0.08043371398702699, 0.07263583070822123, 0.05946309636984599, 0.0671840390941798, 0.06027486297606538, 0.04636884917597263, 0.05573919928800409, 0.0698757207030699, 0.04692699735545457], [0.060852972284812325, 0.07256558634983476, 0.8911397825571682, 1.0, 0.067274290572189, 0.056949134643326536, 0.07157654662471982, 0.07402281580070169, 0.07813358902780862, 0.07298371228617216, 0.07433605218516956, 0.07917782243824037, 0.08476585851604138, 0.06445040376695825, 0.06825583255498376, 0.06444095077742942, 0.05441531296632909, 0.06382771534745857, 0.06560593121507598, 0.054170518118224674], [0.06096122833086769, 0.08521905275715295, 0.07684079218795906, 0.067274290572189, 1.0, 0.9008579919089769, 0.06085644389981582, 0.07369059196854247, 0.05921664324084285, 0.08205036441392895, 0.05683241374342842, 0.06607068611811064, 0.06070376379621379, 0.057516545280855286, 0.07275323489343419, 0.06534384399246511, 0.07111266685249223, 0.0724126644683521, 0.06658690028941443, 0.06148241997288808], [0.061524641749304596, 0.07724315525768707, 0.06794963138123834, 0.056949134643326536, 0.9008579919089769, 1.0, 0.05912038410810389, 0.0803392419081884, 0.07647872981170464, 0.07014912155368232, 0.063912524195133, 0.0638601845400159, 0.0592103517599054, 0.06455496481627257, 0.0752557647310322, 0.05554247356179899, 0.06054931240683405, 0.06267571207475318, 0.0642551549882414, 0.060612758076337814], [0.05911777185578483, 0.07071839020166336, 0.06322023791027552, 0.07157654662471982, 0.06085644389981582, 0.05912038410810389, 1.0, 0.9539860531585883, 0.06941723362878871, 0.054999571842909635, 0.05701525300961952, 0.07063393350872813, 0.06802197027191687, 0.06610086630486324, 0.07787126002731712, 0.06047451106100165, 0.07590288060053757, 0.07952671317604092, 0.07052036360533961, 0.06112964502087468], [0.05989452008961844, 0.06830369143524774, 0.06124761948652349, 0.07402281580070169, 0.07369059196854247, 0.0803392419081884, 0.9539860531585883, 1.0, 0.07397986080658195, 0.07947978987105418, 0.07282593119489278, 0.08902139099313902, 0.07269244089655612, 0.07135841304399655, 0.07278974598143087, 0.0797191289487216, 0.06033014338605675, 0.0517241044011185, 0.06218674784740948, 0.06240383021995606], [0.05487303528666174, 0.06965852532564432, 0.07698358567865937, 0.07813358902780862, 0.05921664324084285, 0.07647872981170464, 0.06941723362878871, 0.07397986080658195, 1.0, 0.8690540249100176, 0.06624720762315986, 0.06520741031123373, 0.06035614502030703, 0.051627461577395055, 0.08701192772279422, 0.07742709303642281, 0.060197333745014486, 0.05948124022297555, 0.061789845804159325, 0.06621397893269489], [0.050809261577134356, 0.06979598393484797, 0.06366309089094897, 0.07298371228617216, 0.08205036441392895, 0.07014912155368232, 0.054999571842909635, 0.07947978987105418, 0.8690540249100176, 1.0, 0.0559929977341418, 0.0817299219974099, 0.07139600162037434, 0.06903972637639838, 0.06556378827927271, 0.08254573049906865, 0.06277352173955275, 0.06615320858800078, 0.05518144136955774, 0.057520308606127814], [0.05968089356395271, 0.07609927519616701, 0.061210488185702565, 0.07433605218516956, 0.05683241374342842, 0.063912524195133, 0.05701525300961952, 0.07282593119489278, 0.06624720762315986, 0.0559929977341418, 1.0, 0.9621414102899573, 0.07226683035800072, 0.06256064945575379, 0.08102492397767587, 0.06318680160619564, 0.06136691584645448, 0.06720430375980582, 0.064601315212803, 0.07687853318952245], [0.06594106952190505, 0.07363567159735161, 0.08043371398702699, 0.07917782243824037, 0.06607068611811064, 0.0638601845400159, 0.07063393350872813, 0.08902139099313902, 0.06520741031123373, 0.0817299219974099, 0.9621414102899573, 1.0, 0.07872851241134163, 0.07469462455027738, 0.09071294000262971, 0.07809887550579407, 0.08157074017123508, 0.07352029098787877, 0.0764970996745922, 0.0847769119700192], [0.06124540932133201, 0.05420451287664842, 0.07263583070822123, 0.08476585851604138, 0.06070376379621379, 0.0592103517599054, 0.06802197027191687, 0.07269244089655612, 0.06035614502030703, 0.07139600162037434, 0.07226683035800072, 0.07872851241134163, 1.0, 0.87796494843046, 0.07790946356047826, 0.058640134396544905, 0.0717522271632277, 0.06318530889058474, 0.06580927955279417, 0.059218861290095653], [0.06677304823334164, 0.07130967903292548, 0.05946309636984599, 0.06445040376695825, 0.057516545280855286, 0.06455496481627257, 0.06610086630486324, 0.07135841304399655, 0.051627461577395055, 0.06903972637639838, 0.06256064945575379, 0.07469462455027738, 0.87796494843046, 1.0, 0.06919320802623513, 0.06408592098387703, 0.06006734134188574, 0.06353588418948843, 0.06719220172567175, 0.05536609134183318], [0.07531417774139008, 0.08784397739078273, 0.0671840390941798, 0.06825583255498376, 0.07275323489343419, 0.0752557647310322, 0.07787126002731712, 0.07278974598143087, 0.08701192772279422, 0.06556378827927271, 0.08102492397767587, 0.09071294000262971, 0.07790946356047826, 0.06919320802623513, 1.0, 1.0, 0.05980564569432069, 0.0600726000107896, 0.07309196044816621, 0.06326841478101294], [0.06417718687777674, 0.06864363376344428, 0.06027486297606538, 0.06444095077742942, 0.06534384399246511, 0.05554247356179899, 0.06047451106100165, 0.0797191289487216, 0.07742709303642281, 0.08254573049906865, 0.06318680160619564, 0.07809887550579407, 0.058640134396544905, 0.06408592098387703, 1.0, 1.0, 0.05395570635533973, 0.06455921958136769, 0.0626623433347662, 0.07068666211087059], [0.0583941175189351, 0.07807636125466993, 0.04636884917597263, 0.05441531296632909, 0.07111266685249223, 0.06054931240683405, 0.07590288060053757, 0.06033014338605675, 0.060197333745014486, 0.06277352173955275, 0.06136691584645448, 0.08157074017123508, 0.0717522271632277, 0.06006734134188574, 0.05980564569432069, 0.05395570635533973, 1.0, 0.8364952904401993, 0.06941518114482373, 0.05887983876905373], [0.057291936257763645, 0.08316550969993936, 0.05573919928800409, 0.06382771534745857, 0.0724126644683521, 0.06267571207475318, 0.07952671317604092, 0.0517241044011185, 0.05948124022297555, 0.06615320858800078, 0.06720430375980582, 0.07352029098787877, 0.06318530889058474, 0.06353588418948843, 0.0600726000107896, 0.06455921958136769, 0.8364952904401993, 1.0, 0.0675777060442662, 0.06322431134196016], [0.049237584464051395, 0.05690901791128383, 0.0698757207030699, 0.06560593121507598, 0.06658690028941443, 0.0642551549882414, 0.07052036360533961, 0.06218674784740948, 0.061789845804159325, 0.05518144136955774, 0.064601315212803, 0.0764970996745922, 0.06580927955279417, 0.06719220172567175, 0.07309196044816621, 0.0626623433347662, 0.06941518114482373, 0.0675777060442662, 1.0, 0.8538615859056362], [0.05759027439434746, 0.06596039335621295, 0.04692699735545457, 0.054170518118224674, 0.06148241997288808, 0.060612758076337814, 0.06112964502087468, 0.06240383021995606, 0.06621397893269489, 0.057520308606127814, 0.07687853318952245, 0.0847769119700192, 0.059218861290095653, 0.05536609134183318, 0.06326841478101294, 0.07068666211087059, 0.05887983876905373, 0.06322431134196016, 0.8538615859056362, 1.0]], "meta_info": {"source": "pretrained"}}