{"model": "LSING", "dataset": "0.7_dim20_pair_gau", "N": 5000, "seed": 120, "metrics": {"TP": 10, "FP": 0, "FN": 0, "TN": 180, "TPR": 1.0, "FDR": 0.0, "FPR": 0.0, "Hamming": 0}, "omega": [[1.0, 0.7890219876526504, 0.053901094699078035, 0.06424724208854296, 0.05220698891250258, 0.05054050472759745, 0.051337177744323566, 0.06983754708288759, 0.05601132472702936, 0.05432327036013741, 0.06955298324867297, 0.05911049187215795, 0.05773708888843853, 0.060755490649806086, 0.0667762069208733, 0.06238950611319553, 0.06333990314217836, 0.07408085891522176, 0.055512467829486066, 0.054075401517056754], [0.7890219876526504, 1.0, 0.053245865825658795, 0.06255736007821137, 0.05510996489249048, 0.04954892338686256, 0.05858696303486671, 0.06024002538534403, 0.060531236555725204, 0.048414092699750805, 0.05168761154359743, 0.05526666848716243, 0.05662865680285092, 0.056407349877318, 0.06315516404568468, 0.07026251781665616, 0.05128561725498069, 0.06482725333625464, 0.06415956008417951, 0.05638437592554058], [0.053901094699078035, 0.053245865825658795, 1.0, 0.8342941667964551, 0.0652833339024876, 0.06603050346375583, 0.05160852420081167, 0.06042316872221783, 0.05620369604257997, 0.05862637331072887, 0.061736523770116146, 0.05430354278183668, 0.06284124322121314, 0.05579303977127658, 0.06623054190560507, 0.07268614256707935, 0.06944271625893944, 0.07996581344325351, 0.05768881217318843, 0.05680604293822113], [0.06424724208854296, 0.06255736007821137, 0.8342941667964551, 1.0, 0.06730858474393164, 0.0631399419949357, 0.05616294931803617, 0.0580643118653664, 0.0502357595209402, 0.060536011367712805, 0.07112901030350072, 0.06138326497764022, 0.06763552098280282, 0.06409482211110061, 0.0768173747264868, 0.0680222583134289, 0.06015615325707305, 0.07285858932775115, 0.054303438060111626, 0.07203794002273638], [0.05220698891250258, 0.05510996489249048, 0.0652833339024876, 0.06730858474393164, 1.0, 0.8059093132999543, 0.05475694297058313, 0.06241955127478853, 0.06645823685636632, 0.05029147646541798, 0.0726671904282189, 0.07140620621634543, 0.05622429630192283, 0.059787587639118324, 0.0781814275561835, 0.0686881737895525, 0.07895300475951264, 0.08297572526476843, 0.07588133953408287, 0.06613703537862908], [0.05054050472759745, 0.04954892338686256, 0.06603050346375583, 0.0631399419949357, 0.8059093132999543, 1.0, 0.061590003116518535, 0.0606735109927093, 0.06900987144879654, 0.0640111843600238, 0.08077797779516446, 0.06763454358003565, 0.051982797152781854, 0.0514116448643349, 0.06586301353140327, 0.05672389622503913, 0.06493870966557985, 0.06521241734763049, 0.06083373024529379, 0.071299188093463], [0.051337177744323566, 0.05858696303486671, 0.05160852420081167, 0.05616294931803617, 0.05475694297058313, 0.061590003116518535, 1.0, 0.8469317851060734, 0.07049279839667648, 0.06425997325826029, 0.06151796703655311, 0.06401433349189865, 0.06913865174349504, 0.06991681394863059, 0.07982204298162579, 0.07197711166072619, 0.06503231592753209, 0.06550000315162526, 0.06465013897869469, 0.05647315501464269], [0.06983754708288759, 0.06024002538534403, 0.06042316872221783, 0.0580643118653664, 0.06241955127478853, 0.0606735109927093, 0.8469317851060734, 1.0, 0.06864055781852, 0.05733400000845753, 0.059633005906065926, 0.05562391169193925, 0.0625705450420706, 0.06578714264160132, 0.06082626508232205, 0.06957954516622071, 0.06470405321347689, 0.06912405054297317, 0.06304813594930463, 0.055979511762982465], [0.05601132472702936, 0.060531236555725204, 0.05620369604257997, 0.0502357595209402, 0.06645823685636632, 0.06900987144879654, 0.07049279839667648, 0.06864055781852, 1.0, 0.735897274889382, 0.05700393957145556, 0.0560564473236558, 0.04673780207330664, 0.053589490219429714, 0.08719046551978359, 0.07913811786216722, 0.06327464654722299, 0.0671036468213745, 0.06302806927208468, 0.06100553620874323], [0.05432327036013741, 0.048414092699750805, 0.05862637331072887, 0.060536011367712805, 0.05029147646541798, 0.0640111843600238, 0.06425997325826029, 0.05733400000845753, 0.735897274889382, 1.0, 0.05640964378177157, 0.05315268094398118, 0.05696160955416391, 0.0481156632104641, 0.08071648868893666, 0.06450770745912301, 0.060801937228242134, 0.07761458631208462, 0.06882811692146693, 0.0621504588287635], [0.06955298324867297, 0.05168761154359743, 0.061736523770116146, 0.07112901030350072, 0.0726671904282189, 0.08077797779516446, 0.06151796703655311, 0.059633005906065926, 0.05700393957145556, 0.05640964378177157, 1.0, 0.8290349420292445, 0.06324067681431486, 0.05800540090827446, 0.07254963031834766, 0.05284199153273988, 0.06905164045684684, 0.08183945216056278, 0.06566098537677799, 0.057156643793580195], [0.05911049187215795, 0.05526666848716243, 0.05430354278183668, 0.06138326497764022, 0.07140620621634543, 0.06763454358003565, 0.06401433349189865, 0.05562391169193925, 0.0560564473236558, 0.05315268094398118, 0.8290349420292445, 1.0, 0.06232846332098641, 0.059086897070153424, 0.06887788966136066, 0.05294230497184442, 0.0683601579195635, 0.07591868529593682, 0.058167477724791465, 0.048149899734433683], [0.05773708888843853, 0.05662865680285092, 0.06284124322121314, 0.06763552098280282, 0.05622429630192283, 0.051982797152781854, 0.06913865174349504, 0.0625705450420706, 0.04673780207330664, 0.05696160955416391, 0.06324067681431486, 0.06232846332098641, 1.0, 0.7933628527586216, 0.06216593769707631, 0.06230927431155738, 0.05636344404740172, 0.06513024071395562, 0.06779533880210793, 0.057779022459199615], [0.060755490649806086, 0.056407349877318, 0.05579303977127658, 0.06409482211110061, 0.059787587639118324, 0.0514116448643349, 0.06991681394863059, 0.06578714264160132, 0.053589490219429714, 0.0481156632104641, 0.05800540090827446, 0.059086897070153424, 0.7933628527586216, 1.0, 0.06343916936403235, 0.06976471810986103, 0.0673636758514335, 0.0681989463039654, 0.06254097860836356, 0.06094515416075172], [0.0667762069208733, 0.06315516404568468, 0.06623054190560507, 0.0768173747264868, 0.0781814275561835, 0.06586301353140327, 0.07982204298162579, 0.06082626508232205, 0.08719046551978359, 0.08071648868893666, 0.07254963031834766, 0.06887788966136066, 0.06216593769707631, 0.06343916936403235, 1.0, 0.9095110145712002, 0.06614426367103224, 0.08112791790630593, 0.0824182042541994, 0.07012390115992576], [0.06238950611319553, 0.07026251781665616, 0.07268614256707935, 0.0680222583134289, 0.0686881737895525, 0.05672389622503913, 0.07197711166072619, 0.06957954516622071, 0.07913811786216722, 0.06450770745912301, 0.05284199153273988, 0.05294230497184442, 0.06230927431155738, 0.06976471810986103, 0.9095110145712002, 1.0, 0.06628877217148416, 0.07756865087540181, 0.08047368887602352, 0.06989096513616298], [0.06333990314217836, 0.05128561725498069, 0.06944271625893944, 0.06015615325707305, 0.07895300475951264, 0.06493870966557985, 0.06503231592753209, 0.06470405321347689, 0.06327464654722299, 0.060801937228242134, 0.06905164045684684, 0.0683601579195635, 0.05636344404740172, 0.0673636758514335, 0.06614426367103224, 0.06628877217148416, 1.0, 1.0, 0.07277305162537692, 0.0575205916821349], [0.07408085891522176, 0.06482725333625464, 0.07996581344325351, 0.07285858932775115, 0.08297572526476843, 0.06521241734763049, 0.06550000315162526, 0.06912405054297317, 0.0671036468213745, 0.07761458631208462, 0.08183945216056278, 0.07591868529593682, 0.06513024071395562, 0.0681989463039654, 0.08112791790630593, 0.07756865087540181, 1.0, 1.0, 0.07814877931171058, 0.08326623081019269], [0.055512467829486066, 0.06415956008417951, 0.05768881217318843, 0.054303438060111626, 0.07588133953408287, 0.06083373024529379, 0.06465013897869469, 0.06304813594930463, 0.06302806927208468, 0.06882811692146693, 0.06566098537677799, 0.058167477724791465, 0.06779533880210793, 0.06254097860836356, 0.0824182042541994, 0.08047368887602352, 0.07277305162537692, 0.07814877931171058, 1.0, 0.8436027911750663], [0.054075401517056754, 0.05638437592554058, 0.05680604293822113, 0.07203794002273638, 0.06613703537862908, 0.071299188093463, 0.05647315501464269, 0.055979511762982465, 0.06100553620874323, 0.0621504588287635, 0.057156643793580195, 0.048149899734433683, 0.057779022459199615, 0.06094515416075172, 0.07012390115992576, 0.06989096513616298, 0.0575205916821349, 0.08326623081019269, 0.8436027911750663, 1.0]], "meta_info": {"source": "pretrained"}}