{"model": "LSING", "dataset": "0.1_dim20_pair_gau", "N": 10000, "seed": 1230, "metrics": {"TP": 10, "FP": 30, "FN": 0, "TN": 150, "TPR": 1.0, "FDR": 0.75, "FPR": 0.16666666666666666, "Hamming": 30}, "omega": [[1.0, 0.32439007342706977, 0.09546100026287804, 0.17207688393396808, 0.10485472915897297, 0.1222181273611591, 0.19455913378302486, 0.21119834881997568, 0.1944708459165673, 0.13897035576978733, 0.12133558370838586, 0.13734780781513573, 0.1360183543324723, 0.16428334095471567, 0.2555405722661803, 0.12904121060257118, 0.10498838456883998, 0.12100140534999794, 0.19644547901899523, 0.17034873372238934], [0.32439007342706977, 1.0, 0.07045709410697244, 0.12693733648359912, 0.05989686841426036, 0.07346820061434954, 0.09214223035561879, 0.09629144345211588, 0.10399927447883031, 0.1296681014377824, 0.08935851106635499, 0.09269454838072128, 0.13548964442566344, 0.11584884211913497, 0.1694845135810026, 0.12362547517338658, 0.09503855446558149, 0.08111265721327639, 0.13393713436525903, 0.17693955164700464], [0.09546100026287804, 0.07045709410697244, 1.0, 0.4095867859840344, 0.06620662573595965, 0.07763394368343744, 0.0707412780821192, 0.09074200767245665, 0.19380337984092463, 0.09693158359556042, 0.06857640934480941, 0.13818995803266296, 0.1667766458664103, 0.19750957864111174, 0.16845008293094602, 0.07784070111989053, 0.07232423948970741, 0.07092361846934121, 0.13604292050281055, 0.1369188211166731], [0.17207688393396808, 0.12693733648359912, 0.4095867859840344, 1.0, 0.1275554741140956, 0.13077572195288545, 0.19968631374159254, 0.1589703887807064, 0.19995596964394324, 0.1728843032328116, 0.12139592260240306, 0.16092562388267437, 0.1674367743664788, 0.15347466724094772, 0.16942656471020973, 0.18221082753569534, 0.12777075188120565, 0.25501134349962873, 0.3067067695949302, 0.23177618322328222], [0.10485472915897297, 0.05989686841426036, 0.06620662573595965, 0.1275554741140956, 1.0, 0.42151774106476947, 0.08529902393575983, 0.09522182634903452, 0.22926684677119058, 0.13600084792304284, 0.1146391512703141, 0.13834414721471025, 0.16181583603731436, 0.13887873617009996, 0.2618962282475611, 0.08380922032229313, 0.10988507640736742, 0.07825422620657116, 0.14654596948607915, 0.11010767949352229], [0.1222181273611591, 0.07346820061434954, 0.07763394368343744, 0.13077572195288545, 0.42151774106476947, 1.0, 0.13209607700525727, 0.12022238442967118, 0.12625265815523154, 0.1347020194217291, 0.12045560984126749, 0.2490250625434351, 0.26688295246522437, 0.1515683888027355, 0.14799920982972348, 0.09407825539057686, 0.1403040132420197, 0.10224612911838588, 0.15387968016799095, 0.17930309668241243], [0.19455913378302486, 0.09214223035561879, 0.0707412780821192, 0.19968631374159254, 0.08529902393575983, 0.13209607700525727, 1.0, 0.5479586063992745, 0.11451024118006257, 0.13725699510363093, 0.0899465017201467, 0.09406070404053976, 0.14366135444716074, 0.19824144869300783, 0.11787561858295106, 0.21764549979299538, 0.09556181430233694, 0.12019280942433631, 0.15151716468104898, 0.21053161405058457], [0.21119834881997568, 0.09629144345211588, 0.09074200767245665, 0.1589703887807064, 0.09522182634903452, 0.12022238442967118, 0.5479586063992745, 1.0, 0.16860346522481073, 0.13850562086070448, 0.07482079646719106, 0.1347887016828411, 0.17904289056419484, 0.15820145089852944, 0.31740399060175867, 0.14279623957913104, 0.10770289123683317, 0.08739211230889905, 0.19606816584829548, 0.20620906298767708], [0.1944708459165673, 0.10399927447883031, 0.19380337984092463, 0.19995596964394324, 0.22926684677119058, 0.12625265815523154, 0.11451024118006257, 0.16860346522481073, 1.0, 1.0, 0.13519921370605514, 0.2263865215175466, 0.15683946041593694, 0.23999050919734866, 0.26906424699462544, 0.16251536110824127, 0.1359185044733227, 0.12684577203829384, 0.19727211655586818, 0.18973786454064145], [0.13897035576978733, 0.1296681014377824, 0.09693158359556042, 0.1728843032328116, 0.13600084792304284, 0.1347020194217291, 0.13725699510363093, 0.13850562086070448, 1.0, 1.0, 0.13590431141232903, 0.23088427558208138, 0.18564990344959856, 0.199738489787059, 0.18978900695213224, 0.12994049667444407, 0.1277328301793797, 0.13524691203279704, 0.23315611317934143, 0.19928365815369536], [0.12133558370838586, 0.08935851106635499, 0.06857640934480941, 0.12139592260240306, 0.1146391512703141, 0.12045560984126749, 0.0899465017201467, 0.07482079646719106, 0.13519921370605514, 0.13590431141232903, 1.0, 0.45125614227797634, 0.18189059710771402, 0.09362650627434617, 0.14914316074059114, 0.128789097879238, 0.0840879991679941, 0.0788963498650164, 0.1490128758762969, 0.1569843366784289], [0.13734780781513573, 0.09269454838072128, 0.13818995803266296, 0.16092562388267437, 0.13834414721471025, 0.2490250625434351, 0.09406070404053976, 0.1347887016828411, 0.2263865215175466, 0.23088427558208138, 0.45125614227797634, 1.0, 0.15059317353150517, 0.2353920473166094, 0.2009014628314864, 0.15914662541630936, 0.20378236822751988, 0.11813047676885986, 0.16228654804721293, 0.21056579342544732], [0.1360183543324723, 0.13548964442566344, 0.1667766458664103, 0.1674367743664788, 0.16181583603731436, 0.26688295246522437, 0.14366135444716074, 0.17904289056419484, 0.15683946041593694, 0.18564990344959856, 0.18189059710771402, 0.15059317353150517, 1.0, 0.8211955397868678, 0.15414813901597457, 0.23610944649284643, 0.17783268085563125, 0.10531132368980888, 0.18536888983004507, 0.29434150848199225], [0.16428334095471567, 0.11584884211913497, 0.19750957864111174, 0.15347466724094772, 0.13887873617009996, 0.1515683888027355, 0.19824144869300783, 0.15820145089852944, 0.23999050919734866, 0.199738489787059, 0.09362650627434617, 0.2353920473166094, 0.8211955397868678, 1.0, 0.34720976187132296, 0.14426185084640486, 0.2255346559577502, 0.16498212654837144, 0.23637388519920144, 0.2502549439816143], [0.2555405722661803, 0.1694845135810026, 0.16845008293094602, 0.16942656471020973, 0.2618962282475611, 0.14799920982972348, 0.11787561858295106, 0.31740399060175867, 0.26906424699462544, 0.18978900695213224, 0.14914316074059114, 0.2009014628314864, 0.15414813901597457, 0.34720976187132296, 1.0, 0.8216435404478706, 0.14910176635544778, 0.13308436590780012, 0.23596294828296974, 0.2136327284240388], [0.12904121060257118, 0.12362547517338658, 0.07784070111989053, 0.18221082753569534, 0.08380922032229313, 0.09407825539057686, 0.21764549979299538, 0.14279623957913104, 0.16251536110824127, 0.12994049667444407, 0.128789097879238, 0.15914662541630936, 0.23610944649284643, 0.14426185084640486, 0.8216435404478706, 1.0, 0.11427824550691158, 0.15691719949612917, 0.16215119919353999, 0.16594344700082236], [0.10498838456883998, 0.09503855446558149, 0.07232423948970741, 0.12777075188120565, 0.10988507640736742, 0.1403040132420197, 0.09556181430233694, 0.10770289123683317, 0.1359185044733227, 0.1277328301793797, 0.0840879991679941, 0.20378236822751988, 0.17783268085563125, 0.2255346559577502, 0.14910176635544778, 0.11427824550691158, 1.0, 0.41990045933223097, 0.13264651365310368, 0.13271003515924354], [0.12100140534999794, 0.08111265721327639, 0.07092361846934121, 0.25501134349962873, 0.07825422620657116, 0.10224612911838588, 0.12019280942433631, 0.08739211230889905, 0.12684577203829384, 0.13524691203279704, 0.0788963498650164, 0.11813047676885986, 0.10531132368980888, 0.16498212654837144, 0.13308436590780012, 0.15691719949612917, 0.41990045933223097, 1.0, 0.1247666315955612, 0.12509883665272287], [0.19644547901899523, 0.13393713436525903, 0.13604292050281055, 0.3067067695949302, 0.14654596948607915, 0.15387968016799095, 0.15151716468104898, 0.19606816584829548, 0.19727211655586818, 0.23315611317934143, 0.1490128758762969, 0.16228654804721293, 0.18536888983004507, 0.23637388519920144, 0.23596294828296974, 0.16215119919353999, 0.13264651365310368, 0.1247666315955612, 1.0, 0.9719794821122818], [0.17034873372238934, 0.17693955164700464, 0.1369188211166731, 0.23177618322328222, 0.11010767949352229, 0.17930309668241243, 0.21053161405058457, 0.20620906298767708, 0.18973786454064145, 0.19928365815369536, 0.1569843366784289, 0.21056579342544732, 0.29434150848199225, 0.2502549439816143, 0.2136327284240388, 0.16594344700082236, 0.13271003515924354, 0.12509883665272287, 0.9719794821122818, 1.0]], "meta_info": {"source": "pretrained"}}