{"model": "LSING", "dataset": "dim20_cop_gau", "N": 50000, "seed": 120, "metrics": {"TP": 19, "FP": 0, "FN": 0, "TN": 171, "TPR": 1.0, "FDR": 0.0, "FPR": 0.0, "Hamming": 0}, "omega": [[1.0, 0.7453113451486632, 0.0337388383680657, 0.04459434530902574, 0.0404066933226626, 0.02663674309604842, 0.025177534452016235, 0.028793807351472342, 0.03575727542206276, 0.030356988648624867, 0.02961653464173726, 0.03331903819645643, 0.03521993486111827, 0.03297936111999797, 0.03188973885774817, 0.03417832076538729, 0.024628628054240168, 0.027443789880552034, 0.03144216155263996, 0.02623157154952761], [0.7453113451486632, 1.0, 0.7269937981004659, 0.07994530098544061, 0.04136281127796135, 0.032986330695628674, 0.03438784597145279, 0.03396133122558805, 0.04158032883691256, 0.04033566296676671, 0.032635382281209484, 0.03405656592397553, 0.03710625209932654, 0.032642498759806356, 0.03791880150861474, 0.04359632397556634, 0.03039135909213834, 0.030820908908719174, 0.033492979623660546, 0.030925570342728057], [0.0337388383680657, 0.7269937981004659, 1.0, 1.0, 0.054633082845112875, 0.036988611926844495, 0.03250482712059809, 0.03427440777815395, 0.03512629669308008, 0.03303387736509341, 0.035521098414654236, 0.03844198672147969, 0.03708806523493964, 0.038088251308334445, 0.043702098268837794, 0.045714287789141626, 0.03558454802314508, 0.035423467534865784, 0.0349502307163747, 0.034648852351897644], [0.04459434530902574, 0.07994530098544061, 1.0, 1.0, 0.9918098436562177, 0.05048500319173026, 0.04303369115865441, 0.03655271756517769, 0.04381641372230253, 0.052082854281836746, 0.050756061338341235, 0.043765599154779095, 0.03629545028098491, 0.04324411718479546, 0.05828768078821413, 0.05720472459452342, 0.044016453985910975, 0.03679112029111135, 0.04244703277738894, 0.03993328881304976], [0.0404066933226626, 0.04136281127796135, 0.054633082845112875, 0.9918098436562177, 1.0, 0.6701224157384543, 0.041514241904415904, 0.040931908845390136, 0.045586074760726666, 0.04028447837007378, 0.03631974609136109, 0.03369562117847178, 0.034515941200319415, 0.034342271405015, 0.03951543302692664, 0.04055149529923813, 0.04628727726516835, 0.03545853160983743, 0.03440419100525445, 0.035778243741667555], [0.02663674309604842, 0.032986330695628674, 0.036988611926844495, 0.05048500319173026, 0.6701224157384543, 1.0, 0.6113208503581861, 0.03190520247375282, 0.03756831736300373, 0.030149093926896117, 0.03857801886815045, 0.028996823093084195, 0.026682030093000554, 0.033437825875127024, 0.042556709700403095, 0.03750286793394515, 0.028279393354389202, 0.03453913523844935, 0.03332382224399614, 0.02914278227698755], [0.025177534452016235, 0.03438784597145279, 0.03250482712059809, 0.04303369115865441, 0.041514241904415904, 0.6113208503581861, 1.0, 0.7369588748860365, 0.04411098050113137, 0.0332774175372118, 0.032546302262753596, 0.031151615203102164, 0.025739234573680717, 0.03174702401199384, 0.03145867982107152, 0.037536406158296516, 0.030496006667376827, 0.030144577353624996, 0.030722576775148835, 0.030641193917769285], [0.028793807351472342, 0.03396133122558805, 0.03427440777815395, 0.03655271756517769, 0.040931908845390136, 0.03190520247375282, 0.7369588748860365, 1.0, 0.9736737023689583, 0.046511287658048746, 0.03620756350265986, 0.035742313493546334, 0.029741321782111037, 0.030621903895259095, 0.03130833433633874, 0.03720307778455515, 0.03178104452155489, 0.030701083208146136, 0.03647950999645304, 0.02913195580555644], [0.03575727542206276, 0.04158032883691256, 0.03512629669308008, 0.04381641372230253, 0.045586074760726666, 0.03756831736300373, 0.04411098050113137, 0.9736737023689583, 1.0, 0.772114584047522, 0.04818817254395315, 0.04981361644591235, 0.03945319883259927, 0.039853675720649406, 0.04270801282617004, 0.04665790374766873, 0.036464255647881326, 0.0338763381585211, 0.04061805204405111, 0.038154357643109656], [0.030356988648624867, 0.04033566296676671, 0.03303387736509341, 0.052082854281836746, 0.04028447837007378, 0.030149093926896117, 0.0332774175372118, 0.046511287658048746, 0.772114584047522, 1.0, 0.6648559721189036, 0.0512467865391914, 0.03790048298590911, 0.039037776646557186, 0.037626215148075084, 0.03789407746223341, 0.03147938482403885, 0.033693886060418565, 0.031550738089284894, 0.031136187619900536], [0.02961653464173726, 0.032635382281209484, 0.035521098414654236, 0.050756061338341235, 0.03631974609136109, 0.03857801886815045, 0.032546302262753596, 0.03620756350265986, 0.04818817254395315, 0.6648559721189036, 1.0, 0.7409858566037241, 0.03730259900062522, 0.035236379678066754, 0.03992329802547335, 0.04576922949848813, 0.035712576729913806, 0.03245503255857559, 0.036001716414256694, 0.03500914850694699], [0.03331903819645643, 0.03405656592397553, 0.03844198672147969, 0.043765599154779095, 0.03369562117847178, 0.028996823093084195, 0.031151615203102164, 0.035742313493546334, 0.04981361644591235, 0.0512467865391914, 0.7409858566037241, 1.0, 0.6586426307839967, 0.04353164786589571, 0.03401297316170396, 0.04385828383941424, 0.030935070529832544, 0.031581056921273935, 0.03433104718687361, 0.039336768530772545], [0.03521993486111827, 0.03710625209932654, 0.03708806523493964, 0.03629545028098491, 0.034515941200319415, 0.026682030093000554, 0.025739234573680717, 0.029741321782111037, 0.03945319883259927, 0.03790048298590911, 0.03730259900062522, 0.6586426307839967, 1.0, 0.6904628997833951, 0.037679418967614293, 0.03953232548215882, 0.031473051365969194, 0.030182122148497012, 0.031006508333577987, 0.03193715664064825], [0.03297936111999797, 0.032642498759806356, 0.038088251308334445, 0.04324411718479546, 0.034342271405015, 0.033437825875127024, 0.03174702401199384, 0.030621903895259095, 0.039853675720649406, 0.039037776646557186, 0.035236379678066754, 0.04353164786589571, 0.6904628997833951, 1.0, 0.777668558348173, 0.04713033675747702, 0.03437310578326267, 0.030317343557099776, 0.03372599960317351, 0.03274689410542369], [0.03188973885774817, 0.03791880150861474, 0.043702098268837794, 0.05828768078821413, 0.03951543302692664, 0.042556709700403095, 0.03145867982107152, 0.03130833433633874, 0.04270801282617004, 0.037626215148075084, 0.03992329802547335, 0.03401297316170396, 0.037679418967614293, 0.777668558348173, 1.0, 0.7224922477364526, 0.04989917772256542, 0.04068441476607859, 0.034588583331212015, 0.03886652104905526], [0.03417832076538729, 0.04359632397556634, 0.045714287789141626, 0.05720472459452342, 0.04055149529923813, 0.03750286793394515, 0.037536406158296516, 0.03720307778455515, 0.04665790374766873, 0.03789407746223341, 0.04576922949848813, 0.04385828383941424, 0.03953232548215882, 0.04713033675747702, 0.7224922477364526, 1.0, 0.690701204112059, 0.05186128026079146, 0.03693044666750455, 0.04268445014474765], [0.024628628054240168, 0.03039135909213834, 0.03558454802314508, 0.044016453985910975, 0.04628727726516835, 0.028279393354389202, 0.030496006667376827, 0.03178104452155489, 0.036464255647881326, 0.03147938482403885, 0.035712576729913806, 0.030935070529832544, 0.031473051365969194, 0.03437310578326267, 0.04989917772256542, 0.690701204112059, 1.0, 0.5907307532279404, 0.0340029241672919, 0.03208121855888479], [0.027443789880552034, 0.030820908908719174, 0.035423467534865784, 0.03679112029111135, 0.03545853160983743, 0.03453913523844935, 0.030144577353624996, 0.030701083208146136, 0.0338763381585211, 0.033693886060418565, 0.03245503255857559, 0.031581056921273935, 0.030182122148497012, 0.030317343557099776, 0.04068441476607859, 0.05186128026079146, 0.5907307532279404, 1.0, 0.6223591946710655, 0.038475810436501154], [0.03144216155263996, 0.033492979623660546, 0.0349502307163747, 0.04244703277738894, 0.03440419100525445, 0.03332382224399614, 0.030722576775148835, 0.03647950999645304, 0.04061805204405111, 0.031550738089284894, 0.036001716414256694, 0.03433104718687361, 0.031006508333577987, 0.03372599960317351, 0.034588583331212015, 0.03693044666750455, 0.0340029241672919, 0.6223591946710655, 1.0, 0.8878509273490882], [0.02623157154952761, 0.030925570342728057, 0.034648852351897644, 0.03993328881304976, 0.035778243741667555, 0.02914278227698755, 0.030641193917769285, 0.02913195580555644, 0.038154357643109656, 0.031136187619900536, 0.03500914850694699, 0.039336768530772545, 0.03193715664064825, 0.03274689410542369, 0.03886652104905526, 0.04268445014474765, 0.03208121855888479, 0.038475810436501154, 0.8878509273490882, 1.0]], "meta_info": {"source": "pretrained"}}