{"model": "LSING", "dataset": "dim20_cop_gau", "N": 50000, "seed": 12340, "metrics": {"TP": 19, "FP": 0, "FN": 0, "TN": 171, "TPR": 1.0, "FDR": 0.0, "FPR": 0.0, "Hamming": 0}, "omega": [[1.0, 0.986284746938343, 0.06576123034844936, 0.03401930040227823, 0.027558513621521407, 0.0336695194690441, 0.041559868901226094, 0.02653616196842328, 0.02745367621689448, 0.03138061030887323, 0.032428793905581545, 0.02915289132295955, 0.03348600862046829, 0.027843177310552355, 0.03197907773941836, 0.02799398669985588, 0.03310591319579198, 0.029260356931527055, 0.026508746754130043, 0.022379875818557292], [0.986284746938343, 1.0, 1.0, 0.060077247967075365, 0.03930512131362783, 0.05315809607076248, 0.05935219125271972, 0.03740281460479776, 0.03195554706133585, 0.032541253736468025, 0.038865740210303444, 0.03421895502530064, 0.05626206840777585, 0.0469413615146678, 0.03997645474617777, 0.03477219195479298, 0.04984442860987544, 0.04438644383478916, 0.03592705269888663, 0.03586782415510684], [0.06576123034844936, 1.0, 1.0, 0.8782496078465788, 0.04684255247347561, 0.0403596887796179, 0.03354286543238287, 0.0342481509429884, 0.02950772805720402, 0.033262990914976975, 0.029634901386334664, 0.03966010913785729, 0.03856348406049921, 0.032366933348869954, 0.036365696127578416, 0.03192988461783487, 0.029970728715072666, 0.03649169247842262, 0.03180947478744407, 0.028547012230335612], [0.03401930040227823, 0.060077247967075365, 0.8782496078465788, 1.0, 0.7644174075814811, 0.049306911387140745, 0.04036277406250467, 0.031062131665470543, 0.03260888808903459, 0.02659408466304709, 0.036215451738638924, 0.03847799760092466, 0.041894920465419316, 0.02989143821454644, 0.03629625313901506, 0.03302621767253288, 0.03392483868972977, 0.03367147475120279, 0.03133327724466798, 0.02650979041772384], [0.027558513621521407, 0.03930512131362783, 0.04684255247347561, 0.7644174075814811, 1.0, 0.9247195851137067, 0.051241368521180185, 0.037421643718053225, 0.030619130750825098, 0.03205909194827605, 0.03603566481381082, 0.03919384671384209, 0.03458792057763728, 0.02997581244868527, 0.030583840447188163, 0.03368193170176058, 0.032075328408175646, 0.032797240165448764, 0.02761538947839207, 0.023508106635380527], [0.0336695194690441, 0.05315809607076248, 0.0403596887796179, 0.049306911387140745, 0.9247195851137067, 1.0, 0.9890351433172051, 0.05542458550862282, 0.03153888786029197, 0.03806304355828281, 0.03238884139669349, 0.052220537006005326, 0.05128208917663058, 0.036460895514759464, 0.036308938349435514, 0.04910247013182076, 0.040452945581277655, 0.035988840884765075, 0.0390233930871624, 0.03433853703493334], [0.041559868901226094, 0.05935219125271972, 0.03354286543238287, 0.04036277406250467, 0.051241368521180185, 0.9890351433172051, 1.0, 0.7982106557819308, 0.03581467603097508, 0.034488884266635725, 0.03548162799616265, 0.05697016749322792, 0.04400171921611895, 0.04206750331819, 0.036099295281775155, 0.036404720512272955, 0.03713859250197133, 0.04079576621789234, 0.03648100444906426, 0.033317602961400274], [0.02653616196842328, 0.03740281460479776, 0.0342481509429884, 0.031062131665470543, 0.037421643718053225, 0.05542458550862282, 0.7982106557819308, 1.0, 0.5886822133639645, 0.034513803956849144, 0.02940365499014822, 0.031193618042323967, 0.03988718722798724, 0.028431152239954988, 0.03246819157141548, 0.0357357029463837, 0.03413474203845671, 0.032054103439443905, 0.02611448442144938, 0.02218036911136052], [0.02745367621689448, 0.03195554706133585, 0.02950772805720402, 0.03260888808903459, 0.030619130750825098, 0.03153888786029197, 0.03581467603097508, 0.5886822133639645, 1.0, 0.6008995069885542, 0.029223303064956078, 0.030698313329933478, 0.03394289457776794, 0.029759744882503488, 0.027516810246336704, 0.02980690400277644, 0.03281439586189569, 0.02891872977882742, 0.024830126863581964, 0.023601418032581076], [0.03138061030887323, 0.032541253736468025, 0.033262990914976975, 0.02659408466304709, 0.03205909194827605, 0.03806304355828281, 0.034488884266635725, 0.034513803956849144, 0.6008995069885542, 1.0, 0.7186532008365073, 0.04125884686457657, 0.03864437179800962, 0.028045386497018463, 0.03213998349477768, 0.028625321915623145, 0.0274269409075337, 0.02877779329476156, 0.022376092855445714, 0.021848626925704072], [0.032428793905581545, 0.038865740210303444, 0.029634901386334664, 0.036215451738638924, 0.03603566481381082, 0.03238884139669349, 0.03548162799616265, 0.02940365499014822, 0.029223303064956078, 0.7186532008365073, 1.0, 0.822007607743868, 0.05863395263264472, 0.029955615907582455, 0.03345734723121483, 0.027243577339951672, 0.03791016461708404, 0.03183931950330267, 0.031016279029185446, 0.02106819001836279], [0.02915289132295955, 0.03421895502530064, 0.03966010913785729, 0.03847799760092466, 0.03919384671384209, 0.052220537006005326, 0.05697016749322792, 0.031193618042323967, 0.030698313329933478, 0.04125884686457657, 0.822007607743868, 1.0, 0.8133235546879317, 0.06662236454374014, 0.03730636586849713, 0.03448101108178763, 0.04348760443542909, 0.0282063506569098, 0.035839271956934954, 0.024640182628838568], [0.03348600862046829, 0.05626206840777585, 0.03856348406049921, 0.041894920465419316, 0.03458792057763728, 0.05128208917663058, 0.04400171921611895, 0.03988718722798724, 0.03394289457776794, 0.03864437179800962, 0.05863395263264472, 0.8133235546879317, 1.0, 0.5571455334489154, 0.0365424155448121, 0.03965872012572637, 0.044412266255921304, 0.03558296366819628, 0.030650181647236138, 0.029535449895290323], [0.027843177310552355, 0.0469413615146678, 0.032366933348869954, 0.02989143821454644, 0.02997581244868527, 0.036460895514759464, 0.04206750331819, 0.028431152239954988, 0.029759744882503488, 0.028045386497018463, 0.029955615907582455, 0.06662236454374014, 0.5571455334489154, 1.0, 0.5691437338986324, 0.03834949239453137, 0.03529922175504014, 0.030338325569898218, 0.024045167414000902, 0.027039685849030846], [0.03197907773941836, 0.03997645474617777, 0.036365696127578416, 0.03629625313901506, 0.030583840447188163, 0.036308938349435514, 0.036099295281775155, 0.03246819157141548, 0.027516810246336704, 0.03213998349477768, 0.03345734723121483, 0.03730636586849713, 0.0365424155448121, 0.5691437338986324, 1.0, 0.6142888322896495, 0.042196968390370286, 0.03204930538017267, 0.025951364372528523, 0.025366218253937298], [0.02799398669985588, 0.03477219195479298, 0.03192988461783487, 0.03302621767253288, 0.03368193170176058, 0.04910247013182076, 0.036404720512272955, 0.0357357029463837, 0.02980690400277644, 0.028625321915623145, 0.027243577339951672, 0.03448101108178763, 0.03965872012572637, 0.03834949239453137, 0.6142888322896495, 1.0, 0.6453931358362245, 0.03441185249790191, 0.03165538204771043, 0.028213639796437758], [0.03310591319579198, 0.04984442860987544, 0.029970728715072666, 0.03392483868972977, 0.032075328408175646, 0.040452945581277655, 0.03713859250197133, 0.03413474203845671, 0.03281439586189569, 0.0274269409075337, 0.03791016461708404, 0.04348760443542909, 0.044412266255921304, 0.03529922175504014, 0.042196968390370286, 0.6453931358362245, 1.0, 0.6877303677888787, 0.029829314837440786, 0.02974290025367272], [0.029260356931527055, 0.04438644383478916, 0.03649169247842262, 0.03367147475120279, 0.032797240165448764, 0.035988840884765075, 0.04079576621789234, 0.032054103439443905, 0.02891872977882742, 0.02877779329476156, 0.03183931950330267, 0.0282063506569098, 0.03558296366819628, 0.030338325569898218, 0.03204930538017267, 0.03441185249790191, 0.6877303677888787, 1.0, 0.6476610599941104, 0.028036411878876434], [0.026508746754130043, 0.03592705269888663, 0.03180947478744407, 0.03133327724466798, 0.02761538947839207, 0.0390233930871624, 0.03648100444906426, 0.02611448442144938, 0.024830126863581964, 0.022376092855445714, 0.031016279029185446, 0.035839271956934954, 0.030650181647236138, 0.024045167414000902, 0.025951364372528523, 0.03165538204771043, 0.029829314837440786, 0.6476610599941104, 1.0, 0.6365962960109888], [0.022379875818557292, 0.03586782415510684, 0.028547012230335612, 0.02650979041772384, 0.023508106635380527, 0.03433853703493334, 0.033317602961400274, 0.02218036911136052, 0.023601418032581076, 0.021848626925704072, 0.02106819001836279, 0.024640182628838568, 0.029535449895290323, 0.027039685849030846, 0.025366218253937298, 0.028213639796437758, 0.02974290025367272, 0.028036411878876434, 0.6365962960109888, 1.0]], "meta_info": {"source": "pretrained"}}