{"model": "LSING", "dataset": "dim20_cop_gau", "N": 50000, "seed": 1230, "metrics": {"TP": 19, "FP": 0, "FN": 0, "TN": 171, "TPR": 1.0, "FDR": 0.0, "FPR": 0.0, "Hamming": 0}, "omega": [[1.0, 0.8790340057463779, 0.035800518556627095, 0.03285065650698205, 0.038929422521897156, 0.035833577253622816, 0.041137553825364895, 0.03234161018202042, 0.035204486221664576, 0.03506741456230667, 0.039716809838490894, 0.03711436105139505, 0.036318885851518504, 0.03174217472209916, 0.04392805318079394, 0.03204991560638476, 0.035892042066572954, 0.047188664393040446, 0.04103573355644974, 0.03502451220904657], [0.8790340057463779, 1.0, 0.8430287041858145, 0.04408150450293468, 0.042271304177166784, 0.03970391744831198, 0.048073501155670814, 0.0333240533584102, 0.03873648977191845, 0.03669068898538394, 0.04256347936531445, 0.03671793664018907, 0.0424812784435223, 0.03635794654113046, 0.04540526994694038, 0.039977167507409525, 0.04397536033963543, 0.04956308762566156, 0.049207948961993486, 0.039995178339930076], [0.035800518556627095, 0.8430287041858145, 1.0, 0.7063610441454081, 0.05310889462617603, 0.032968226949565006, 0.03921112294644145, 0.027100246740314412, 0.03794551647106007, 0.029353888164931456, 0.03535672063939782, 0.037960324838391214, 0.0450378036532506, 0.035493593257210354, 0.04155605242942019, 0.03535677727723594, 0.03411381299130897, 0.04415971164802775, 0.04440237889276716, 0.035058994943114895], [0.03285065650698205, 0.04408150450293468, 0.7063610441454081, 1.0, 0.7494174264335975, 0.04239390891444618, 0.042332994110441585, 0.029997779473101106, 0.042476927039331126, 0.038272653387564116, 0.03607557617187247, 0.03321437175756468, 0.04517753243632806, 0.03575482638528384, 0.04667047024811127, 0.038126466272717596, 0.03698298877677546, 0.04831862971903231, 0.04958107580304687, 0.032582838825671714], [0.038929422521897156, 0.042271304177166784, 0.05310889462617603, 0.7494174264335975, 1.0, 0.7094552695715124, 0.06086591422273856, 0.03942630142100776, 0.06580602828551892, 0.043987856264947535, 0.04544503132752102, 0.03660038237984558, 0.05145649702674005, 0.033267789330026803, 0.04824367520407098, 0.03896795890695057, 0.0367429818922035, 0.04952673746115939, 0.05568962361146676, 0.041319531199228224], [0.035833577253622816, 0.03970391744831198, 0.032968226949565006, 0.04239390891444618, 0.7094552695715124, 1.0, 0.7673416516085534, 0.04519483125031232, 0.04792448862181433, 0.03590945577445739, 0.03979318677230087, 0.03828291778205449, 0.045130034327060926, 0.03608187429947085, 0.04582509387640756, 0.030336062716146174, 0.03600656862991322, 0.04238139195222278, 0.048557466627691205, 0.035390983295009476], [0.041137553825364895, 0.048073501155670814, 0.03921112294644145, 0.042332994110441585, 0.06086591422273856, 0.7673416516085534, 1.0, 0.787635836954487, 0.06417403972649167, 0.04416745161316214, 0.04593553604250777, 0.04042879115564233, 0.048778305649621115, 0.04237594339219612, 0.06289213126307687, 0.04131466843627007, 0.038495557263249304, 0.05097102984289764, 0.052782537693614025, 0.04629524618882369], [0.03234161018202042, 0.0333240533584102, 0.027100246740314412, 0.029997779473101106, 0.03942630142100776, 0.04519483125031232, 0.787635836954487, 1.0, 0.7726583587480799, 0.04991662748407085, 0.0370390861280924, 0.033131418361637584, 0.04700941534475031, 0.02994633127918143, 0.037469975472903295, 0.03232068654639681, 0.03285639796554296, 0.032679045475717705, 0.0384679001977858, 0.028994479008269514], [0.035204486221664576, 0.03873648977191845, 0.03794551647106007, 0.042476927039331126, 0.06580602828551892, 0.04792448862181433, 0.06417403972649167, 0.7726583587480799, 1.0, 0.8223346492298937, 0.04547032254957526, 0.04255969919417626, 0.040012957766426334, 0.0329629661035161, 0.04834510548101512, 0.03898311357420618, 0.03759097331380418, 0.042975794735671535, 0.04235396467455963, 0.03619265143792791], [0.03506741456230667, 0.03669068898538394, 0.029353888164931456, 0.038272653387564116, 0.043987856264947535, 0.03590945577445739, 0.04416745161316214, 0.04991662748407085, 0.8223346492298937, 1.0, 0.8363435233110985, 0.03999828209345878, 0.04420717739281597, 0.030973539384593317, 0.04073660000533367, 0.03905857135681476, 0.03106406606858836, 0.05372567259212808, 0.04738184473128291, 0.03744609048745825], [0.039716809838490894, 0.04256347936531445, 0.03535672063939782, 0.03607557617187247, 0.04544503132752102, 0.03979318677230087, 0.04593553604250777, 0.0370390861280924, 0.04547032254957526, 0.8363435233110985, 1.0, 0.8795344123736911, 0.04947023879030381, 0.035359050881880266, 0.044626464071933034, 0.03642311403766552, 0.03221346464594943, 0.04871780025627489, 0.045192356985898664, 0.033979767410730354], [0.03711436105139505, 0.03671793664018907, 0.037960324838391214, 0.03321437175756468, 0.03660038237984558, 0.03828291778205449, 0.04042879115564233, 0.033131418361637584, 0.04255969919417626, 0.03999828209345878, 0.8795344123736911, 1.0, 0.9517365355352917, 0.0429121079140472, 0.0553350642719714, 0.040280111975918756, 0.037243314081215166, 0.05206497997674418, 0.04307742081771316, 0.038277008028203184], [0.036318885851518504, 0.0424812784435223, 0.0450378036532506, 0.04517753243632806, 0.05145649702674005, 0.045130034327060926, 0.048778305649621115, 0.04700941534475031, 0.040012957766426334, 0.04420717739281597, 0.04947023879030381, 0.9517365355352917, 1.0, 0.8681164572339659, 0.06863036632188571, 0.0592460105601411, 0.03574104397193456, 0.069679045022615, 0.045705880936519276, 0.05060120579691833], [0.03174217472209916, 0.03635794654113046, 0.035493593257210354, 0.03575482638528384, 0.033267789330026803, 0.03608187429947085, 0.04237594339219612, 0.02994633127918143, 0.0329629661035161, 0.030973539384593317, 0.035359050881880266, 0.0429121079140472, 0.8681164572339659, 1.0, 0.7445225190749766, 0.06770897226208807, 0.03363976723207843, 0.038212830884723166, 0.045307865811174235, 0.03311793531971833], [0.04392805318079394, 0.04540526994694038, 0.04155605242942019, 0.04667047024811127, 0.04824367520407098, 0.04582509387640756, 0.06289213126307687, 0.037469975472903295, 0.04834510548101512, 0.04073660000533367, 0.044626464071933034, 0.0553350642719714, 0.06863036632188571, 0.7445225190749766, 1.0, 0.7702690316729147, 0.05313657272855083, 0.047075142746770736, 0.04916054956438706, 0.04208377467694424], [0.03204991560638476, 0.039977167507409525, 0.03535677727723594, 0.038126466272717596, 0.03896795890695057, 0.030336062716146174, 0.04131466843627007, 0.03232068654639681, 0.03898311357420618, 0.03905857135681476, 0.03642311403766552, 0.040280111975918756, 0.0592460105601411, 0.06770897226208807, 0.7702690316729147, 1.0, 0.6422471926403692, 0.046304971714740004, 0.048331143444807816, 0.03387093699568051], [0.035892042066572954, 0.04397536033963543, 0.03411381299130897, 0.03698298877677546, 0.0367429818922035, 0.03600656862991322, 0.038495557263249304, 0.03285639796554296, 0.03759097331380418, 0.03106406606858836, 0.03221346464594943, 0.037243314081215166, 0.03574104397193456, 0.03363976723207843, 0.05313657272855083, 0.6422471926403692, 1.0, 0.7292929345235521, 0.07772082025053213, 0.03159621577682905], [0.047188664393040446, 0.04956308762566156, 0.04415971164802775, 0.04831862971903231, 0.04952673746115939, 0.04238139195222278, 0.05097102984289764, 0.032679045475717705, 0.042975794735671535, 0.05372567259212808, 0.04871780025627489, 0.05206497997674418, 0.069679045022615, 0.038212830884723166, 0.047075142746770736, 0.046304971714740004, 0.7292929345235521, 1.0, 0.8824333634797666, 0.05255007658730292], [0.04103573355644974, 0.049207948961993486, 0.04440237889276716, 0.04958107580304687, 0.05568962361146676, 0.048557466627691205, 0.052782537693614025, 0.0384679001977858, 0.04235396467455963, 0.04738184473128291, 0.045192356985898664, 0.04307742081771316, 0.045705880936519276, 0.045307865811174235, 0.04916054956438706, 0.048331143444807816, 0.07772082025053213, 0.8824333634797666, 1.0, 1.0], [0.03502451220904657, 0.039995178339930076, 0.035058994943114895, 0.032582838825671714, 0.041319531199228224, 0.035390983295009476, 0.04629524618882369, 0.028994479008269514, 0.03619265143792791, 0.03744609048745825, 0.033979767410730354, 0.038277008028203184, 0.05060120579691833, 0.03311793531971833, 0.04208377467694424, 0.03387093699568051, 0.03159621577682905, 0.05255007658730292, 1.0, 1.0]], "meta_info": {"source": "pretrained"}}