{"model": "LSING", "dataset": "dim20_cop_gau", "N": 50000, "seed": 123450, "metrics": {"TP": 19, "FP": 0, "FN": 0, "TN": 171, "TPR": 1.0, "FDR": 0.0, "FPR": 0.0, "Hamming": 0}, "omega": [[1.0, 0.9788569024492609, 0.051958423343169934, 0.03318094134626608, 0.03786463120264994, 0.037108193700265295, 0.040870654961747445, 0.031583180320844215, 0.037398542094633176, 0.040564441257766044, 0.031526330656941146, 0.03730862750280683, 0.0365634465213731, 0.03366475656452363, 0.032437509164663564, 0.04003706743070188, 0.0337930847837066, 0.041138539700391275, 0.03767631817917057, 0.03835666216434049], [0.9788569024492609, 1.0, 0.7816037673018125, 0.05157319528231623, 0.04488956806171613, 0.048800808711360534, 0.05628263473903892, 0.035659757074753405, 0.03829669323417266, 0.058363163290232466, 0.04106092403062553, 0.04623624975927766, 0.0427865000117398, 0.039696262236766026, 0.039733675794022504, 0.04537447506726115, 0.03949506294846883, 0.04571160275474406, 0.0440987789450977, 0.04715619607734903], [0.051958423343169934, 0.7816037673018125, 1.0, 0.7515970361068837, 0.05905828079772844, 0.038765346895850136, 0.05077402286201874, 0.04185339227728866, 0.03586730425068808, 0.04445204003858782, 0.03792914542496609, 0.03733431537042343, 0.03664934495867026, 0.04329958535929545, 0.04184554340260493, 0.04345966007183403, 0.036742945875909865, 0.04637004926144241, 0.04829961484989875, 0.034109687222943545], [0.03318094134626608, 0.05157319528231623, 0.7515970361068837, 1.0, 0.711730904820249, 0.05037229629020063, 0.06746557028505364, 0.036413776418218635, 0.04046600225889555, 0.03686127515788338, 0.03453151396912026, 0.04355431044535157, 0.035089357304085876, 0.03601702550381239, 0.031044198978208447, 0.042545707119195315, 0.0358273455414836, 0.04709414410875389, 0.04327834930284778, 0.03680446870688587], [0.03786463120264994, 0.04488956806171613, 0.05905828079772844, 0.711730904820249, 1.0, 0.7043905948850143, 0.08020546329088718, 0.050014234154712955, 0.04329826427903969, 0.04574822436936391, 0.03920176725756241, 0.04577494758292193, 0.041628794523473615, 0.0384833870965375, 0.03769892822963591, 0.05326685720982883, 0.04077698349282529, 0.04488705994940146, 0.05561572379422659, 0.04015836870230283], [0.037108193700265295, 0.048800808711360534, 0.038765346895850136, 0.05037229629020063, 0.7043905948850143, 1.0, 0.8959661821515758, 0.048915536329939856, 0.040992120266010325, 0.045183234148955934, 0.039125303344014296, 0.03966825145500146, 0.03746290815841596, 0.038727797526604754, 0.046371760139744256, 0.049110678756290105, 0.043573879718298986, 0.04621417590159971, 0.04941402982575202, 0.038290225408674855], [0.040870654961747445, 0.05628263473903892, 0.05077402286201874, 0.06746557028505364, 0.08020546329088718, 0.8959661821515758, 1.0, 0.9923814342287866, 0.06523473666556268, 0.05741362054133121, 0.058030577367313735, 0.050887164831532744, 0.05047634767541801, 0.05427017268737793, 0.0653749228587903, 0.05929868212843477, 0.05149343660519301, 0.0514664840986667, 0.05105258559781658, 0.059091127897331834], [0.031583180320844215, 0.035659757074753405, 0.04185339227728866, 0.036413776418218635, 0.050014234154712955, 0.048915536329939856, 0.9923814342287866, 1.0, 0.9097272313916833, 0.04586051619110317, 0.038856674285119554, 0.04601434707973604, 0.039673332939937155, 0.04467156865401161, 0.039344061182306225, 0.04186274566660277, 0.0405851816886438, 0.04465450043821061, 0.05062010731136681, 0.040984410730899624], [0.037398542094633176, 0.03829669323417266, 0.03586730425068808, 0.04046600225889555, 0.04329826427903969, 0.040992120266010325, 0.06523473666556268, 0.9097272313916833, 1.0, 0.9948062673373704, 0.05674616987614737, 0.04147310107042142, 0.04009547893247741, 0.03785736437934725, 0.035625911668841916, 0.04662131025988531, 0.03590408460659366, 0.039735600091164065, 0.048379454661456905, 0.03846750062141922], [0.040564441257766044, 0.058363163290232466, 0.04445204003858782, 0.03686127515788338, 0.04574822436936391, 0.045183234148955934, 0.05741362054133121, 0.04586051619110317, 0.9948062673373704, 1.0, 0.9049745314070128, 0.09089372218711571, 0.0450029693086635, 0.04423189233214964, 0.04190160553335153, 0.04725412181272897, 0.03702732030655778, 0.05277227404102202, 0.04499476062039876, 0.03946518078332461], [0.031526330656941146, 0.04106092403062553, 0.03792914542496609, 0.03453151396912026, 0.03920176725756241, 0.039125303344014296, 0.058030577367313735, 0.038856674285119554, 0.05674616987614737, 0.9049745314070128, 1.0, 0.8736037822023278, 0.047635339010429684, 0.05772492807679274, 0.04395354477898359, 0.048109441025792114, 0.041480521343633656, 0.05141347685577453, 0.047055160776560676, 0.03815965011840266], [0.03730862750280683, 0.04623624975927766, 0.03733431537042343, 0.04355431044535157, 0.04577494758292193, 0.03966825145500146, 0.050887164831532744, 0.04601434707973604, 0.04147310107042142, 0.09089372218711571, 0.8736037822023278, 1.0, 1.0, 0.047982682581545893, 0.049175164757933224, 0.046365473984829014, 0.047174419576951794, 0.045390823655900144, 0.05155385001096091, 0.04542200573579535], [0.0365634465213731, 0.0427865000117398, 0.03664934495867026, 0.035089357304085876, 0.041628794523473615, 0.03746290815841596, 0.05047634767541801, 0.039673332939937155, 0.04009547893247741, 0.0450029693086635, 0.047635339010429684, 1.0, 1.0, 0.8619073856210479, 0.03858980196312032, 0.040490866435618375, 0.035601174485147685, 0.03847650477990471, 0.04837898902035207, 0.03639638719226203], [0.03366475656452363, 0.039696262236766026, 0.04329958535929545, 0.03601702550381239, 0.0384833870965375, 0.038727797526604754, 0.05427017268737793, 0.04467156865401161, 0.03785736437934725, 0.04423189233214964, 0.05772492807679274, 0.047982682581545893, 0.8619073856210479, 1.0, 0.7512937767546091, 0.07621426641940841, 0.03584118249022379, 0.04111124678199665, 0.042505238674084414, 0.04608394102319581], [0.032437509164663564, 0.039733675794022504, 0.04184554340260493, 0.031044198978208447, 0.03769892822963591, 0.046371760139744256, 0.0653749228587903, 0.039344061182306225, 0.035625911668841916, 0.04190160553335153, 0.04395354477898359, 0.049175164757933224, 0.03858980196312032, 0.7512937767546091, 1.0, 0.7968692041792785, 0.04400824173467285, 0.0505422464745042, 0.04215342918146277, 0.03683383231716334], [0.04003706743070188, 0.04537447506726115, 0.04345966007183403, 0.042545707119195315, 0.05326685720982883, 0.049110678756290105, 0.05929868212843477, 0.04186274566660277, 0.04662131025988531, 0.04725412181272897, 0.048109441025792114, 0.046365473984829014, 0.040490866435618375, 0.07621426641940841, 0.7968692041792785, 1.0, 0.8220223182628167, 0.06320449735369105, 0.04669291492629776, 0.03902103324858101], [0.0337930847837066, 0.03949506294846883, 0.036742945875909865, 0.0358273455414836, 0.04077698349282529, 0.043573879718298986, 0.05149343660519301, 0.0405851816886438, 0.03590408460659366, 0.03702732030655778, 0.041480521343633656, 0.047174419576951794, 0.035601174485147685, 0.03584118249022379, 0.04400824173467285, 0.8220223182628167, 1.0, 0.7913437657259701, 0.05567767875425822, 0.04171406328700402], [0.041138539700391275, 0.04571160275474406, 0.04637004926144241, 0.04709414410875389, 0.04488705994940146, 0.04621417590159971, 0.0514664840986667, 0.04465450043821061, 0.039735600091164065, 0.05277227404102202, 0.05141347685577453, 0.045390823655900144, 0.03847650477990471, 0.04111124678199665, 0.0505422464745042, 0.06320449735369105, 0.7913437657259701, 1.0, 0.9246866997322648, 0.05317132494027941], [0.03767631817917057, 0.0440987789450977, 0.04829961484989875, 0.04327834930284778, 0.05561572379422659, 0.04941402982575202, 0.05105258559781658, 0.05062010731136681, 0.048379454661456905, 0.04499476062039876, 0.047055160776560676, 0.05155385001096091, 0.04837898902035207, 0.042505238674084414, 0.04215342918146277, 0.04669291492629776, 0.05567767875425822, 0.9246866997322648, 1.0, 0.9785356947489455], [0.03835666216434049, 0.04715619607734903, 0.034109687222943545, 0.03680446870688587, 0.04015836870230283, 0.038290225408674855, 0.059091127897331834, 0.040984410730899624, 0.03846750062141922, 0.03946518078332461, 0.03815965011840266, 0.04542200573579535, 0.03639638719226203, 0.04608394102319581, 0.03683383231716334, 0.03902103324858101, 0.04171406328700402, 0.05317132494027941, 0.9785356947489455, 1.0]], "meta_info": {"source": "pretrained"}}