{"model": "LSING", "dataset": "dim20_butterfly", "N": 2000, "seed": 1234560, "metrics": {"TP": 10, "FP": 2, "FN": 0, "TN": 178, "TPR": 1.0, "FDR": 0.16666666666666666, "FPR": 0.011111111111111112, "Hamming": 2}, "omega": [[1.0, 0.5071027090632632, 0.03067644417470049, 0.09225102729160357, 0.025637579538116125, 0.08711318328972138, 0.037593764331192096, 0.07272481462206097, 0.03739671827399969, 0.06532371880605042, 0.04877143805845689, 0.09325767080190499, 0.045694259141712844, 0.12079617668864061, 0.03645737887802894, 0.09503930460000348, 0.040727139252140734, 0.06614987364317454, 0.035047677118492805, 0.09177679096239094], [0.5071027090632632, 1.0, 0.07830266447779644, 0.15729715889757284, 0.058184167245763814, 0.10945571741028423, 0.07041862211186786, 0.11415483904608911, 0.07182233469701102, 0.11728173385530627, 0.1001508932469083, 0.15395336379401056, 0.0701528382988616, 0.14348901875539405, 0.07488285765056693, 0.13627490347545196, 0.06930824850353944, 0.12896724896431022, 0.0850205961792624, 0.10523768302979618], [0.03067644417470049, 0.07830266447779644, 1.0, 0.7282402679088927, 0.033185495649083505, 0.1082673278527178, 0.03399711821871388, 0.08841588878167653, 0.028404742623906735, 0.090329035030698, 0.050557297704151384, 0.08749424402084281, 0.06666613864789088, 0.13163018448631325, 0.032328618057769994, 0.1048183964290179, 0.04384148643416877, 0.07551349538694385, 0.03294604749064587, 0.09604594158188283], [0.09225102729160357, 0.15729715889757284, 0.7282402679088927, 1.0, 0.08767087961932343, 0.1883499535468823, 0.09130097997777871, 0.175697171758042, 0.10361422114692322, 0.14487684116125607, 0.13758807206943416, 0.14020307069397397, 0.094277969159776, 0.1646851495591508, 0.11935697560120813, 0.12999216422225832, 0.10292776801334748, 0.13876620155889943, 0.10720168829799254, 0.14836747875641018], [0.025637579538116125, 0.058184167245763814, 0.033185495649083505, 0.08767087961932343, 1.0, 0.534533691838758, 0.03194533309325453, 0.08883758045313976, 0.023634696210899662, 0.07071922199969181, 0.05694965046932774, 0.09491902625775221, 0.05093910071686043, 0.11767639655377865, 0.037810972767058214, 0.07874154026179202, 0.051345133315183276, 0.07084953974937878, 0.038572750834301, 0.1053725798147123], [0.08711318328972138, 0.10945571741028423, 0.1082673278527178, 0.1883499535468823, 0.534533691838758, 1.0, 0.10836939842585852, 0.12696944736082114, 0.09950260788003314, 0.15996510563634503, 0.12010144551589952, 0.1505047483459381, 0.08859024334949123, 0.15306793219031423, 0.10218591469021561, 0.15486106515101986, 0.1145366107223723, 0.15931244100395558, 0.09148963570694643, 0.12594890875701853], [0.037593764331192096, 0.07041862211186786, 0.03399711821871388, 0.09130097997777871, 0.03194533309325453, 0.10836939842585852, 1.0, 0.7393129417600408, 0.03177600279905312, 0.09513500212753441, 0.0477960350062138, 0.09541832650491723, 0.06803791941508013, 0.15436344009695407, 0.04156014240400023, 0.10298766498001488, 0.041765238005586076, 0.08925691928129448, 0.07733635617031774, 0.08133543380351342], [0.07272481462206097, 0.11415483904608911, 0.08841588878167653, 0.175697171758042, 0.08883758045313976, 0.12696944736082114, 0.7393129417600408, 1.0, 0.0827767474883228, 0.14012474007479295, 0.1216891603709698, 0.14752531753409237, 0.09545641462486872, 0.15754417349717187, 0.13422948617286476, 0.1212732476587094, 0.10346692949989404, 0.1283825530396166, 0.10459746940394943, 0.16784801858525814], [0.03739671827399969, 0.07182233469701102, 0.028404742623906735, 0.10361422114692322, 0.023634696210899662, 0.09950260788003314, 0.03177600279905312, 0.0827767474883228, 1.0, 0.5159915473960517, 0.04347533531333585, 0.10956707923369319, 0.05332537150481862, 0.09449280647275185, 0.03468449838822138, 0.07605925710818771, 0.033333869708489346, 0.08895447837845111, 0.038445347372219246, 0.08565844259927212], [0.06532371880605042, 0.11728173385530627, 0.090329035030698, 0.14487684116125607, 0.07071922199969181, 0.15996510563634503, 0.09513500212753441, 0.14012474007479295, 0.5159915473960517, 1.0, 0.11191525863748886, 0.13785699605344875, 0.10091982385335421, 0.1706965101416373, 0.09447604409628421, 0.12897406985967297, 0.08428485607054256, 0.11149712365036103, 0.0889803217899968, 0.12697976226766755], [0.04877143805845689, 0.1001508932469083, 0.050557297704151384, 0.13758807206943416, 0.05694965046932774, 0.12010144551589952, 0.0477960350062138, 0.1216891603709698, 0.04347533531333585, 0.11191525863748886, 1.0, 0.8980242091020367, 0.11898198042701771, 0.16346941374728166, 0.05368795419015645, 0.09989972918225132, 0.0553744022890131, 0.1000634358936948, 0.04976588582351793, 0.09098816410660603], [0.09325767080190499, 0.15395336379401056, 0.08749424402084281, 0.14020307069397397, 0.09491902625775221, 0.1505047483459381, 0.09541832650491723, 0.14752531753409237, 0.10956707923369319, 0.13785699605344875, 0.8980242091020367, 1.0, 0.13618448744136327, 0.16303433097649986, 0.13107849626352813, 0.17840108749096675, 0.11056550476631216, 0.12328809105513004, 0.12875195205042173, 0.1378613361484307], [0.045694259141712844, 0.0701528382988616, 0.06666613864789088, 0.094277969159776, 0.05093910071686043, 0.08859024334949123, 0.06803791941508013, 0.09545641462486872, 0.05332537150481862, 0.10091982385335421, 0.11898198042701771, 0.13618448744136327, 1.0, 1.0, 0.05009335408515018, 0.09346275204096231, 0.06565863338587825, 0.10325754211364944, 0.04692879942046832, 0.11383760212750098], [0.12079617668864061, 0.14348901875539405, 0.13163018448631325, 0.1646851495591508, 0.11767639655377865, 0.15306793219031423, 0.15436344009695407, 0.15754417349717187, 0.09449280647275185, 0.1706965101416373, 0.16346941374728166, 0.16303433097649986, 1.0, 1.0, 0.11373704484259253, 0.16513355814503067, 0.13221873348570357, 0.25580317181453116, 0.1300850271089331, 0.20733390503508678], [0.03645737887802894, 0.07488285765056693, 0.032328618057769994, 0.11935697560120813, 0.037810972767058214, 0.10218591469021561, 0.04156014240400023, 0.13422948617286476, 0.03468449838822138, 0.09447604409628421, 0.05368795419015645, 0.13107849626352813, 0.05009335408515018, 0.11373704484259253, 1.0, 0.7249619345989573, 0.04921639506759643, 0.10377740297323351, 0.05100845997845391, 0.10659276670473833], [0.09503930460000348, 0.13627490347545196, 0.1048183964290179, 0.12999216422225832, 0.07874154026179202, 0.15486106515101986, 0.10298766498001488, 0.1212732476587094, 0.07605925710818771, 0.12897406985967297, 0.09989972918225132, 0.17840108749096675, 0.09346275204096231, 0.16513355814503067, 0.7249619345989573, 1.0, 0.0997860693542791, 0.12834520001998845, 0.09782092030653877, 0.13945724809023285], [0.040727139252140734, 0.06930824850353944, 0.04384148643416877, 0.10292776801334748, 0.051345133315183276, 0.1145366107223723, 0.041765238005586076, 0.10346692949989404, 0.033333869708489346, 0.08428485607054256, 0.0553744022890131, 0.11056550476631216, 0.06565863338587825, 0.13221873348570357, 0.04921639506759643, 0.0997860693542791, 1.0, 0.6399932158727103, 0.058440499209319305, 0.0886549347893156], [0.06614987364317454, 0.12896724896431022, 0.07551349538694385, 0.13876620155889943, 0.07084953974937878, 0.15931244100395558, 0.08925691928129448, 0.1283825530396166, 0.08895447837845111, 0.11149712365036103, 0.1000634358936948, 0.12328809105513004, 0.10325754211364944, 0.25580317181453116, 0.10377740297323351, 0.12834520001998845, 0.6399932158727103, 1.0, 0.08201763693433155, 0.14004472251135297], [0.035047677118492805, 0.0850205961792624, 0.03294604749064587, 0.10720168829799254, 0.038572750834301, 0.09148963570694643, 0.07733635617031774, 0.10459746940394943, 0.038445347372219246, 0.0889803217899968, 0.04976588582351793, 0.12875195205042173, 0.04692879942046832, 0.1300850271089331, 0.05100845997845391, 0.09782092030653877, 0.058440499209319305, 0.08201763693433155, 1.0, 0.7550990945527766], [0.09177679096239094, 0.10523768302979618, 0.09604594158188283, 0.14836747875641018, 0.1053725798147123, 0.12594890875701853, 0.08133543380351342, 0.16784801858525814, 0.08565844259927212, 0.12697976226766755, 0.09098816410660603, 0.1378613361484307, 0.11383760212750098, 0.20733390503508678, 0.10659276670473833, 0.13945724809023285, 0.0886549347893156, 0.14004472251135297, 0.7550990945527766, 1.0]], "meta_info": {"source": "pretrained"}}