{"model": "LSING", "dataset": "dim20_butterfly", "N": 2000, "seed": 1230, "metrics": {"TP": 10, "FP": 2, "FN": 0, "TN": 178, "TPR": 1.0, "FDR": 0.16666666666666666, "FPR": 0.011111111111111112, "Hamming": 2}, "omega": [[1.0, 0.6811819361104402, 0.03543342812136367, 0.11427546601244994, 0.050574221771773786, 0.10025644806391835, 0.03914149472651954, 0.11518881465136493, 0.0366542509131658, 0.10056037068603113, 0.04087311188982329, 0.1261400228629244, 0.039189071815058256, 0.09032567136800003, 0.06092063287597949, 0.06931601882347879, 0.056027813098671324, 0.11274421119462312, 0.04164543848793599, 0.07157704436040381], [0.6811819361104402, 1.0, 0.1109576049015263, 0.17704333463748229, 0.08499327646273701, 0.14603562651266397, 0.0773775550920536, 0.15323383066614182, 0.09156175798870848, 0.12843587862899442, 0.08380071432034514, 0.14051809605955473, 0.09910839751478295, 0.11572063931571831, 0.0907946446998621, 0.1455176330297426, 0.10098254111445976, 0.18946342079759573, 0.10202574223567791, 0.12085914540536809], [0.03543342812136367, 0.1109576049015263, 1.0, 1.0, 0.06233076302026824, 0.12381039457351835, 0.041963196920390244, 0.11056253442346373, 0.056766786089753093, 0.09883478730619347, 0.03248197643842505, 0.09773355586167459, 0.0318790395740559, 0.0772804995904202, 0.05315693105636537, 0.07674939935039551, 0.054995698215582256, 0.13217262132818355, 0.0333958643452908, 0.054126242053284986], [0.11427546601244994, 0.17704333463748229, 1.0, 1.0, 0.11730142346464374, 0.2003536894162661, 0.10592762938003265, 0.18202679077624617, 0.1046038874155533, 0.14899926264249833, 0.10890298243690845, 0.187173554840352, 0.12707173785730355, 0.1356705400732884, 0.11755527285879772, 0.1458888206495058, 0.12067076499199851, 0.1695454734019484, 0.10186902009125376, 0.12760649377856517], [0.050574221771773786, 0.08499327646273701, 0.06233076302026824, 0.11730142346464374, 1.0, 0.7343741788025332, 0.02918968310884002, 0.1292733941588699, 0.03514426361979997, 0.10910885549908379, 0.031328398971408176, 0.12167750419349108, 0.03299710346917044, 0.0678935885095581, 0.048829234003528135, 0.09355899702012102, 0.041007212553772765, 0.1094595544084007, 0.04938796188959601, 0.06460319419007429], [0.10025644806391835, 0.14603562651266397, 0.12381039457351835, 0.2003536894162661, 0.7343741788025332, 1.0, 0.10483004898784128, 0.1661285003963689, 0.12984575186880878, 0.18619426275743414, 0.1135977485373271, 0.1678448629885852, 0.09699239223919634, 0.14632027667028805, 0.1364290933513372, 0.1599999724116997, 0.09879584660545823, 0.1894317590569682, 0.09847573437254943, 0.14613207446993223], [0.03914149472651954, 0.0773775550920536, 0.041963196920390244, 0.10592762938003265, 0.02918968310884002, 0.10483004898784128, 1.0, 0.9061442597963207, 0.0324046562922252, 0.09224178297519137, 0.028693342507091234, 0.08847598229693948, 0.026566684953636333, 0.07611928210835864, 0.04674365802142839, 0.06455804149285922, 0.04600951992626555, 0.10306151395723126, 0.026072908767722, 0.05478573319745447], [0.11518881465136493, 0.15323383066614182, 0.11056253442346373, 0.18202679077624617, 0.1292733941588699, 0.1661285003963689, 0.9061442597963207, 1.0, 0.12285681145367726, 0.17208484683628342, 0.12328126277723661, 0.20140763655076888, 0.10194563780044481, 0.1605664583500032, 0.1284975727341236, 0.1431862503836556, 0.13205260990736783, 0.19278649637501305, 0.128924197330669, 0.13015468065649008], [0.0366542509131658, 0.09156175798870848, 0.056766786089753093, 0.1046038874155533, 0.03514426361979997, 0.12984575186880878, 0.0324046562922252, 0.12285681145367726, 1.0, 0.8060153243009793, 0.034384134198083977, 0.10304095002700644, 0.028596236087453913, 0.07618034089566601, 0.0638626427408706, 0.08380951619166141, 0.040806696297056674, 0.08935955431859986, 0.03844640611146397, 0.06439309493357251], [0.10056037068603113, 0.12843587862899442, 0.09883478730619347, 0.14899926264249833, 0.10910885549908379, 0.18619426275743414, 0.09224178297519137, 0.17208484683628342, 0.8060153243009793, 1.0, 0.10838740293026447, 0.15155092583141902, 0.10841889455846976, 0.16689479783992497, 0.10840643237700712, 0.1520702292957143, 0.09343522692483316, 0.15587680835175247, 0.11235071686022775, 0.12609610839898677], [0.04087311188982329, 0.08380071432034514, 0.03248197643842505, 0.10890298243690845, 0.031328398971408176, 0.1135977485373271, 0.028693342507091234, 0.12328126277723661, 0.034384134198083977, 0.10838740293026447, 1.0, 0.6490655717703476, 0.04364415182700788, 0.06821988612271741, 0.05041258256828801, 0.07428562757962759, 0.04121295253480146, 0.09365714725883897, 0.038009462518530567, 0.06668388782993327], [0.1261400228629244, 0.14051809605955473, 0.09773355586167459, 0.187173554840352, 0.12167750419349108, 0.1678448629885852, 0.08847598229693948, 0.20140763655076888, 0.10304095002700644, 0.15155092583141902, 0.6490655717703476, 1.0, 0.09532248191052275, 0.15705781905061567, 0.11474354596478846, 0.12850342367566647, 0.11469677546372115, 0.15564786711934067, 0.09836615304194848, 0.09975869680201514], [0.039189071815058256, 0.09910839751478295, 0.0318790395740559, 0.12707173785730355, 0.03299710346917044, 0.09699239223919634, 0.026566684953636333, 0.10194563780044481, 0.028596236087453913, 0.10841889455846976, 0.04364415182700788, 0.09532248191052275, 1.0, 0.5997637978602274, 0.03885354647091342, 0.07344688538874827, 0.0462736524427593, 0.07995677765060312, 0.030421853672155063, 0.06235385664950665], [0.09032567136800003, 0.11572063931571831, 0.0772804995904202, 0.1356705400732884, 0.0678935885095581, 0.14632027667028805, 0.07611928210835864, 0.1605664583500032, 0.07618034089566601, 0.16689479783992497, 0.06821988612271741, 0.15705781905061567, 0.5997637978602274, 1.0, 0.12317322518793673, 0.1097879234585382, 0.07153821012458589, 0.14698795056913505, 0.07426207684558114, 0.10276303030372043], [0.06092063287597949, 0.0907946446998621, 0.05315693105636537, 0.11755527285879772, 0.048829234003528135, 0.1364290933513372, 0.04674365802142839, 0.1284975727341236, 0.0638626427408706, 0.10840643237700712, 0.05041258256828801, 0.11474354596478846, 0.03885354647091342, 0.12317322518793673, 1.0, 0.6675123499072639, 0.05786339325373294, 0.12467588954655509, 0.04826073911852399, 0.07429616066307758], [0.06931601882347879, 0.1455176330297426, 0.07674939935039551, 0.1458888206495058, 0.09355899702012102, 0.1599999724116997, 0.06455804149285922, 0.1431862503836556, 0.08380951619166141, 0.1520702292957143, 0.07428562757962759, 0.12850342367566647, 0.07344688538874827, 0.1097879234585382, 0.6675123499072639, 1.0, 0.08635465724716922, 0.14388296606038228, 0.09018682954354797, 0.10465978149714356], [0.056027813098671324, 0.10098254111445976, 0.054995698215582256, 0.12067076499199851, 0.041007212553772765, 0.09879584660545823, 0.04600951992626555, 0.13205260990736783, 0.040806696297056674, 0.09343522692483316, 0.04121295253480146, 0.11469677546372115, 0.0462736524427593, 0.07153821012458589, 0.05786339325373294, 0.08635465724716922, 1.0, 0.8359211853363222, 0.04641433657317186, 0.06935533215142463], [0.11274421119462312, 0.18946342079759573, 0.13217262132818355, 0.1695454734019484, 0.1094595544084007, 0.1894317590569682, 0.10306151395723126, 0.19278649637501305, 0.08935955431859986, 0.15587680835175247, 0.09365714725883897, 0.15564786711934067, 0.07995677765060312, 0.14698795056913505, 0.12467588954655509, 0.14388296606038228, 0.8359211853363222, 1.0, 0.09516333537477498, 0.1947794409356848], [0.04164543848793599, 0.10202574223567791, 0.0333958643452908, 0.10186902009125376, 0.04938796188959601, 0.09847573437254943, 0.026072908767722, 0.128924197330669, 0.03844640611146397, 0.11235071686022775, 0.038009462518530567, 0.09836615304194848, 0.030421853672155063, 0.07426207684558114, 0.04826073911852399, 0.09018682954354797, 0.04641433657317186, 0.09516333537477498, 1.0, 0.4196074938451937], [0.07157704436040381, 0.12085914540536809, 0.054126242053284986, 0.12760649377856517, 0.06460319419007429, 0.14613207446993223, 0.05478573319745447, 0.13015468065649008, 0.06439309493357251, 0.12609610839898677, 0.06668388782993327, 0.09975869680201514, 0.06235385664950665, 0.10276303030372043, 0.07429616066307758, 0.10465978149714356, 0.06935533215142463, 0.1947794409356848, 0.4196074938451937, 1.0]], "meta_info": {"source": "pretrained"}}