{"model": "LSING", "dataset": "0.3_dim20_pair_gau", "N": 2000, "seed": 1230, "metrics": {"TP": 10, "FP": 16, "FN": 0, "TN": 164, "TPR": 1.0, "FDR": 0.6153846153846154, "FPR": 0.08888888888888889, "Hamming": 16}, "omega": [[1.0, 1.0, 0.12676400914498806, 0.2040575526940648, 0.27083337349166714, 0.15959421950171085, 0.1304057097723765, 0.13569798170072603, 0.12198368156183678, 0.1844374404215684, 0.1773344965454573, 0.09727001733252585, 0.16165775784740144, 0.12379244008310451, 0.1886738729804563, 0.16619561177319134, 0.12620481025215616, 0.1691240614146974, 0.13691893914646097, 0.1643474260360028], [1.0, 1.0, 0.12193620023772977, 0.08597761197456884, 0.1312819421749474, 0.12906113080160833, 0.19934350053524916, 0.24887270123775734, 0.13060976962118237, 0.11662724606505967, 0.15727139769257206, 0.09304203219727013, 0.13140882715516738, 0.12288113882495998, 0.1394081156723293, 0.23438984145716585, 0.14629834321644103, 0.1696448323254442, 0.18572027241070307, 0.15558446420146277], [0.12676400914498806, 0.12193620023772977, 1.0, 0.5035310514253072, 0.14903082963791622, 0.11044227917952726, 0.0929597158808276, 0.11335376133442987, 0.08838966678258724, 0.08371070828302203, 0.103726726214011, 0.12607287949540422, 0.11466190547571072, 0.1453701045904434, 0.11358942283913487, 0.19017475054871402, 0.09643012585980883, 0.16480094354887265, 0.17609320717153384, 0.10343100614938423], [0.2040575526940648, 0.08597761197456884, 0.5035310514253072, 1.0, 0.10244457101091396, 0.09979679977576342, 0.08181480381510596, 0.11452127925855886, 0.10372567028605698, 0.16166332095776323, 0.1842095867599731, 0.08984508984146851, 0.18316496219579495, 0.11712011638282001, 0.08686243707945011, 0.19179795985081283, 0.10053205162294283, 0.10848729235353953, 0.08695353389747004, 0.11833904347044201], [0.27083337349166714, 0.1312819421749474, 0.14903082963791622, 0.10244457101091396, 1.0, 0.9452294564043207, 0.08577127727426472, 0.12032103441367, 0.13949912036240694, 0.13293619150683555, 0.194435313541719, 0.08011254165175138, 0.14576176173344307, 0.11707090943148613, 0.12590009708300823, 0.16360485356079316, 0.1934519327988741, 0.21531886841487893, 0.25068145621564264, 0.1535954077537371], [0.15959421950171085, 0.12906113080160833, 0.11044227917952726, 0.09979679977576342, 0.9452294564043207, 1.0, 0.10748556397664792, 0.12017778609354507, 0.10302282621427179, 0.10929187402067997, 0.1835429347959811, 0.08255074307847021, 0.11180428804830157, 0.10634266370171547, 0.09008272678185929, 0.18539192842435592, 0.1372075299257069, 0.11700393596081847, 0.15303468166309248, 0.142074050285642], [0.1304057097723765, 0.19934350053524916, 0.0929597158808276, 0.08181480381510596, 0.08577127727426472, 0.10748556397664792, 1.0, 0.8613695008547773, 0.2374074425997564, 0.1991510948711439, 0.1512112039313516, 0.20670641529099334, 0.13066025573356121, 0.14447949668549176, 0.08176492007773443, 0.13005202351513284, 0.14662259105273834, 0.08715510983521628, 0.13342907245474306, 0.17839408127011153], [0.13569798170072603, 0.24887270123775734, 0.11335376133442987, 0.11452127925855886, 0.12032103441367, 0.12017778609354507, 0.8613695008547773, 1.0, 0.20670117108504718, 0.1278251175240726, 0.129752983301201, 0.12757494055338223, 0.18946600320185703, 0.14072108058535998, 0.14249310486132788, 0.18164031561842456, 0.17777865952880156, 0.11620843952614149, 0.1367166013814996, 0.22894826911155894], [0.12198368156183678, 0.13060976962118237, 0.08838966678258724, 0.10372567028605698, 0.13949912036240694, 0.10302282621427179, 0.2374074425997564, 0.20670117108504718, 1.0, 0.6524368492719965, 0.08675189417884069, 0.11788719843406309, 0.15310600995072488, 0.11005599734762236, 0.09085277464416787, 0.12425513849976251, 0.13510821404796344, 0.09062300401269631, 0.1200681786458882, 0.20959317703860994], [0.1844374404215684, 0.11662724606505967, 0.08371070828302203, 0.16166332095776323, 0.13293619150683555, 0.10929187402067997, 0.1991510948711439, 0.1278251175240726, 0.6524368492719965, 1.0, 0.09302478655514858, 0.09356359328229125, 0.12913792652827782, 0.16856363651155648, 0.0847559316788251, 0.16101034644981999, 0.12209296656169562, 0.10937149382311911, 0.11789707738418327, 0.12977778343459093], [0.1773344965454573, 0.15727139769257206, 0.103726726214011, 0.1842095867599731, 0.194435313541719, 0.1835429347959811, 0.1512112039313516, 0.129752983301201, 0.08675189417884069, 0.09302478655514858, 1.0, 0.7003370011782172, 0.21150469364936297, 0.10820963999575021, 0.15225739112716638, 0.16569695156859585, 0.16323590949895211, 0.13478405125284362, 0.1354800920304284, 0.12420367441384235], [0.09727001733252585, 0.09304203219727013, 0.12607287949540422, 0.08984508984146851, 0.08011254165175138, 0.08255074307847021, 0.20670641529099334, 0.12757494055338223, 0.11788719843406309, 0.09356359328229125, 0.7003370011782172, 1.0, 0.12305362713661706, 0.2598877447952815, 0.08373924668483977, 0.10366871750080534, 0.09871221294492269, 0.13257287079285704, 0.14366309252298692, 0.1001124779417359], [0.16165775784740144, 0.13140882715516738, 0.11466190547571072, 0.18316496219579495, 0.14576176173344307, 0.11180428804830157, 0.13066025573356121, 0.18946600320185703, 0.15310600995072488, 0.12913792652827782, 0.21150469364936297, 0.12305362713661706, 1.0, 0.8031399073640784, 0.09709746169660324, 0.17388630357409926, 0.11804323482125535, 0.1003375624499887, 0.10753120982867377, 0.15511198959277409], [0.12379244008310451, 0.12288113882495998, 0.1453701045904434, 0.11712011638282001, 0.11707090943148613, 0.10634266370171547, 0.14447949668549176, 0.14072108058535998, 0.11005599734762236, 0.16856363651155648, 0.10820963999575021, 0.2598877447952815, 0.8031399073640784, 1.0, 0.2804467187541989, 0.15075978764424258, 0.22622663961374523, 0.1644925700657096, 0.20128697491183214, 0.18367972352999806], [0.1886738729804563, 0.1394081156723293, 0.11358942283913487, 0.08686243707945011, 0.12590009708300823, 0.09008272678185929, 0.08176492007773443, 0.14249310486132788, 0.09085277464416787, 0.0847559316788251, 0.15225739112716638, 0.08373924668483977, 0.09709746169660324, 0.2804467187541989, 1.0, 0.776188402265633, 0.1366477003108085, 0.10855079685284146, 0.18905124674901752, 0.0988275216948548], [0.16619561177319134, 0.23438984145716585, 0.19017475054871402, 0.19179795985081283, 0.16360485356079316, 0.18539192842435592, 0.13005202351513284, 0.18164031561842456, 0.12425513849976251, 0.16101034644981999, 0.16569695156859585, 0.10366871750080534, 0.17388630357409926, 0.15075978764424258, 0.776188402265633, 1.0, 0.16179373160346727, 0.1506127372748067, 0.19446259049940376, 0.18154533170991616], [0.12620481025215616, 0.14629834321644103, 0.09643012585980883, 0.10053205162294283, 0.1934519327988741, 0.1372075299257069, 0.14662259105273834, 0.17777865952880156, 0.13510821404796344, 0.12209296656169562, 0.16323590949895211, 0.09871221294492269, 0.11804323482125535, 0.22622663961374523, 0.1366477003108085, 0.16179373160346727, 1.0, 0.9194863580911634, 0.12365894669471589, 0.12571060053585012], [0.1691240614146974, 0.1696448323254442, 0.16480094354887265, 0.10848729235353953, 0.21531886841487893, 0.11700393596081847, 0.08715510983521628, 0.11620843952614149, 0.09062300401269631, 0.10937149382311911, 0.13478405125284362, 0.13257287079285704, 0.1003375624499887, 0.1644925700657096, 0.10855079685284146, 0.1506127372748067, 0.9194863580911634, 1.0, 0.16016768759545164, 0.1332727703138711], [0.13691893914646097, 0.18572027241070307, 0.17609320717153384, 0.08695353389747004, 0.25068145621564264, 0.15303468166309248, 0.13342907245474306, 0.1367166013814996, 0.1200681786458882, 0.11789707738418327, 0.1354800920304284, 0.14366309252298692, 0.10753120982867377, 0.20128697491183214, 0.18905124674901752, 0.19446259049940376, 0.12365894669471589, 0.16016768759545164, 1.0, 0.9207452509888304], [0.1643474260360028, 0.15558446420146277, 0.10343100614938423, 0.11833904347044201, 0.1535954077537371, 0.142074050285642, 0.17839408127011153, 0.22894826911155894, 0.20959317703860994, 0.12977778343459093, 0.12420367441384235, 0.1001124779417359, 0.15511198959277409, 0.18367972352999806, 0.0988275216948548, 0.18154533170991616, 0.12571060053585012, 0.1332727703138711, 0.9207452509888304, 1.0]], "meta_info": {"source": "pretrained"}}