{"model": "LSING", "dataset": "0.3_dim20_pair_gau", "N": 2000, "seed": 12340, "metrics": {"TP": 10, "FP": 2, "FN": 0, "TN": 178, "TPR": 1.0, "FDR": 0.16666666666666666, "FPR": 0.011111111111111112, "Hamming": 2}, "omega": [[1.0, 0.4730988771752257, 0.05393810210333528, 0.09647054558751895, 0.06768350825753557, 0.0821429833919601, 0.15765710513015302, 0.13449213275304492, 0.07894806516518998, 0.09121858998247935, 0.049673716593316236, 0.06359870469655826, 0.08595629025177885, 0.08465022783831998, 0.11344061411558351, 0.14459689539119272, 0.12666348314732254, 0.11481650894889162, 0.08208089611649316, 0.1222723105921901], [0.4730988771752257, 1.0, 0.09334461297213986, 0.16691463140157467, 0.11312324111577213, 0.14244801983391167, 0.1052069806168787, 0.1341131048905963, 0.05917404942507471, 0.08116520789796268, 0.05570285768666775, 0.07196779376632223, 0.08164798781374163, 0.12664898380462608, 0.1522056360472019, 0.16486798544411932, 0.12339975272472332, 0.13109641732277505, 0.12433208883719794, 0.07372231783150154], [0.05393810210333528, 0.09334461297213986, 1.0, 0.4122065115030101, 0.06727351107830859, 0.10868249197928252, 0.10033210701655398, 0.10687498382956188, 0.09390372951741503, 0.08695172035083959, 0.03978345999666033, 0.06575181429613029, 0.06567809916941424, 0.07992092196324938, 0.12247281952047002, 0.09926762148944743, 0.14614646478368656, 0.10803372409279609, 0.13776589425243352, 0.0781196365044064], [0.09647054558751895, 0.16691463140157467, 0.4122065115030101, 1.0, 0.06130517128268564, 0.04863511953223886, 0.10276231216256936, 0.12549834227334847, 0.09956299098224665, 0.09093129219583487, 0.07358829688009098, 0.08958965481853111, 0.09463265593221035, 0.07224381954144204, 0.09080228453066884, 0.15732196491777056, 0.09934892861433525, 0.1818804754724993, 0.11047712683871845, 0.08093139192104372], [0.06768350825753557, 0.11312324111577213, 0.06727351107830859, 0.06130517128268564, 1.0, 0.47094342533949274, 0.1164087228045662, 0.11437797477505345, 0.09328961546536016, 0.1244936310634999, 0.055786565603620566, 0.11228184682654746, 0.15118872719211504, 0.08176821884975449, 0.12071544198104461, 0.12809970632682668, 0.11239297241948455, 0.12346007431446891, 0.05639428805353617, 0.09088367273296223], [0.0821429833919601, 0.14244801983391167, 0.10868249197928252, 0.04863511953223886, 0.47094342533949274, 1.0, 0.11146934311950832, 0.09835493088277296, 0.09525512320918929, 0.08117091484645489, 0.05982208986706116, 0.06705077342800099, 0.10577081316457798, 0.07618672638191754, 0.11850483949232139, 0.11775688015656803, 0.10942757081498791, 0.08558352561891068, 0.07443219781243791, 0.05807751580126566], [0.15765710513015302, 0.1052069806168787, 0.10033210701655398, 0.10276231216256936, 0.1164087228045662, 0.11146934311950832, 1.0, 0.9737992057873557, 0.15354312946822085, 0.1098908516147268, 0.08635237589949976, 0.0996302762202708, 0.11489210462098691, 0.11146119484024833, 0.18880679211010903, 0.12931955192806036, 0.1914867967426918, 0.1316391404670736, 0.2552717520049001, 0.15632762035508443], [0.13449213275304492, 0.1341131048905963, 0.10687498382956188, 0.12549834227334847, 0.11437797477505345, 0.09835493088277296, 0.9737992057873557, 1.0, 0.1041120280024783, 0.13104031626241952, 0.10504919272488476, 0.15672214751489824, 0.1836937130922137, 0.14577911657194062, 0.19610708278522004, 0.14910495228720802, 0.18996716293005528, 0.14180288241347475, 0.1602070390826967, 0.11812412927370716], [0.07894806516518998, 0.05917404942507471, 0.09390372951741503, 0.09956299098224665, 0.09328961546536016, 0.09525512320918929, 0.15354312946822085, 0.1041120280024783, 1.0, 0.6782986558663394, 0.07770127033520427, 0.06351319055518131, 0.07376641943583243, 0.07944480390762826, 0.13341172677649424, 0.16505200863326627, 0.08719839385299218, 0.09406969271447081, 0.07507022519483621, 0.11732491100043105], [0.09121858998247935, 0.08116520789796268, 0.08695172035083959, 0.09093129219583487, 0.1244936310634999, 0.08117091484645489, 0.1098908516147268, 0.13104031626241952, 0.6782986558663394, 1.0, 0.053053996912500324, 0.08204618372615757, 0.11434316779441134, 0.1690367288935154, 0.09069316335136951, 0.14430017010400034, 0.14293291226653582, 0.10719655483726179, 0.08813565316570514, 0.0816860986986608], [0.049673716593316236, 0.05570285768666775, 0.03978345999666033, 0.07358829688009098, 0.055786565603620566, 0.05982208986706116, 0.08635237589949976, 0.10504919272488476, 0.07770127033520427, 0.053053996912500324, 1.0, 0.22372742075332225, 0.07241027821153188, 0.07608965645809643, 0.1044209194048068, 0.112436413017745, 0.13180171417814646, 0.09268079621831918, 0.06418011302406543, 0.07288951774726753], [0.06359870469655826, 0.07196779376632223, 0.06575181429613029, 0.08958965481853111, 0.11228184682654746, 0.06705077342800099, 0.0996302762202708, 0.15672214751489824, 0.06351319055518131, 0.08204618372615757, 0.22372742075332225, 1.0, 0.07383517758005781, 0.08272997479970097, 0.10306162066598927, 0.1602050819642122, 0.12114334600615223, 0.09270030209080972, 0.07671326557520383, 0.08050575806329212], [0.08595629025177885, 0.08164798781374163, 0.06567809916941424, 0.09463265593221035, 0.15118872719211504, 0.10577081316457798, 0.11489210462098691, 0.1836937130922137, 0.07376641943583243, 0.11434316779441134, 0.07241027821153188, 0.07383517758005781, 1.0, 0.5621542454039381, 0.12564844357686417, 0.10587970462456152, 0.12347334398318087, 0.17566394647766959, 0.05989580499377722, 0.06383254769927907], [0.08465022783831998, 0.12664898380462608, 0.07992092196324938, 0.07224381954144204, 0.08176821884975449, 0.07618672638191754, 0.11146119484024833, 0.14577911657194062, 0.07944480390762826, 0.1690367288935154, 0.07608965645809643, 0.08272997479970097, 0.5621542454039381, 1.0, 0.16566158910705958, 0.1318951108450651, 0.15023048684856016, 0.13870403640800716, 0.08490577706423255, 0.07470016764645408], [0.11344061411558351, 0.1522056360472019, 0.12247281952047002, 0.09080228453066884, 0.12071544198104461, 0.11850483949232139, 0.18880679211010903, 0.19610708278522004, 0.13341172677649424, 0.09069316335136951, 0.1044209194048068, 0.10306162066598927, 0.12564844357686417, 0.16566158910705958, 1.0, 1.0, 0.1746895311917031, 0.17616869386605824, 0.10177830046479334, 0.11119245026657891], [0.14459689539119272, 0.16486798544411932, 0.09926762148944743, 0.15732196491777056, 0.12809970632682668, 0.11775688015656803, 0.12931955192806036, 0.14910495228720802, 0.16505200863326627, 0.14430017010400034, 0.112436413017745, 0.1602050819642122, 0.10587970462456152, 0.1318951108450651, 1.0, 1.0, 0.19705167960313727, 0.2061791306902195, 0.1345941551550564, 0.1307856160971153], [0.12666348314732254, 0.12339975272472332, 0.14614646478368656, 0.09934892861433525, 0.11239297241948455, 0.10942757081498791, 0.1914867967426918, 0.18996716293005528, 0.08719839385299218, 0.14293291226653582, 0.13180171417814646, 0.12114334600615223, 0.12347334398318087, 0.15023048684856016, 0.1746895311917031, 0.19705167960313727, 1.0, 0.8790645815047375, 0.1585517177275351, 0.1594111922782023], [0.11481650894889162, 0.13109641732277505, 0.10803372409279609, 0.1818804754724993, 0.12346007431446891, 0.08558352561891068, 0.1316391404670736, 0.14180288241347475, 0.09406969271447081, 0.10719655483726179, 0.09268079621831918, 0.09270030209080972, 0.17566394647766959, 0.13870403640800716, 0.17616869386605824, 0.2061791306902195, 0.8790645815047375, 1.0, 0.10347087688781532, 0.12287992944319857], [0.08208089611649316, 0.12433208883719794, 0.13776589425243352, 0.11047712683871845, 0.05639428805353617, 0.07443219781243791, 0.2552717520049001, 0.1602070390826967, 0.07507022519483621, 0.08813565316570514, 0.06418011302406543, 0.07671326557520383, 0.05989580499377722, 0.08490577706423255, 0.10177830046479334, 0.1345941551550564, 0.1585517177275351, 0.10347087688781532, 1.0, 0.5392926691827808], [0.1222723105921901, 0.07372231783150154, 0.0781196365044064, 0.08093139192104372, 0.09088367273296223, 0.05807751580126566, 0.15632762035508443, 0.11812412927370716, 0.11732491100043105, 0.0816860986986608, 0.07288951774726753, 0.08050575806329212, 0.06383254769927907, 0.07470016764645408, 0.11119245026657891, 0.1307856160971153, 0.1594111922782023, 0.12287992944319857, 0.5392926691827808, 1.0]], "meta_info": {"source": "pretrained"}}