{"model": "LSING", "dataset": "0.3_dim20_pair_gau", "N": 100, "seed": 12340, "metrics": {"TP": 5, "FP": 78, "FN": 5, "TN": 102, "TPR": 0.5, "FDR": 0.9397590361445783, "FPR": 0.43333333333333335, "Hamming": 83}, "omega": [[1.0, 0.1660473381290067, 0.13555934700734532, 0.11649016297331118, 0.06071202045833075, 0.1341307042500596, 0.23187323475663987, 0.11766142661970509, 0.20699757212196163, 0.08622880884056579, 0.23389343719023897, 0.22920717420146627, 0.16196034619523805, 0.10952384993725997, 0.07652052555759838, 0.09718953849380231, 0.06992939694304579, 0.12091225092946885, 0.5580196722870842, 0.3374858561898526], [0.1660473381290067, 1.0, 0.14350028353317795, 0.15346291953400354, 0.1262792261790881, 0.13130502677205436, 0.4623122650856646, 0.2068455502609354, 0.2686052670611992, 0.13016288758132435, 0.5268822236824539, 0.3447162645599123, 0.22547724925730592, 0.15842240873227906, 0.1726238517423257, 0.21523688299869756, 0.1736988373179549, 0.22030643812667608, 0.3063130731002943, 0.18009601829638758], [0.13555934700734532, 0.14350028353317795, 1.0, 0.10182700654920068, 0.08972077097761025, 0.11844726780467948, 0.24628755489887733, 0.1436482816915801, 0.33807462210690287, 0.1288013596668443, 0.525785751793294, 0.2257534544714817, 0.11121018198379827, 0.11851956090289646, 0.09624766897730877, 0.1383295413310727, 0.12062598215070007, 0.09970320023508074, 0.312481796945958, 0.19105757939995222], [0.11649016297331118, 0.15346291953400354, 0.10182700654920068, 1.0, 0.07942256722480534, 0.09408615445219465, 0.3297060831706225, 0.1594112788864907, 0.16167163906991122, 0.1099032583849073, 0.3175978185155889, 0.2378991085430832, 0.11455025580883293, 0.09995801391244724, 0.1101991836191706, 0.1022814997003117, 0.08550733397347829, 0.12358459259644748, 0.325202683249606, 0.19124765196057927], [0.06071202045833075, 0.1262792261790881, 0.08972077097761025, 0.07942256722480534, 1.0, 0.13953401129419724, 0.3558204473969595, 0.12500735704299387, 0.14077778990249673, 0.0762903732139273, 0.49957641483012716, 0.17213592610276268, 0.09096404770008992, 0.07283664055984437, 0.08019394418969371, 0.10303007640166909, 0.10465694036360056, 0.14959136154988545, 0.2848838151559264, 0.2989764674139754], [0.1341307042500596, 0.13130502677205436, 0.11844726780467948, 0.09408615445219465, 0.13953401129419724, 1.0, 0.36916432047611, 0.09971333919024751, 0.14487140974470986, 0.16439547465280593, 0.3533779091229961, 0.3781713184876513, 0.1524278198799429, 0.11712294406135741, 0.12012985617072493, 0.1647506331838891, 0.09025648562489157, 0.15017874674242715, 0.615555767893705, 0.23510960561639957], [0.23187323475663987, 0.4623122650856646, 0.24628755489887733, 0.3297060831706225, 0.3558204473969595, 0.36916432047611, 1.0, 0.8504361301613518, 0.6124601146169355, 0.46922584349235674, 0.7564120479995844, 0.8696591669703471, 0.40988782701146037, 0.3305142184252753, 0.35880773426296086, 0.33692217163969457, 0.34659775695380035, 0.45524081881745276, 0.6406204497749936, 0.2831665988223303], [0.11766142661970509, 0.2068455502609354, 0.1436482816915801, 0.1594112788864907, 0.12500735704299387, 0.09971333919024751, 0.8504361301613518, 1.0, 0.4034850218962229, 0.11415692379921448, 0.4238785210575135, 0.29904094143268195, 0.06958500418590007, 0.15454171125660104, 0.14861370089698844, 0.19436626920612562, 0.07489064812673164, 0.0900295923080247, 0.7026095305489283, 0.1200599669548037], [0.20699757212196163, 0.2686052670611992, 0.33807462210690287, 0.16167163906991122, 0.14077778990249673, 0.14487140974470986, 0.6124601146169355, 0.4034850218962229, 1.0, 0.2180505755294863, 0.5596075313201523, 0.5407112760302649, 0.17760116327224557, 0.16591979020224965, 0.1840059543905984, 0.3048537183772623, 0.2274116421398154, 0.19481243062182446, 0.30189930395545045, 0.22596513397055745], [0.08622880884056579, 0.13016288758132435, 0.1288013596668443, 0.1099032583849073, 0.0762903732139273, 0.16439547465280593, 0.46922584349235674, 0.11415692379921448, 0.2180505755294863, 1.0, 0.21775869769202744, 0.1849868374520209, 0.0867596747969441, 0.12827097405612187, 0.13525820259135926, 0.21984004188097156, 0.05583087714433948, 0.09365393383059807, 0.29179325354310925, 0.18990195822061187], [0.23389343719023897, 0.5268822236824539, 0.525785751793294, 0.3175978185155889, 0.49957641483012716, 0.3533779091229961, 0.7564120479995844, 0.4238785210575135, 0.5596075313201523, 0.21775869769202744, 1.0, 0.8536806388950482, 0.5595570024035807, 0.1738963541592398, 0.2950825098133756, 0.24416644325926634, 0.26849446661190585, 0.9518067178687851, 0.823627457522689, 1.0], [0.22920717420146627, 0.3447162645599123, 0.2257534544714817, 0.2378991085430832, 0.17213592610276268, 0.3781713184876513, 0.8696591669703471, 0.29904094143268195, 0.5407112760302649, 0.1849868374520209, 0.8536806388950482, 1.0, 0.1525586828379304, 0.32799424326194593, 0.30239331038329387, 0.32701270537953964, 0.10241240573862709, 0.3943728820364554, 0.45886268537518937, 0.5806616630014642], [0.16196034619523805, 0.22547724925730592, 0.11121018198379827, 0.11455025580883293, 0.09096404770008992, 0.1524278198799429, 0.40988782701146037, 0.06958500418590007, 0.17760116327224557, 0.0867596747969441, 0.5595570024035807, 0.1525586828379304, 1.0, 0.06654573444226118, 0.06603199507023191, 0.18993165133660378, 0.053432757919445906, 0.09426954094593458, 0.39864947480126073, 0.2368291095154062], [0.10952384993725997, 0.15842240873227906, 0.11851956090289646, 0.09995801391244724, 0.07283664055984437, 0.11712294406135741, 0.3305142184252753, 0.15454171125660104, 0.16591979020224965, 0.12827097405612187, 0.1738963541592398, 0.32799424326194593, 0.06654573444226118, 1.0, 0.08783620480232786, 0.15698805783154912, 0.1448970360777498, 0.120847578741254, 0.37105247955073767, 0.17508036527465368], [0.07652052555759838, 0.1726238517423257, 0.09624766897730877, 0.1101991836191706, 0.08019394418969371, 0.12012985617072493, 0.35880773426296086, 0.14861370089698844, 0.1840059543905984, 0.13525820259135926, 0.2950825098133756, 0.30239331038329387, 0.06603199507023191, 0.08783620480232786, 1.0, 0.30515265708046085, 0.10390297862125805, 0.14274412469411352, 0.2972975818021113, 0.17809225746992421], [0.09718953849380231, 0.21523688299869756, 0.1383295413310727, 0.1022814997003117, 0.10303007640166909, 0.1647506331838891, 0.33692217163969457, 0.19436626920612562, 0.3048537183772623, 0.21984004188097156, 0.24416644325926634, 0.32701270537953964, 0.18993165133660378, 0.15698805783154912, 0.30515265708046085, 1.0, 0.11542154897817555, 0.17829685887112912, 0.311747992489031, 0.17181796097275553], [0.06992939694304579, 0.1736988373179549, 0.12062598215070007, 0.08550733397347829, 0.10465694036360056, 0.09025648562489157, 0.34659775695380035, 0.07489064812673164, 0.2274116421398154, 0.05583087714433948, 0.26849446661190585, 0.10241240573862709, 0.053432757919445906, 0.1448970360777498, 0.10390297862125805, 0.11542154897817555, 1.0, 0.11088120552198473, 0.2350694429037244, 0.16159312086431546], [0.12091225092946885, 0.22030643812667608, 0.09970320023508074, 0.12358459259644748, 0.14959136154988545, 0.15017874674242715, 0.45524081881745276, 0.0900295923080247, 0.19481243062182446, 0.09365393383059807, 0.9518067178687851, 0.3943728820364554, 0.09426954094593458, 0.120847578741254, 0.14274412469411352, 0.17829685887112912, 0.11088120552198473, 1.0, 0.24472242073876646, 0.1654444677126082], [0.5580196722870842, 0.3063130731002943, 0.312481796945958, 0.325202683249606, 0.2848838151559264, 0.615555767893705, 0.6406204497749936, 0.7026095305489283, 0.30189930395545045, 0.29179325354310925, 0.823627457522689, 0.45886268537518937, 0.39864947480126073, 0.37105247955073767, 0.2972975818021113, 0.311747992489031, 0.2350694429037244, 0.24472242073876646, 1.0, 0.4655944777223224], [0.3374858561898526, 0.18009601829638758, 0.19105757939995222, 0.19124765196057927, 0.2989764674139754, 0.23510960561639957, 0.2831665988223303, 0.1200599669548037, 0.22596513397055745, 0.18990195822061187, 1.0, 0.5806616630014642, 0.2368291095154062, 0.17508036527465368, 0.17809225746992421, 0.17181796097275553, 0.16159312086431546, 0.1654444677126082, 0.4655944777223224, 1.0]], "meta_info": {"source": "pretrained"}}