{"model": "LSING", "dataset": "dim20_pair_gau", "N": 1000, "seed": 123450, "metrics": {"TP": 10, "FP": 0, "FN": 0, "TN": 180, "TPR": 1.0, "FDR": 0.0, "FPR": 0.0, "Hamming": 0}, "omega": [[1.0, 0.797929525924507, 0.0931181086240199, 0.07310595935321934, 0.07866117620371295, 0.06494427122407846, 0.07426042563933243, 0.06117411844537145, 0.04371759750320513, 0.06759457742725275, 0.036265437189282844, 0.047969145361622396, 0.05727548304343716, 0.061472349222606554, 0.06128453931394283, 0.06011864900843457, 0.08236252614798767, 0.0562131866836572, 0.05509628787703565, 0.06984370893659271], [0.797929525924507, 1.0, 0.10711495624792994, 0.10841549636845219, 0.07990484039242976, 0.07228098507108822, 0.11491400250449432, 0.10857363778343404, 0.06980383886635541, 0.0771203743215701, 0.07230388000252716, 0.08558023825035806, 0.09625938247517328, 0.11948127209807981, 0.11250869745442643, 0.09238354013444129, 0.11827163903635388, 0.09096092713066095, 0.08777555801993132, 0.12798305158677736], [0.0931181086240199, 0.10711495624792994, 1.0, 0.853896115488017, 0.08718603981143179, 0.054311140006468986, 0.10309071646120055, 0.11306443031809334, 0.06265755929934388, 0.07757059549187918, 0.06924523584919573, 0.07192689868140201, 0.09993343119602721, 0.0694916389307969, 0.07117179606269401, 0.0671958071944008, 0.08166870898704273, 0.0704928907640084, 0.0737266272163018, 0.058293318704379274], [0.07310595935321934, 0.10841549636845219, 0.853896115488017, 1.0, 0.09688761784154937, 0.0681488000242367, 0.07781926882446843, 0.118615394490454, 0.05159027168604543, 0.11630261995501721, 0.0906056668077715, 0.0876901454859623, 0.10556150952054007, 0.07054220566047177, 0.08697833771782831, 0.08700222386283969, 0.08632815012394923, 0.09138767933883254, 0.06601761161110101, 0.08170558601270812], [0.07866117620371295, 0.07990484039242976, 0.08718603981143179, 0.09688761784154937, 1.0, 0.7718571874231769, 0.07186495025860681, 0.10609538070802543, 0.07954955743170994, 0.1292937431572307, 0.0730941375548049, 0.07501141464086544, 0.08706544162112323, 0.07696571913246453, 0.07250561379385355, 0.0753221997120261, 0.10192643344164824, 0.10199494521826154, 0.07742507951828974, 0.07401063496811584], [0.06494427122407846, 0.07228098507108822, 0.054311140006468986, 0.0681488000242367, 0.7718571874231769, 1.0, 0.07030272490399879, 0.09831917117133619, 0.04383034683432839, 0.07228788799236181, 0.04804946114978342, 0.0522819996986452, 0.06667039770450847, 0.04746463220614531, 0.06607327965295766, 0.07192118262923472, 0.06691077427226878, 0.06067108968477119, 0.05073941104489136, 0.05551635869127365], [0.07426042563933243, 0.11491400250449432, 0.10309071646120055, 0.07781926882446843, 0.07186495025860681, 0.07030272490399879, 1.0, 1.0, 0.06584386788003367, 0.07032056674830256, 0.08441760455844666, 0.09209008917338907, 0.08299206480659764, 0.06908405773096912, 0.10611306732149244, 0.11540455135261166, 0.0864701507658805, 0.07369086267830008, 0.06565483067756656, 0.07618954877862566], [0.06117411844537145, 0.10857363778343404, 0.11306443031809334, 0.118615394490454, 0.10609538070802543, 0.09831917117133619, 1.0, 1.0, 0.0733752331114412, 0.0868771110423611, 0.08677771803115349, 0.1101330414941858, 0.1445968712086485, 0.0929130066469327, 0.098619179018255, 0.1350570243066136, 0.11021948566642435, 0.11278006682894498, 0.062389229862045835, 0.0736878777186676], [0.04371759750320513, 0.06980383886635541, 0.06265755929934388, 0.05159027168604543, 0.07954955743170994, 0.04383034683432839, 0.06584386788003367, 0.0733752331114412, 1.0, 0.7063226089005119, 0.0486706787887462, 0.06299152065783517, 0.08748368523905316, 0.06277641922767795, 0.06686027897465065, 0.06830150835993085, 0.07765245065250506, 0.07393958452052583, 0.051845125146324465, 0.05166877644777722], [0.06759457742725275, 0.0771203743215701, 0.07757059549187918, 0.11630261995501721, 0.1292937431572307, 0.07228788799236181, 0.07032056674830256, 0.0868771110423611, 0.7063226089005119, 1.0, 0.08131188018590652, 0.1035737527836123, 0.09277347999646281, 0.07818281621025955, 0.09776450390268433, 0.08692229291779487, 0.0787758271125869, 0.08273669391019596, 0.07085434900145436, 0.08541781181748559], [0.036265437189282844, 0.07230388000252716, 0.06924523584919573, 0.0906056668077715, 0.0730941375548049, 0.04804946114978342, 0.08441760455844666, 0.08677771803115349, 0.0486706787887462, 0.08131188018590652, 1.0, 0.658506983602501, 0.0823714713249578, 0.06958231314333803, 0.04988220049231977, 0.07027460548470907, 0.06519569020209347, 0.06225882787420114, 0.043259962443451344, 0.05510728662861752], [0.047969145361622396, 0.08558023825035806, 0.07192689868140201, 0.0876901454859623, 0.07501141464086544, 0.0522819996986452, 0.09209008917338907, 0.1101330414941858, 0.06299152065783517, 0.1035737527836123, 0.658506983602501, 1.0, 0.06773976191832612, 0.07448575451785121, 0.08748834216415692, 0.09075774290120328, 0.0703841418609083, 0.06307775947261254, 0.05420854374226465, 0.0647633658536762], [0.05727548304343716, 0.09625938247517328, 0.09993343119602721, 0.10556150952054007, 0.08706544162112323, 0.06667039770450847, 0.08299206480659764, 0.1445968712086485, 0.08748368523905316, 0.09277347999646281, 0.0823714713249578, 0.06773976191832612, 1.0, 0.7256893892013254, 0.0779196514322606, 0.10653419887978184, 0.09037440681769696, 0.08866719101056154, 0.09039378803446559, 0.07893931428951079], [0.061472349222606554, 0.11948127209807981, 0.0694916389307969, 0.07054220566047177, 0.07696571913246453, 0.04746463220614531, 0.06908405773096912, 0.0929130066469327, 0.06277641922767795, 0.07818281621025955, 0.06958231314333803, 0.07448575451785121, 0.7256893892013254, 1.0, 0.08530855679717803, 0.08540522841777813, 0.06798111029580427, 0.1255487539439628, 0.08039004671258085, 0.06254234567868655], [0.06128453931394283, 0.11250869745442643, 0.07117179606269401, 0.08697833771782831, 0.07250561379385355, 0.06607327965295766, 0.10611306732149244, 0.098619179018255, 0.06686027897465065, 0.09776450390268433, 0.04988220049231977, 0.08748834216415692, 0.0779196514322606, 0.08530855679717803, 1.0, 0.8448261329250969, 0.08180656690601709, 0.07817708883917708, 0.08008143810711103, 0.07229940579705421], [0.06011864900843457, 0.09238354013444129, 0.0671958071944008, 0.08700222386283969, 0.0753221997120261, 0.07192118262923472, 0.11540455135261166, 0.1350570243066136, 0.06830150835993085, 0.08692229291779487, 0.07027460548470907, 0.09075774290120328, 0.10653419887978184, 0.08540522841777813, 0.8448261329250969, 1.0, 0.09552824199990717, 0.09383598333069182, 0.0647637523137803, 0.0734471243927305], [0.08236252614798767, 0.11827163903635388, 0.08166870898704273, 0.08632815012394923, 0.10192643344164824, 0.06691077427226878, 0.0864701507658805, 0.11021948566642435, 0.07765245065250506, 0.0787758271125869, 0.06519569020209347, 0.0703841418609083, 0.09037440681769696, 0.06798111029580427, 0.08180656690601709, 0.09552824199990717, 1.0, 0.9099776534861715, 0.08719622036714474, 0.08377235847953879], [0.0562131866836572, 0.09096092713066095, 0.0704928907640084, 0.09138767933883254, 0.10199494521826154, 0.06067108968477119, 0.07369086267830008, 0.11278006682894498, 0.07393958452052583, 0.08273669391019596, 0.06225882787420114, 0.06307775947261254, 0.08866719101056154, 0.1255487539439628, 0.07817708883917708, 0.09383598333069182, 0.9099776534861715, 1.0, 0.05168600383668536, 0.05952656302317643], [0.05509628787703565, 0.08777555801993132, 0.0737266272163018, 0.06601761161110101, 0.07742507951828974, 0.05073941104489136, 0.06565483067756656, 0.062389229862045835, 0.051845125146324465, 0.07085434900145436, 0.043259962443451344, 0.05420854374226465, 0.09039378803446559, 0.08039004671258085, 0.08008143810711103, 0.0647637523137803, 0.08719622036714474, 0.05168600383668536, 1.0, 0.6143786081144229], [0.06984370893659271, 0.12798305158677736, 0.058293318704379274, 0.08170558601270812, 0.07401063496811584, 0.05551635869127365, 0.07618954877862566, 0.0736878777186676, 0.05166877644777722, 0.08541781181748559, 0.05510728662861752, 0.0647633658536762, 0.07893931428951079, 0.06254234567868655, 0.07229940579705421, 0.0734471243927305, 0.08377235847953879, 0.05952656302317643, 0.6143786081144229, 1.0]], "meta_info": {"source": "pretrained"}}