{"model": "LSING", "dataset": "dim20_pair_gau", "N": 1000, "seed": 12340, "metrics": {"TP": 10, "FP": 0, "FN": 0, "TN": 180, "TPR": 1.0, "FDR": 0.0, "FPR": 0.0, "Hamming": 0}, "omega": [[1.0, 0.7711753708677636, 0.08139114721345003, 0.08031487458170569, 0.08716096784412712, 0.06850347362752837, 0.07506269641985654, 0.05357067898299147, 0.0947079796011449, 0.08295648373832762, 0.06618416311864228, 0.08697537197850984, 0.06856018532338568, 0.06889984227403083, 0.0776464686715174, 0.08306450959742621, 0.07689155171021371, 0.06051329291373968, 0.08803705449529425, 0.09821630059478148], [0.7711753708677636, 1.0, 0.10020506863601979, 0.07342963040612355, 0.09966306784877837, 0.11055355891201478, 0.09077343287008272, 0.06384192032755907, 0.09767222872857272, 0.09687165836036728, 0.06796740839062354, 0.08768166775774347, 0.09150719358618084, 0.09583421556669233, 0.0890070339164057, 0.08774767906097511, 0.08712395453900675, 0.06750261025371528, 0.09507338908816756, 0.08822799004215977], [0.08139114721345003, 0.10020506863601979, 1.0, 0.8088572063944737, 0.09071602695781178, 0.10812449278813278, 0.0905487265872622, 0.10493650060315836, 0.13075504249877182, 0.14856910426875986, 0.0692430455135223, 0.11936092056798936, 0.096625260707189, 0.11592646998590046, 0.09469447709189968, 0.09841787211561757, 0.07302619810761234, 0.05953425541471447, 0.1051769193174742, 0.08414040041014306], [0.08031487458170569, 0.07342963040612355, 0.8088572063944737, 1.0, 0.07264930801664916, 0.07992399313743935, 0.07002489228653828, 0.06429479819013152, 0.0760304977369702, 0.0816468531517078, 0.08857881519935928, 0.11926876333907913, 0.07435983122673362, 0.0779382912186946, 0.06438881823308501, 0.06101780746092892, 0.06197797239749258, 0.06810155558856941, 0.06575584026913382, 0.08832358364231749], [0.08716096784412712, 0.09966306784877837, 0.09071602695781178, 0.07264930801664916, 1.0, 0.8410013932923421, 0.07057808442088119, 0.07492741967395432, 0.09968647740475987, 0.09527407548307627, 0.06739512530490563, 0.08716264553379341, 0.08106048325792986, 0.08420393856740112, 0.07551042551069452, 0.06863052680149738, 0.08988685487336451, 0.06801118162807171, 0.07155029979735823, 0.09044838628237623], [0.06850347362752837, 0.11055355891201478, 0.10812449278813278, 0.07992399313743935, 0.8410013932923421, 1.0, 0.08236692623418372, 0.06653444736555285, 0.09058563575992053, 0.08519498167152965, 0.0709130554107343, 0.09003375106648996, 0.06931336674365526, 0.08050368987594121, 0.07266482375349394, 0.06913443535560888, 0.08013434938847633, 0.05581636784121142, 0.07032428468519253, 0.07465209344430614], [0.07506269641985654, 0.09077343287008272, 0.0905487265872622, 0.07002489228653828, 0.07057808442088119, 0.08236692623418372, 1.0, 0.619717180861194, 0.06978808060500498, 0.07122472965477313, 0.07464206780226587, 0.09565601021331188, 0.0620516576846633, 0.0813535611797884, 0.08940944803084357, 0.05525595585616669, 0.06477948851985887, 0.05754470493372663, 0.1021419353226336, 0.09576239887870165], [0.05357067898299147, 0.06384192032755907, 0.10493650060315836, 0.06429479819013152, 0.07492741967395432, 0.06653444736555285, 0.619717180861194, 1.0, 0.05616854238156494, 0.05925306739522365, 0.05191903110992015, 0.0641132360111343, 0.053780637505874807, 0.06872105840697235, 0.08626030593191727, 0.06269430538904004, 0.061669746094974824, 0.043993431324294174, 0.066888079760375, 0.07438667136882585], [0.0947079796011449, 0.09767222872857272, 0.13075504249877182, 0.0760304977369702, 0.09968647740475987, 0.09058563575992053, 0.06978808060500498, 0.05616854238156494, 1.0, 0.9362311314871342, 0.09113855599283475, 0.13146170852675937, 0.09419774210739575, 0.08250754844647094, 0.08933888961010261, 0.09196610245384676, 0.07894777444631035, 0.06498932410858563, 0.07331087890343427, 0.11253414098470896], [0.08295648373832762, 0.09687165836036728, 0.14856910426875986, 0.0816468531517078, 0.09527407548307627, 0.08519498167152965, 0.07122472965477313, 0.05925306739522365, 0.9362311314871342, 1.0, 0.07692505343730845, 0.11952835399668489, 0.09569863220854076, 0.08140841295417084, 0.09484054311789715, 0.09241266583962351, 0.07021478650878334, 0.07365648152840537, 0.10435675179842548, 0.10456232374134515], [0.06618416311864228, 0.06796740839062354, 0.0692430455135223, 0.08857881519935928, 0.06739512530490563, 0.0709130554107343, 0.07464206780226587, 0.05191903110992015, 0.09113855599283475, 0.07692505343730845, 1.0, 0.8414459232025406, 0.076121309921579, 0.09185221046605294, 0.07912165540994752, 0.08754218232483357, 0.07765320835586643, 0.05899175855199415, 0.11958820123667711, 0.09312926784003125], [0.08697537197850984, 0.08768166775774347, 0.11936092056798936, 0.11926876333907913, 0.08716264553379341, 0.09003375106648996, 0.09565601021331188, 0.0641132360111343, 0.13146170852675937, 0.11952835399668489, 0.8414459232025406, 1.0, 0.10581634759323269, 0.07328248545211653, 0.09380054329376532, 0.08905510551048162, 0.08736726003657595, 0.07606342528923948, 0.09679135487671989, 0.11222736096638627], [0.06856018532338568, 0.09150719358618084, 0.096625260707189, 0.07435983122673362, 0.08106048325792986, 0.06931336674365526, 0.0620516576846633, 0.053780637505874807, 0.09419774210739575, 0.09569863220854076, 0.076121309921579, 0.10581634759323269, 1.0, 0.8137381957176566, 0.06976613758119729, 0.06495932528181136, 0.0698576844781772, 0.0563545287439149, 0.06875422170356543, 0.08338383757742537], [0.06889984227403083, 0.09583421556669233, 0.11592646998590046, 0.0779382912186946, 0.08420393856740112, 0.08050368987594121, 0.0813535611797884, 0.06872105840697235, 0.08250754844647094, 0.08140841295417084, 0.09185221046605294, 0.07328248545211653, 0.8137381957176566, 1.0, 0.08293084111954893, 0.066695939458775, 0.08664778860832519, 0.051129370063398155, 0.08304534922440986, 0.07950881122612734], [0.0776464686715174, 0.0890070339164057, 0.09469447709189968, 0.06438881823308501, 0.07551042551069452, 0.07266482375349394, 0.08940944803084357, 0.08626030593191727, 0.08933888961010261, 0.09484054311789715, 0.07912165540994752, 0.09380054329376532, 0.06976613758119729, 0.08293084111954893, 1.0, 0.7044953752459551, 0.06507728711333013, 0.07256067682860654, 0.07854566115898505, 0.09941765366885276], [0.08306450959742621, 0.08774767906097511, 0.09841787211561757, 0.06101780746092892, 0.06863052680149738, 0.06913443535560888, 0.05525595585616669, 0.06269430538904004, 0.09196610245384676, 0.09241266583962351, 0.08754218232483357, 0.08905510551048162, 0.06495932528181136, 0.066695939458775, 0.7044953752459551, 1.0, 0.05830142251885318, 0.05989174794205329, 0.06554448029686545, 0.07810567258115911], [0.07689155171021371, 0.08712395453900675, 0.07302619810761234, 0.06197797239749258, 0.08988685487336451, 0.08013434938847633, 0.06477948851985887, 0.061669746094974824, 0.07894777444631035, 0.07021478650878334, 0.07765320835586643, 0.08736726003657595, 0.0698576844781772, 0.08664778860832519, 0.06507728711333013, 0.05830142251885318, 1.0, 0.5888889505970145, 0.07844106299342878, 0.09095716592165676], [0.06051329291373968, 0.06750261025371528, 0.05953425541471447, 0.06810155558856941, 0.06801118162807171, 0.05581636784121142, 0.05754470493372663, 0.043993431324294174, 0.06498932410858563, 0.07365648152840537, 0.05899175855199415, 0.07606342528923948, 0.0563545287439149, 0.051129370063398155, 0.07256067682860654, 0.05989174794205329, 0.5888889505970145, 1.0, 0.05934314920631394, 0.06127720576273673], [0.08803705449529425, 0.09507338908816756, 0.1051769193174742, 0.06575584026913382, 0.07155029979735823, 0.07032428468519253, 0.1021419353226336, 0.066888079760375, 0.07331087890343427, 0.10435675179842548, 0.11958820123667711, 0.09679135487671989, 0.06875422170356543, 0.08304534922440986, 0.07854566115898505, 0.06554448029686545, 0.07844106299342878, 0.05934314920631394, 1.0, 1.0], [0.09821630059478148, 0.08822799004215977, 0.08414040041014306, 0.08832358364231749, 0.09044838628237623, 0.07465209344430614, 0.09576239887870165, 0.07438667136882585, 0.11253414098470896, 0.10456232374134515, 0.09312926784003125, 0.11222736096638627, 0.08338383757742537, 0.07950881122612734, 0.09941765366885276, 0.07810567258115911, 0.09095716592165676, 0.06127720576273673, 1.0, 1.0]], "meta_info": {"source": "pretrained"}}