{"model": "LSING", "dataset": "dim20_pair_gau", "N": 1000, "seed": 1230, "metrics": {"TP": 10, "FP": 0, "FN": 0, "TN": 180, "TPR": 1.0, "FDR": 0.0, "FPR": 0.0, "Hamming": 0}, "omega": [[1.0, 0.7838836372135833, 0.09442197838508151, 0.08186670156007378, 0.07585921958556627, 0.10529474697664884, 0.10233559732393972, 0.07621029996596616, 0.07770923225875292, 0.11336261226673337, 0.10574941820259164, 0.07524009830306982, 0.08615226718602531, 0.10848563543613263, 0.08550621506893467, 0.05643969221781718, 0.08974808987136991, 0.08388166187887929, 0.09938601765463528, 0.06136973113266193], [0.7838836372135833, 1.0, 0.07958670777999968, 0.07079688300445554, 0.0690637849846422, 0.09319366882444652, 0.08820652139352578, 0.09430885041578918, 0.11233908720709654, 0.10799357618149925, 0.09887547875578849, 0.09137586956662158, 0.09367065645053935, 0.09097486285193566, 0.11822947771199059, 0.07998783967432464, 0.08890474212518674, 0.0853214968640748, 0.10833182721364294, 0.06390786879962089], [0.09442197838508151, 0.07958670777999968, 1.0, 0.6274176256637087, 0.04496992940969939, 0.07070798981328155, 0.08922494225338072, 0.07569143975061413, 0.07113399333713846, 0.07765963608576487, 0.06808353139673087, 0.0804285345935685, 0.06153814468953672, 0.07911143198547076, 0.07821180034408377, 0.05256962284977056, 0.06025450885793658, 0.10777063124436723, 0.09698101948701485, 0.04985154414592661], [0.08186670156007378, 0.07079688300445554, 0.6274176256637087, 1.0, 0.05098360151735749, 0.096741863786627, 0.06245133485057732, 0.05688851598987126, 0.0724950089626118, 0.06835324344700863, 0.06289567249731727, 0.06162845866961383, 0.08518174005606746, 0.09602286010539425, 0.09331921148444075, 0.060312437300648294, 0.07237995479162372, 0.08775546316491481, 0.08318896156930003, 0.05079965160253221], [0.07585921958556627, 0.0690637849846422, 0.04496992940969939, 0.05098360151735749, 1.0, 0.7572111358404879, 0.07283090974703248, 0.049138115652867645, 0.06125389771842082, 0.08545832446852857, 0.07040100239598836, 0.06914050915015593, 0.08932997735900905, 0.08167971447425629, 0.10604035133117781, 0.052175000296675746, 0.05914705867405019, 0.06783482136039323, 0.09862362358101995, 0.05580898243023651], [0.10529474697664884, 0.09319366882444652, 0.07070798981328155, 0.096741863786627, 0.7572111358404879, 1.0, 0.07804642239345573, 0.07508268803646673, 0.06114555004659437, 0.09990910894178691, 0.11464495248906945, 0.09278256950136293, 0.09814990940248804, 0.08271454325529852, 0.12938048621674533, 0.08438990060185869, 0.10263177547940172, 0.11816317005719057, 0.13135168373374212, 0.07738461015980984], [0.10233559732393972, 0.08820652139352578, 0.08922494225338072, 0.06245133485057732, 0.07283090974703248, 0.07804642239345573, 1.0, 0.7818062560677701, 0.06476246550111737, 0.09216738355376884, 0.08050685010524353, 0.08194265117657094, 0.07428757826418803, 0.09470152955498788, 0.09507453671391129, 0.0779197312102733, 0.09866296441207956, 0.106902623109293, 0.09201727126012184, 0.06262885053195588], [0.07621029996596616, 0.09430885041578918, 0.07569143975061413, 0.05688851598987126, 0.049138115652867645, 0.07508268803646673, 0.7818062560677701, 1.0, 0.08209301695898699, 0.07682818666427256, 0.08183009277463624, 0.07720444849381104, 0.07525810852363685, 0.09424463326096114, 0.07978896834652568, 0.08517616330314819, 0.058296891767030276, 0.07552034734946385, 0.11710710455038503, 0.06023570218191616], [0.07770923225875292, 0.11233908720709654, 0.07113399333713846, 0.0724950089626118, 0.06125389771842082, 0.06114555004659437, 0.06476246550111737, 0.08209301695898699, 1.0, 0.933298304732206, 0.06448758353174723, 0.06757695599820522, 0.07700029927948102, 0.10895106272256001, 0.06783363058907685, 0.06086938185643308, 0.06379864799981214, 0.07817905335051065, 0.09014955349173832, 0.0678291726291815], [0.11336261226673337, 0.10799357618149925, 0.07765963608576487, 0.06835324344700863, 0.08545832446852857, 0.09990910894178691, 0.09216738355376884, 0.07682818666427256, 0.933298304732206, 1.0, 0.09640975907476024, 0.11084565655944563, 0.12818436347079876, 0.10199881089357282, 0.09216163780833686, 0.0755077699252312, 0.11760793576822419, 0.11168491719041411, 0.11256660433054455, 0.10133225748109825], [0.10574941820259164, 0.09887547875578849, 0.06808353139673087, 0.06289567249731727, 0.07040100239598836, 0.11464495248906945, 0.08050685010524353, 0.08183009277463624, 0.06448758353174723, 0.09640975907476024, 1.0, 0.9694234210804215, 0.10674578241004753, 0.1247405276441958, 0.1259056872064256, 0.09512968147439983, 0.08741541111071444, 0.1074845488267939, 0.08417184080014024, 0.07404838500990847], [0.07524009830306982, 0.09137586956662158, 0.0804285345935685, 0.06162845866961383, 0.06914050915015593, 0.09278256950136293, 0.08194265117657094, 0.07720444849381104, 0.06757695599820522, 0.11084565655944563, 0.9694234210804215, 1.0, 0.13856696302028226, 0.13892195995863865, 0.0879163581197197, 0.07900614965005531, 0.07975307152028518, 0.09167668562771004, 0.09947038873134892, 0.06344451949520159], [0.08615226718602531, 0.09367065645053935, 0.06153814468953672, 0.08518174005606746, 0.08932997735900905, 0.09814990940248804, 0.07428757826418803, 0.07525810852363685, 0.07700029927948102, 0.12818436347079876, 0.10674578241004753, 0.13856696302028226, 1.0, 0.944818937416139, 0.1135638260185279, 0.08292065778996148, 0.09005506477069919, 0.09593614816943054, 0.09936291575225027, 0.07820932178723076], [0.10848563543613263, 0.09097486285193566, 0.07911143198547076, 0.09602286010539425, 0.08167971447425629, 0.08271454325529852, 0.09470152955498788, 0.09424463326096114, 0.10895106272256001, 0.10199881089357282, 0.1247405276441958, 0.13892195995863865, 0.944818937416139, 1.0, 0.15100425490600286, 0.13090278954814105, 0.07920197441838911, 0.10713203670427246, 0.12041841895211723, 0.08631365347091344], [0.08550621506893467, 0.11822947771199059, 0.07821180034408377, 0.09331921148444075, 0.10604035133117781, 0.12938048621674533, 0.09507453671391129, 0.07978896834652568, 0.06783363058907685, 0.09216163780833686, 0.1259056872064256, 0.0879163581197197, 0.1135638260185279, 0.15100425490600286, 1.0, 0.8854683163073168, 0.12428362196169614, 0.11087079263096507, 0.1265749351106305, 0.061999370634328796], [0.05643969221781718, 0.07998783967432464, 0.05256962284977056, 0.060312437300648294, 0.052175000296675746, 0.08438990060185869, 0.0779197312102733, 0.08517616330314819, 0.06086938185643308, 0.0755077699252312, 0.09512968147439983, 0.07900614965005531, 0.08292065778996148, 0.13090278954814105, 0.8854683163073168, 1.0, 0.11564308798841778, 0.08651190828899012, 0.0693429168027578, 0.05545573957157218], [0.08974808987136991, 0.08890474212518674, 0.06025450885793658, 0.07237995479162372, 0.05914705867405019, 0.10263177547940172, 0.09866296441207956, 0.058296891767030276, 0.06379864799981214, 0.11760793576822419, 0.08741541111071444, 0.07975307152028518, 0.09005506477069919, 0.07920197441838911, 0.12428362196169614, 0.11564308798841778, 1.0, 1.0, 0.0819071783963577, 0.06479733898380871], [0.08388166187887929, 0.0853214968640748, 0.10777063124436723, 0.08775546316491481, 0.06783482136039323, 0.11816317005719057, 0.106902623109293, 0.07552034734946385, 0.07817905335051065, 0.11168491719041411, 0.1074845488267939, 0.09167668562771004, 0.09593614816943054, 0.10713203670427246, 0.11087079263096507, 0.08651190828899012, 1.0, 1.0, 0.11637570182590526, 0.0961561138311534], [0.09938601765463528, 0.10833182721364294, 0.09698101948701485, 0.08318896156930003, 0.09862362358101995, 0.13135168373374212, 0.09201727126012184, 0.11710710455038503, 0.09014955349173832, 0.11256660433054455, 0.08417184080014024, 0.09947038873134892, 0.09936291575225027, 0.12041841895211723, 0.1265749351106305, 0.0693429168027578, 0.0819071783963577, 0.11637570182590526, 1.0, 0.8453918545809164], [0.06136973113266193, 0.06390786879962089, 0.04985154414592661, 0.05079965160253221, 0.05580898243023651, 0.07738461015980984, 0.06262885053195588, 0.06023570218191616, 0.0678291726291815, 0.10133225748109825, 0.07404838500990847, 0.06344451949520159, 0.07820932178723076, 0.08631365347091344, 0.061999370634328796, 0.05545573957157218, 0.06479733898380871, 0.0961561138311534, 0.8453918545809164, 1.0]], "meta_info": {"source": "pretrained"}}