{"model": "LSING", "dataset": "dim20_pair_gau", "N": 1000, "seed": 120, "metrics": {"TP": 10, "FP": 0, "FN": 0, "TN": 180, "TPR": 1.0, "FDR": 0.0, "FPR": 0.0, "Hamming": 0}, "omega": [[1.0, 0.9498213830465991, 0.08909331202304394, 0.08023700780004023, 0.08259683864182706, 0.10060953918969517, 0.12167406020301175, 0.10187860204015085, 0.0891155137249787, 0.11089798288031866, 0.0827852951478122, 0.08131540794123723, 0.07035135297838582, 0.10417396557000312, 0.09775843191508478, 0.08243736491993135, 0.07052142160669975, 0.07549011062256662, 0.1042709416007162, 0.09640432192370892], [0.9498213830465991, 1.0, 0.0954317539806292, 0.08794222118949359, 0.07992969850607544, 0.09133337510107489, 0.09950205365030299, 0.07948873718976905, 0.10568769750364965, 0.13161648342827797, 0.08815744572511916, 0.08895082378604093, 0.0700756459785988, 0.1178843103488378, 0.06894179431481369, 0.05978224260619762, 0.06741688314442457, 0.10231676142129202, 0.09327098595281302, 0.0769975317887098], [0.08909331202304394, 0.0954317539806292, 1.0, 0.8563659282859659, 0.07151283919092655, 0.08702689766546068, 0.07760196592664415, 0.09433987718687761, 0.05770821485204642, 0.09146346413363367, 0.08731041758924349, 0.08459043974020845, 0.07876937525339983, 0.08190735166218889, 0.08364273861542103, 0.09244538136190353, 0.070784229158277, 0.09122141171013932, 0.07628900704206402, 0.08653099789709492], [0.08023700780004023, 0.08794222118949359, 0.8563659282859659, 1.0, 0.059129099547540205, 0.09424035290587185, 0.08926055876344986, 0.08412047283667802, 0.08103555077095118, 0.09834597463105668, 0.09630310736035018, 0.07531319250269419, 0.09930856620274449, 0.09398954407868723, 0.10294535262995393, 0.09878045130595832, 0.07733400344144907, 0.1108754989895931, 0.09536470421370004, 0.10093897037462357], [0.08259683864182706, 0.07992969850607544, 0.07151283919092655, 0.059129099547540205, 1.0, 0.6398806301509431, 0.08262883143968502, 0.0813280921848641, 0.07823959857817896, 0.08283766539683611, 0.05928690293982572, 0.06702121740462931, 0.05876012202641424, 0.07354914200925716, 0.07284372418970202, 0.04588346412451241, 0.06345207932663256, 0.08248153744206294, 0.09720711767922466, 0.07009896788452127], [0.10060953918969517, 0.09133337510107489, 0.08702689766546068, 0.09424035290587185, 0.6398806301509431, 1.0, 0.10523362723533428, 0.06867538529316394, 0.09195117187589075, 0.09643339877072862, 0.08397696986018487, 0.07914999662513608, 0.06767646547765042, 0.08436422409370081, 0.09067248895302144, 0.08779131574542763, 0.0722167177988955, 0.13149218354151834, 0.06869443446173885, 0.1015841907691999], [0.12167406020301175, 0.09950205365030299, 0.07760196592664415, 0.08926055876344986, 0.08262883143968502, 0.10523362723533428, 1.0, 0.9444749144996468, 0.08989600801484575, 0.08475048069007758, 0.0847838131720939, 0.09264992262896427, 0.1171579735036697, 0.13206660590391398, 0.10287261918172319, 0.11428689923431634, 0.0649488599800883, 0.10060492155493662, 0.10011105696633482, 0.09350660504195549], [0.10187860204015085, 0.07948873718976905, 0.09433987718687761, 0.08412047283667802, 0.0813280921848641, 0.06867538529316394, 0.9444749144996468, 1.0, 0.10222461680472444, 0.13267564342464772, 0.11932371261483088, 0.07646342536830483, 0.08834701103352471, 0.10750850214873937, 0.11284398528559329, 0.08437307170992954, 0.08088634131002184, 0.10899742427193011, 0.09682142546042949, 0.09377264636305965], [0.0891155137249787, 0.10568769750364965, 0.05770821485204642, 0.08103555077095118, 0.07823959857817896, 0.09195117187589075, 0.08989600801484575, 0.10222461680472444, 1.0, 1.0, 0.08901874292247709, 0.09389300415792357, 0.08859462457147209, 0.11241989258811473, 0.0816205879925078, 0.07099439567360688, 0.050923575408369934, 0.09854242363572266, 0.11078856773967577, 0.08043001068098825], [0.11089798288031866, 0.13161648342827797, 0.09146346413363367, 0.09834597463105668, 0.08283766539683611, 0.09643339877072862, 0.08475048069007758, 0.13267564342464772, 1.0, 1.0, 0.1069218630069764, 0.11099977607321813, 0.11191813241415417, 0.11292916069414566, 0.07682426217037498, 0.08507750756950054, 0.10206204470691359, 0.1077115982671442, 0.09986846011800166, 0.11052582717230641], [0.0827852951478122, 0.08815744572511916, 0.08731041758924349, 0.09630310736035018, 0.05928690293982572, 0.08397696986018487, 0.0847838131720939, 0.11932371261483088, 0.08901874292247709, 0.1069218630069764, 1.0, 0.9148488083765947, 0.08201207790827758, 0.09067881112209208, 0.07505677980517914, 0.06492894144200638, 0.06748531107580172, 0.10983798201836018, 0.09553048300231543, 0.08028167343995775], [0.08131540794123723, 0.08895082378604093, 0.08459043974020845, 0.07531319250269419, 0.06702121740462931, 0.07914999662513608, 0.09264992262896427, 0.07646342536830483, 0.09389300415792357, 0.11099977607321813, 0.9148488083765947, 1.0, 0.0947107559193517, 0.09542518382746966, 0.08046629616893657, 0.07221861330945997, 0.07452733662580192, 0.11145150616984413, 0.08239691500952487, 0.10340311700607613], [0.07035135297838582, 0.0700756459785988, 0.07876937525339983, 0.09930856620274449, 0.05876012202641424, 0.06767646547765042, 0.1171579735036697, 0.08834701103352471, 0.08859462457147209, 0.11191813241415417, 0.08201207790827758, 0.0947107559193517, 1.0, 0.9987791657792446, 0.09190807965226132, 0.08749267164261468, 0.071217256408935, 0.07909456220489894, 0.07690540142410136, 0.06899885630878363], [0.10417396557000312, 0.1178843103488378, 0.08190735166218889, 0.09398954407868723, 0.07354914200925716, 0.08436422409370081, 0.13206660590391398, 0.10750850214873937, 0.11241989258811473, 0.11292916069414566, 0.09067881112209208, 0.09542518382746966, 0.9987791657792446, 1.0, 0.10393808424481263, 0.10765072814969437, 0.06657278236095447, 0.095259376534936, 0.09762832863056688, 0.08407089027086019], [0.09775843191508478, 0.06894179431481369, 0.08364273861542103, 0.10294535262995393, 0.07284372418970202, 0.09067248895302144, 0.10287261918172319, 0.11284398528559329, 0.0816205879925078, 0.07682426217037498, 0.07505677980517914, 0.08046629616893657, 0.09190807965226132, 0.10393808424481263, 1.0, 0.6539757721255395, 0.0605934327656417, 0.06872841398269972, 0.07556724792616892, 0.07784305206730938], [0.08243736491993135, 0.05978224260619762, 0.09244538136190353, 0.09878045130595832, 0.04588346412451241, 0.08779131574542763, 0.11428689923431634, 0.08437307170992954, 0.07099439567360688, 0.08507750756950054, 0.06492894144200638, 0.07221861330945997, 0.08749267164261468, 0.10765072814969437, 0.6539757721255395, 1.0, 0.055525659854306214, 0.08029190064583037, 0.06545101778370863, 0.05877393360000839], [0.07052142160669975, 0.06741688314442457, 0.070784229158277, 0.07733400344144907, 0.06345207932663256, 0.0722167177988955, 0.0649488599800883, 0.08088634131002184, 0.050923575408369934, 0.10206204470691359, 0.06748531107580172, 0.07452733662580192, 0.071217256408935, 0.06657278236095447, 0.0605934327656417, 0.055525659854306214, 1.0, 0.6542360927102483, 0.0646991827584587, 0.06427404396717991], [0.07549011062256662, 0.10231676142129202, 0.09122141171013932, 0.1108754989895931, 0.08248153744206294, 0.13149218354151834, 0.10060492155493662, 0.10899742427193011, 0.09854242363572266, 0.1077115982671442, 0.10983798201836018, 0.11145150616984413, 0.07909456220489894, 0.095259376534936, 0.06872841398269972, 0.08029190064583037, 0.6542360927102483, 1.0, 0.10984311557403927, 0.07792013236307516], [0.1042709416007162, 0.09327098595281302, 0.07628900704206402, 0.09536470421370004, 0.09720711767922466, 0.06869443446173885, 0.10011105696633482, 0.09682142546042949, 0.11078856773967577, 0.09986846011800166, 0.09553048300231543, 0.08239691500952487, 0.07690540142410136, 0.09762832863056688, 0.07556724792616892, 0.06545101778370863, 0.0646991827584587, 0.10984311557403927, 1.0, 0.8738443941457968], [0.09640432192370892, 0.0769975317887098, 0.08653099789709492, 0.10093897037462357, 0.07009896788452127, 0.1015841907691999, 0.09350660504195549, 0.09377264636305965, 0.08043001068098825, 0.11052582717230641, 0.08028167343995775, 0.10340311700607613, 0.06899885630878363, 0.08407089027086019, 0.07784305206730938, 0.05877393360000839, 0.06427404396717991, 0.07792013236307516, 0.8738443941457968, 1.0]], "meta_info": {"source": "pretrained"}}