{"model": "LSING", "dataset": "dim20_pair_gau", "N": 1000, "seed": 1234560, "metrics": {"TP": 10, "FP": 0, "FN": 0, "TN": 180, "TPR": 1.0, "FDR": 0.0, "FPR": 0.0, "Hamming": 0}, "omega": [[1.0, 0.5355172269015979, 0.0594966032309392, 0.06834261244048599, 0.0620977394284573, 0.07202264550531855, 0.0452893640312306, 0.04979852944651792, 0.06541173416731104, 0.05115770083398922, 0.06022157388435237, 0.0704424558242164, 0.08148886546610885, 0.05969572690852967, 0.04901998243176379, 0.05322481869697652, 0.04322125635460357, 0.054561065568857064, 0.058071058826036866, 0.06539326381309911], [0.5355172269015979, 1.0, 0.0779010962916857, 0.05595535683934953, 0.07950394992995943, 0.060339207530901794, 0.053020021321264175, 0.04962498366344965, 0.08002033663087024, 0.059728455512804375, 0.08031030885787124, 0.08881246266768307, 0.09283255067956843, 0.07187755300997827, 0.054589696159651355, 0.05103034635410872, 0.07423135759705958, 0.06785238179627014, 0.06366429835817485, 0.07591046697150378], [0.0594966032309392, 0.0779010962916857, 1.0, 0.7040681698282897, 0.07435798590525111, 0.08425726937638213, 0.05678528474095399, 0.06740692557247738, 0.10243644261693258, 0.07818732202780734, 0.09680577826191142, 0.08196297078188543, 0.11073291253570051, 0.06789713000667473, 0.07023442844916566, 0.0742338645082406, 0.05540111516289903, 0.05604309102185622, 0.07984932396900148, 0.07133482524047723], [0.06834261244048599, 0.05595535683934953, 0.7040681698282897, 1.0, 0.12214814647436152, 0.12924985890992866, 0.06131082525073922, 0.053584511114947296, 0.09837577378758375, 0.10431523532995046, 0.12398614098093899, 0.08902789360207651, 0.09860308248565405, 0.09124947018760256, 0.08765767392092552, 0.0853480285897155, 0.0617514588311284, 0.07065799776574702, 0.0719215765904597, 0.06954457151171049], [0.0620977394284573, 0.07950394992995943, 0.07435798590525111, 0.12214814647436152, 1.0, 1.0, 0.08734449811872505, 0.06566858772329147, 0.11691898260034662, 0.13064458341660926, 0.10114814620301074, 0.09355847722777387, 0.10837001461396627, 0.07917942056445205, 0.08991081045225442, 0.10028874436472268, 0.06210484542700178, 0.06589960282633052, 0.08694759209978487, 0.10650711750628436], [0.07202264550531855, 0.060339207530901794, 0.08425726937638213, 0.12924985890992866, 1.0, 1.0, 0.07481736427416355, 0.0728308144662725, 0.08905426088068524, 0.10347430076234275, 0.08887310339989206, 0.08697234977490466, 0.08340080922722899, 0.08645562696905076, 0.08246835852562195, 0.08870618258444053, 0.0663722958846398, 0.07582006090887612, 0.08059395830335113, 0.10384623325895197], [0.0452893640312306, 0.053020021321264175, 0.05678528474095399, 0.06131082525073922, 0.08734449811872505, 0.07481736427416355, 1.0, 0.5936552908690413, 0.0804484140706332, 0.06453266710632072, 0.06796247466632117, 0.0710283792459675, 0.08615951234712652, 0.06107411023955982, 0.06508254096027687, 0.05218885846525874, 0.05653994200839145, 0.06791802093318322, 0.055888229898445246, 0.07446954345280644], [0.04979852944651792, 0.04962498366344965, 0.06740692557247738, 0.053584511114947296, 0.06566858772329147, 0.0728308144662725, 0.5936552908690413, 1.0, 0.07294188635760274, 0.07566297347565863, 0.05202961255992967, 0.07405005519028178, 0.08087421123878687, 0.0634787237183819, 0.056543461859699114, 0.052328551696788496, 0.05198820535600063, 0.04732364382457182, 0.06491829356671211, 0.057570336465592946], [0.06541173416731104, 0.08002033663087024, 0.10243644261693258, 0.09837577378758375, 0.11691898260034662, 0.08905426088068524, 0.0804484140706332, 0.07294188635760274, 1.0, 0.9928691481909265, 0.0977404491062618, 0.09516011287107035, 0.09549595571397398, 0.091708077673618, 0.09155274476987406, 0.0920307045001356, 0.0739345090946174, 0.12374941826093061, 0.0827055761524502, 0.08953511913063947], [0.05115770083398922, 0.059728455512804375, 0.07818732202780734, 0.10431523532995046, 0.13064458341660926, 0.10347430076234275, 0.06453266710632072, 0.07566297347565863, 0.9928691481909265, 1.0, 0.08129856839768894, 0.08947127152557897, 0.103231676162875, 0.09624972501065299, 0.07824993622023263, 0.07826043564528967, 0.06485459551293364, 0.06574328010894684, 0.0755951635325076, 0.08121662662927025], [0.06022157388435237, 0.08031030885787124, 0.09680577826191142, 0.12398614098093899, 0.10114814620301074, 0.08887310339989206, 0.06796247466632117, 0.05202961255992967, 0.0977404491062618, 0.08129856839768894, 1.0, 0.9702668123146089, 0.08381276904738165, 0.08228071946143087, 0.0781868965004482, 0.06609113330738563, 0.08887368927089377, 0.077169701100209, 0.07788271844342141, 0.119041389726472], [0.0704424558242164, 0.08881246266768307, 0.08196297078188543, 0.08902789360207651, 0.09355847722777387, 0.08697234977490466, 0.0710283792459675, 0.07405005519028178, 0.09516011287107035, 0.08947127152557897, 0.9702668123146089, 1.0, 0.10292555239741621, 0.11286327208979126, 0.08132848482115541, 0.07706128721310761, 0.04975051577616166, 0.0661731274958413, 0.09279323102652444, 0.09255365912332879], [0.08148886546610885, 0.09283255067956843, 0.11073291253570051, 0.09860308248565405, 0.10837001461396627, 0.08340080922722899, 0.08615951234712652, 0.08087421123878687, 0.09549595571397398, 0.103231676162875, 0.08381276904738165, 0.10292555239741621, 1.0, 0.886977861279265, 0.11722534071420611, 0.08389812120173662, 0.06872673567922825, 0.09658133724821792, 0.07852006283793347, 0.09705535005804687], [0.05969572690852967, 0.07187755300997827, 0.06789713000667473, 0.09124947018760256, 0.07917942056445205, 0.08645562696905076, 0.06107411023955982, 0.0634787237183819, 0.091708077673618, 0.09624972501065299, 0.08228071946143087, 0.11286327208979126, 0.886977861279265, 1.0, 0.07637611107660297, 0.06543492695014995, 0.06281465281383111, 0.060763644861625166, 0.06319005119994521, 0.07866760365735462], [0.04901998243176379, 0.054589696159651355, 0.07023442844916566, 0.08765767392092552, 0.08991081045225442, 0.08246835852562195, 0.06508254096027687, 0.056543461859699114, 0.09155274476987406, 0.07824993622023263, 0.0781868965004482, 0.08132848482115541, 0.11722534071420611, 0.07637611107660297, 1.0, 0.6771898390283038, 0.0525075229536858, 0.07064810579641281, 0.051454065221972094, 0.09670243061720905], [0.05322481869697652, 0.05103034635410872, 0.0742338645082406, 0.0853480285897155, 0.10028874436472268, 0.08870618258444053, 0.05218885846525874, 0.052328551696788496, 0.0920307045001356, 0.07826043564528967, 0.06609113330738563, 0.07706128721310761, 0.08389812120173662, 0.06543492695014995, 0.6771898390283038, 1.0, 0.052068022571155205, 0.06427914684798687, 0.05022769691469723, 0.06647673509952431], [0.04322125635460357, 0.07423135759705958, 0.05540111516289903, 0.0617514588311284, 0.06210484542700178, 0.0663722958846398, 0.05653994200839145, 0.05198820535600063, 0.0739345090946174, 0.06485459551293364, 0.08887368927089377, 0.04975051577616166, 0.06872673567922825, 0.06281465281383111, 0.0525075229536858, 0.052068022571155205, 1.0, 0.6207332125016534, 0.050456254443060664, 0.0700787686910734], [0.054561065568857064, 0.06785238179627014, 0.05604309102185622, 0.07065799776574702, 0.06589960282633052, 0.07582006090887612, 0.06791802093318322, 0.04732364382457182, 0.12374941826093061, 0.06574328010894684, 0.077169701100209, 0.0661731274958413, 0.09658133724821792, 0.060763644861625166, 0.07064810579641281, 0.06427914684798687, 0.6207332125016534, 1.0, 0.04694812363895999, 0.09546603620697591], [0.058071058826036866, 0.06366429835817485, 0.07984932396900148, 0.0719215765904597, 0.08694759209978487, 0.08059395830335113, 0.055888229898445246, 0.06491829356671211, 0.0827055761524502, 0.0755951635325076, 0.07788271844342141, 0.09279323102652444, 0.07852006283793347, 0.06319005119994521, 0.051454065221972094, 0.05022769691469723, 0.050456254443060664, 0.04694812363895999, 1.0, 0.7189652289630745], [0.06539326381309911, 0.07591046697150378, 0.07133482524047723, 0.06954457151171049, 0.10650711750628436, 0.10384623325895197, 0.07446954345280644, 0.057570336465592946, 0.08953511913063947, 0.08121662662927025, 0.119041389726472, 0.09255365912332879, 0.09705535005804687, 0.07866760365735462, 0.09670243061720905, 0.06647673509952431, 0.0700787686910734, 0.09546603620697591, 0.7189652289630745, 1.0]], "meta_info": {"source": "pretrained"}}