{"model": "LSING", "dataset": "0.1_dim20_pair_gau", "N": 100, "seed": 12340, "metrics": {"TP": 3, "FP": 40, "FN": 7, "TN": 140, "TPR": 0.3, "FDR": 0.9302325581395349, "FPR": 0.2222222222222222, "Hamming": 47}, "omega": [[1.0, 0.0657526404399382, 0.044672321534143244, 0.05666487638389429, 0.040226941693635866, 0.057974705230778106, 0.0986589612206934, 0.05218956973744207, 0.07100742149052693, 0.06811347058088499, 0.1192452172208471, 0.1024509365344037, 0.07474214434900296, 0.06360418476742052, 0.08709966412336151, 0.1087572559389559, 0.044017719270276, 0.05360872403509637, 0.4104949723547741, 0.24996450002893683], [0.0657526404399382, 1.0, 0.09480873828079202, 0.08224409413614191, 0.06478188545197515, 0.12650788137169944, 0.1534705363412167, 0.06984331870558068, 0.1268800296023262, 0.05854232976077902, 0.27419096465548337, 0.144911073019171, 0.107539565587226, 0.07387629990934014, 0.09234825807768839, 0.14494489636609606, 0.11155592182648334, 0.07797257731011548, 0.40897239818765363, 0.13648923415332984], [0.044672321534143244, 0.09480873828079202, 1.0, 0.04935732565992674, 0.05722745649827272, 0.0997666135044541, 0.1321195319739661, 0.08093005918570467, 0.13676838064551966, 0.07547491635660825, 0.14821199067732158, 0.24970874109303295, 0.048623690409038446, 0.07379926453583681, 0.08172132813164053, 0.16248939052190373, 0.061190141027899325, 0.0719068732065939, 0.28997292170990496, 0.08323907395365938], [0.05666487638389429, 0.08224409413614191, 0.04935732565992674, 1.0, 0.04095686842644915, 0.09473591836004736, 0.09389861600515458, 0.052133570075708784, 0.08267256301788156, 0.05719109743912886, 0.2034587297493306, 0.09891191643382852, 0.06524325003172081, 0.048594557246737675, 0.057015303294367395, 0.170729125568253, 0.040080570536537345, 0.04912362461556483, 0.49494609597300726, 0.08228535841163037], [0.040226941693635866, 0.06478188545197515, 0.05722745649827272, 0.04095686842644915, 1.0, 0.045970771359460205, 0.08219110076329073, 0.04623488848484071, 0.09588958119915217, 0.03860322990192626, 0.2783767970543671, 0.16710740343700387, 0.06498340860953268, 0.05539395581278068, 0.09475272407585059, 0.1274348986999901, 0.05892452111542517, 0.07447530660490019, 0.6419458551956534, 0.14528141165918526], [0.057974705230778106, 0.12650788137169944, 0.0997666135044541, 0.09473591836004736, 0.045970771359460205, 1.0, 0.17986269034192362, 0.08339746611108398, 0.0761811324661548, 0.09537977942590461, 0.16235309157524086, 0.16141052547985024, 0.06625726067588654, 0.06088216366437786, 0.07876530888726972, 0.21880544805862465, 0.04921931892510833, 0.09459470588663524, 0.332755296212573, 0.3752994238795356], [0.0986589612206934, 0.1534705363412167, 0.1321195319739661, 0.09389861600515458, 0.08219110076329073, 0.17986269034192362, 1.0, 0.1696980952153643, 0.1567056937673727, 0.1724735626083116, 0.19665636021362526, 0.2549439012782433, 0.12697900236650406, 0.13081513086011923, 0.07550909705093324, 0.14018428521760845, 0.10253198375575176, 0.10706902216554452, 0.3552123323346775, 0.13765650528004883], [0.05218956973744207, 0.06984331870558068, 0.08093005918570467, 0.052133570075708784, 0.04623488848484071, 0.08339746611108398, 0.1696980952153643, 1.0, 0.11292359212853098, 0.06083369322925737, 0.18084571979755457, 0.19300856003258476, 0.039262519234016045, 0.047653347824906156, 0.05085512858838702, 0.3266136640969677, 0.04944096780512673, 0.04708913159961228, 0.7359281226952131, 0.1404656672086491], [0.07100742149052693, 0.1268800296023262, 0.13676838064551966, 0.08267256301788156, 0.09588958119915217, 0.0761811324661548, 0.1567056937673727, 0.11292359212853098, 1.0, 0.060671467897688014, 0.37915014959891824, 0.16534969468071942, 0.12406156625332154, 0.05383302081779634, 0.10881916429839525, 0.2840155665846075, 0.06927562976994374, 0.10367973581954934, 0.37137986307843784, 0.2480782438559267], [0.06811347058088499, 0.05854232976077902, 0.07547491635660825, 0.05719109743912886, 0.03860322990192626, 0.09537977942590461, 0.1724735626083116, 0.06083369322925737, 0.060671467897688014, 1.0, 0.23849699966136764, 0.08848848232764196, 0.050636762318205325, 0.03821457513006365, 0.08024289260121682, 0.16884030148020607, 0.06869842126578034, 0.06575390154384382, 0.36023580989264586, 0.20390362102945903], [0.1192452172208471, 0.27419096465548337, 0.14821199067732158, 0.2034587297493306, 0.2783767970543671, 0.16235309157524086, 0.19665636021362526, 0.18084571979755457, 0.37915014959891824, 0.23849699966136764, 1.0, 0.2396573025137877, 0.17540757797877063, 0.1419851665260491, 0.26897853550459166, 0.2374818878885858, 0.14826281503455915, 0.44271420342228446, 1.0, 0.44901897501397064], [0.1024509365344037, 0.144911073019171, 0.24970874109303295, 0.09891191643382852, 0.16710740343700387, 0.16141052547985024, 0.2549439012782433, 0.19300856003258476, 0.16534969468071942, 0.08848848232764196, 0.2396573025137877, 1.0, 0.15330635806455462, 0.21504918878649842, 0.09972861210159131, 0.14909680777080012, 0.1355190276520737, 0.13026529786767316, 0.3272361362588573, 0.2963625882402921], [0.07474214434900296, 0.107539565587226, 0.048623690409038446, 0.06524325003172081, 0.06498340860953268, 0.06625726067588654, 0.12697900236650406, 0.039262519234016045, 0.12406156625332154, 0.050636762318205325, 0.17540757797877063, 0.15330635806455462, 1.0, 0.033797059037546776, 0.06843791501122021, 0.20969288159990315, 0.04493960388489478, 0.07788443092559526, 0.5319929574473043, 0.11763227155836142], [0.06360418476742052, 0.07387629990934014, 0.07379926453583681, 0.048594557246737675, 0.05539395581278068, 0.06088216366437786, 0.13081513086011923, 0.047653347824906156, 0.05383302081779634, 0.03821457513006365, 0.1419851665260491, 0.21504918878649842, 0.033797059037546776, 1.0, 0.05886968906554519, 0.11481126107033159, 0.06224125970642797, 0.14267323271184026, 0.15341310313468132, 0.1885782937017338], [0.08709966412336151, 0.09234825807768839, 0.08172132813164053, 0.057015303294367395, 0.09475272407585059, 0.07876530888726972, 0.07550909705093324, 0.05085512858838702, 0.10881916429839525, 0.08024289260121682, 0.26897853550459166, 0.09972861210159131, 0.06843791501122021, 0.05886968906554519, 1.0, 0.3997913498394147, 0.03816438963518354, 0.09256436599540648, 0.3277410785229858, 0.15487474125970643], [0.1087572559389559, 0.14494489636609606, 0.16248939052190373, 0.170729125568253, 0.1274348986999901, 0.21880544805862465, 0.14018428521760845, 0.3266136640969677, 0.2840155665846075, 0.16884030148020607, 0.2374818878885858, 0.14909680777080012, 0.20969288159990315, 0.11481126107033159, 0.3997913498394147, 1.0, 0.2667502126881862, 0.15585553313888537, 0.7092092181268806, 0.30941487238658966], [0.044017719270276, 0.11155592182648334, 0.061190141027899325, 0.040080570536537345, 0.05892452111542517, 0.04921931892510833, 0.10253198375575176, 0.04944096780512673, 0.06927562976994374, 0.06869842126578034, 0.14826281503455915, 0.1355190276520737, 0.04493960388489478, 0.06224125970642797, 0.03816438963518354, 0.2667502126881862, 1.0, 0.1134652954676283, 0.3964027449466008, 0.09550168059651154], [0.05360872403509637, 0.07797257731011548, 0.0719068732065939, 0.04912362461556483, 0.07447530660490019, 0.09459470588663524, 0.10706902216554452, 0.04708913159961228, 0.10367973581954934, 0.06575390154384382, 0.44271420342228446, 0.13026529786767316, 0.07788443092559526, 0.14267323271184026, 0.09256436599540648, 0.15585553313888537, 0.1134652954676283, 1.0, 0.2607971893613125, 0.17018191658607512], [0.4104949723547741, 0.40897239818765363, 0.28997292170990496, 0.49494609597300726, 0.6419458551956534, 0.332755296212573, 0.3552123323346775, 0.7359281226952131, 0.37137986307843784, 0.36023580989264586, 1.0, 0.3272361362588573, 0.5319929574473043, 0.15341310313468132, 0.3277410785229858, 0.7092092181268806, 0.3964027449466008, 0.2607971893613125, 1.0, 0.5243977025919587], [0.24996450002893683, 0.13648923415332984, 0.08323907395365938, 0.08228535841163037, 0.14528141165918526, 0.3752994238795356, 0.13765650528004883, 0.1404656672086491, 0.2480782438559267, 0.20390362102945903, 0.44901897501397064, 0.2963625882402921, 0.11763227155836142, 0.1885782937017338, 0.15487474125970643, 0.30941487238658966, 0.09550168059651154, 0.17018191658607512, 0.5243977025919587, 1.0]], "meta_info": {"source": "pretrained"}}