{"model": "LSING", "dataset": "0.1_dim20_pair_gau", "N": 100, "seed": 123450, "metrics": {"TP": 8, "FP": 115, "FN": 2, "TN": 65, "TPR": 0.8, "FDR": 0.9349593495934959, "FPR": 0.6388888888888888, "Hamming": 117}, "omega": [[1.0, 0.8661972733912462, 0.7198572228049707, 0.3950568918430803, 0.36930457663077176, 0.4078124385020453, 0.5988975150928587, 0.41517504587031934, 0.36444547365786045, 0.5424387702513276, 0.45370033840842394, 0.8086232166342694, 0.2913742321375596, 0.4444225027919049, 0.5737142164355133, 0.48096638778690004, 0.3687252679416484, 1.0, 0.5929834465631632, 0.6067167732240536], [0.8661972733912462, 1.0, 0.4038217725082923, 0.2917049977796683, 0.16691269119356375, 0.24501089341720986, 0.1401506538394403, 0.3781791601073391, 0.26871815939135985, 0.27182687452852705, 0.2196877678312587, 0.4111631932349279, 0.15832628747348057, 0.3217502886213152, 0.4944575767279147, 0.22202630098190668, 0.13695965341674324, 0.27513934993615935, 0.42133532154687725, 0.27318612310678975], [0.7198572228049707, 0.4038217725082923, 1.0, 0.26237099807425884, 0.21675031206208686, 0.3040482321678691, 0.25203295270971504, 0.26567525830912664, 0.17631423411966765, 0.19080791399700808, 0.4749240001120796, 0.3396376580030665, 0.25801790504263333, 0.3597856335980614, 0.4176539429067843, 0.13098544567939152, 0.1463913041060709, 0.4871360752058454, 0.8927365334674799, 0.3545725150083629], [0.3950568918430803, 0.2917049977796683, 0.26237099807425884, 1.0, 0.17162964496607247, 0.21350842063385372, 0.15112008183991088, 0.2196682520260186, 0.1948983068458065, 0.14346044991235876, 0.1543439565820215, 0.3668493629506938, 0.13416592773722524, 0.28609610629157944, 0.3407556356248705, 0.1993926850400886, 0.15120559432005026, 0.27535472156560803, 0.2634187296998829, 0.23869976002101165], [0.36930457663077176, 0.16691269119356375, 0.21675031206208686, 0.17162964496607247, 1.0, 0.31231947198735116, 0.08437814849085587, 0.1298685692287212, 0.14792476122848397, 0.10184549740390728, 0.1221825010169479, 0.1464519857222805, 0.20872468791883345, 0.22865139353206965, 0.3862836815269166, 0.1276435602803429, 0.11534443815359549, 0.3543942315858838, 0.19546654658449966, 0.18439672121388745], [0.4078124385020453, 0.24501089341720986, 0.3040482321678691, 0.21350842063385372, 0.31231947198735116, 1.0, 0.12670808814558748, 0.121101622504798, 0.23717564649920797, 0.15547504468192672, 0.22735980701376235, 0.25942725690747753, 0.17643468697793177, 0.16592211689138736, 0.22624759691205448, 0.1222712134349856, 0.10560426329852216, 0.2944232114663969, 0.3277611021218477, 0.2634824722447635], [0.5988975150928587, 0.1401506538394403, 0.25203295270971504, 0.15112008183991088, 0.08437814849085587, 0.12670808814558748, 1.0, 0.11404478364876434, 0.13623046552391269, 0.14080716716312042, 0.13366120976405174, 0.23022686960051364, 0.16760427300191136, 0.1175237484999269, 0.32391486126388497, 0.086903570007718, 0.1174017747171762, 0.1688374783704368, 0.5351166254708734, 0.27367161419586217], [0.41517504587031934, 0.3781791601073391, 0.26567525830912664, 0.2196682520260186, 0.1298685692287212, 0.121101622504798, 0.11404478364876434, 1.0, 0.10625651639823712, 0.18591893221724734, 0.2021253311554131, 0.26764364532128193, 0.14699077731016164, 0.21768680359784226, 0.30411897151052225, 0.13088774672366155, 0.15405787559230197, 0.3501479385258677, 0.3356580963934683, 0.2258957727348501], [0.36444547365786045, 0.26871815939135985, 0.17631423411966765, 0.1948983068458065, 0.14792476122848397, 0.23717564649920797, 0.13623046552391269, 0.10625651639823712, 1.0, 0.204518612136236, 0.15574905094857172, 0.33588078372421093, 0.1575015920645029, 0.28727552054049404, 0.2721602895229672, 0.1337170369599914, 0.09234894848514286, 0.23717375488344866, 0.46952419485582997, 0.21661586560827767], [0.5424387702513276, 0.27182687452852705, 0.19080791399700808, 0.14346044991235876, 0.10184549740390728, 0.15547504468192672, 0.14080716716312042, 0.18591893221724734, 0.204518612136236, 1.0, 0.1106191274734239, 0.3145216343603771, 0.1423027320055826, 0.1398224312484893, 0.6538538536574091, 0.1334432078619694, 0.10319580305521567, 0.28183800834992995, 0.31864536216700884, 0.3209003371437125], [0.45370033840842394, 0.2196877678312587, 0.4749240001120796, 0.1543439565820215, 0.1221825010169479, 0.22735980701376235, 0.13366120976405174, 0.2021253311554131, 0.15574905094857172, 0.1106191274734239, 1.0, 0.40109145684177794, 0.1772580304540325, 0.15647333808472325, 0.30101036812587106, 0.14361168650028516, 0.0884064232947629, 0.3657423670578441, 0.6389700430209028, 0.2300476676268661], [0.8086232166342694, 0.4111631932349279, 0.3396376580030665, 0.3668493629506938, 0.1464519857222805, 0.25942725690747753, 0.23022686960051364, 0.26764364532128193, 0.33588078372421093, 0.3145216343603771, 0.40109145684177794, 1.0, 0.409891040751727, 0.6046966148145895, 0.45068719075216856, 0.6018021701357373, 0.38348880561418475, 0.3041927145427529, 0.45003041303838953, 0.5914337716975687], [0.2913742321375596, 0.15832628747348057, 0.25801790504263333, 0.13416592773722524, 0.20872468791883345, 0.17643468697793177, 0.16760427300191136, 0.14699077731016164, 0.1575015920645029, 0.1423027320055826, 0.1772580304540325, 0.409891040751727, 1.0, 0.1837888529427381, 0.43970123700767977, 0.22856561121048907, 0.13772945653497642, 0.3751297555738066, 0.3870662108036227, 0.22938284918327445], [0.4444225027919049, 0.3217502886213152, 0.3597856335980614, 0.28609610629157944, 0.22865139353206965, 0.16592211689138736, 0.1175237484999269, 0.21768680359784226, 0.28727552054049404, 0.1398224312484893, 0.15647333808472325, 0.6046966148145895, 0.1837888529427381, 1.0, 0.23985795764590545, 0.15426533732415196, 0.1740553287252047, 0.244740016221014, 0.4697066621834828, 0.23704087841620627], [0.5737142164355133, 0.4944575767279147, 0.4176539429067843, 0.3407556356248705, 0.3862836815269166, 0.22624759691205448, 0.32391486126388497, 0.30411897151052225, 0.2721602895229672, 0.6538538536574091, 0.30101036812587106, 0.45068719075216856, 0.43970123700767977, 0.23985795764590545, 1.0, 0.506058586338304, 0.29230996593674285, 0.3624234072786104, 0.9350431359260571, 0.24026283428584636], [0.48096638778690004, 0.22202630098190668, 0.13098544567939152, 0.1993926850400886, 0.1276435602803429, 0.1222712134349856, 0.086903570007718, 0.13088774672366155, 0.1337170369599914, 0.1334432078619694, 0.14361168650028516, 0.6018021701357373, 0.22856561121048907, 0.15426533732415196, 0.506058586338304, 1.0, 0.08759224352497745, 0.4300522849137483, 0.4521446452609901, 0.17254596108417602], [0.3687252679416484, 0.13695965341674324, 0.1463913041060709, 0.15120559432005026, 0.11534443815359549, 0.10560426329852216, 0.1174017747171762, 0.15405787559230197, 0.09234894848514286, 0.10319580305521567, 0.0884064232947629, 0.38348880561418475, 0.13772945653497642, 0.1740553287252047, 0.29230996593674285, 0.08759224352497745, 1.0, 0.29889191656437225, 0.33765599697254256, 0.16323553461804025], [1.0, 0.27513934993615935, 0.4871360752058454, 0.27535472156560803, 0.3543942315858838, 0.2944232114663969, 0.1688374783704368, 0.3501479385258677, 0.23717375488344866, 0.28183800834992995, 0.3657423670578441, 0.3041927145427529, 0.3751297555738066, 0.244740016221014, 0.3624234072786104, 0.4300522849137483, 0.29889191656437225, 1.0, 0.6848655366470299, 0.4639100210171049], [0.5929834465631632, 0.42133532154687725, 0.8927365334674799, 0.2634187296998829, 0.19546654658449966, 0.3277611021218477, 0.5351166254708734, 0.3356580963934683, 0.46952419485582997, 0.31864536216700884, 0.6389700430209028, 0.45003041303838953, 0.3870662108036227, 0.4697066621834828, 0.9350431359260571, 0.4521446452609901, 0.33765599697254256, 0.6848655366470299, 1.0, 0.4323235375983981], [0.6067167732240536, 0.27318612310678975, 0.3545725150083629, 0.23869976002101165, 0.18439672121388745, 0.2634824722447635, 0.27367161419586217, 0.2258957727348501, 0.21661586560827767, 0.3209003371437125, 0.2300476676268661, 0.5914337716975687, 0.22938284918327445, 0.23704087841620627, 0.24026283428584636, 0.17254596108417602, 0.16323553461804025, 0.4639100210171049, 0.4323235375983981, 1.0]], "meta_info": {"source": "pretrained"}}