{"model": "LSING", "dataset": "dim20_cop_gau", "N": 100, "seed": 12340, "metrics": {"TP": 19, "FP": 41, "FN": 0, "TN": 130, "TPR": 1.0, "FDR": 0.6833333333333333, "FPR": 0.23976608187134502, "Hamming": 41}, "omega": [[1.0, 0.32008370324866225, 0.14473328383854536, 0.13638453926714897, 0.0506392949164249, 0.06749531736283308, 0.3743138883580237, 0.13541824841563416, 0.05236382850682068, 0.062347460794009976, 0.06097354043639222, 0.10113148524965049, 0.04780551693735851, 0.09916779931811052, 0.064514865017423, 0.04502204217667535, 0.04527013389675853, 0.06607886920088514, 0.0879698011792608, 0.03226770594574768], [0.32008370324866225, 1.0, 0.545749010915372, 0.3773518598610354, 0.1772272793488357, 0.12231543910393976, 0.37154103847460335, 0.11532556887555528, 0.1166702737145357, 0.14534869651057886, 0.1213139328484915, 0.18945641147254003, 0.1535800169602931, 0.07643585576519601, 0.09867957971283235, 0.23233847269574515, 0.12506660965905342, 0.092999415635609, 0.1399263590155622, 0.12912351730937455], [0.14473328383854536, 0.545749010915372, 1.0, 0.9294055425286377, 0.3861501996957321, 0.16956659750751724, 0.5549304482492826, 0.16454955129963922, 0.13175777177167897, 0.14079169038239764, 0.1595203252603027, 0.10891751903536599, 0.12538686077132025, 0.22155933471646144, 0.23812099365858555, 0.12531287890593948, 0.12298719217797488, 0.19552082543852178, 0.203452923312859, 0.1370816699910704], [0.13638453926714897, 0.3773518598610354, 0.9294055425286377, 1.0, 1.0, 0.4884747566703754, 0.48920812914516837, 0.33323033680292447, 0.08277463747625538, 0.28792248529926495, 0.10456355082621288, 0.19420445703530628, 0.3015072905410076, 0.12844287694543677, 0.22023219610114103, 0.183813237041858, 0.3260897530571197, 0.32923339199339086, 0.18007271948436987, 0.33557957034760943], [0.0506392949164249, 0.1772272793488357, 0.3861501996957321, 1.0, 1.0, 0.23148618802482468, 0.17353093843875375, 0.1865342756971396, 0.14758679648856204, 0.2517600718177396, 0.13089241982645877, 0.17297197806368883, 0.21024322951078656, 0.06383114754189445, 0.18608513701675033, 0.13218820212805604, 0.10567655977313894, 0.10852704675752668, 0.21924882969182696, 0.12372019166954472], [0.06749531736283308, 0.12231543910393976, 0.16956659750751724, 0.4884747566703754, 0.23148618802482468, 1.0, 0.9931518531072095, 0.29098379269055363, 0.12854440812336676, 0.1680099893241398, 0.06372984272619642, 0.12825164973309114, 0.10035092010794021, 0.09635078307647633, 0.1015583491147251, 0.10699693324448135, 0.0913064807980314, 0.10870188843103583, 0.048814219196714935, 0.10555096474657236], [0.3743138883580237, 0.37154103847460335, 0.5549304482492826, 0.48920812914516837, 0.17353093843875375, 0.9931518531072095, 1.0, 0.9394801229163382, 0.5419618061475414, 0.44506171138613754, 0.22280456621598427, 0.45177744666242164, 0.2692895373380283, 0.29810904811203714, 0.45747266125577246, 0.3937630985277215, 0.36306482238518334, 0.3889072093675112, 0.2103687036393429, 0.3913059004875822], [0.13541824841563416, 0.11532556887555528, 0.16454955129963922, 0.33323033680292447, 0.1865342756971396, 0.29098379269055363, 0.9394801229163382, 1.0, 0.38955029417932774, 0.3305508922077662, 0.09942817504772487, 0.11736954780584105, 0.07595878707214014, 0.07804746739864256, 0.1360886600362151, 0.12430973152430948, 0.10167873266536033, 0.0732547898917081, 0.10340486558209387, 0.15938542880384085], [0.05236382850682068, 0.1166702737145357, 0.13175777177167897, 0.08277463747625538, 0.14758679648856204, 0.12854440812336676, 0.5419618061475414, 0.38955029417932774, 1.0, 0.3957451699598633, 0.1486589200434887, 0.12456381284049639, 0.0491221522165009, 0.07233393804288737, 0.12054384081845669, 0.08694709147065258, 0.05077415471763894, 0.09730878662661811, 0.06868027413042485, 0.08010401972199467], [0.062347460794009976, 0.14534869651057886, 0.14079169038239764, 0.28792248529926495, 0.2517600718177396, 0.1680099893241398, 0.44506171138613754, 0.3305508922077662, 0.3957451699598633, 1.0, 0.3073115062659432, 0.13518558791179586, 0.11837504369562767, 0.3093039260533031, 0.16524955335130417, 0.08927362448468895, 0.18717161913961813, 0.1777700651135076, 0.07723647840126693, 0.23986837118524848], [0.06097354043639222, 0.1213139328484915, 0.1595203252603027, 0.10456355082621288, 0.13089241982645877, 0.06372984272619642, 0.22280456621598427, 0.09942817504772487, 0.1486589200434887, 0.3073115062659432, 1.0, 0.20328360436335016, 0.15328194677446064, 0.273724588241441, 0.10291222934099431, 0.055956280727772686, 0.04718075846328772, 0.0707208216150579, 0.09430474630771818, 0.11953704334583629], [0.10113148524965049, 0.18945641147254003, 0.10891751903536599, 0.19420445703530628, 0.17297197806368883, 0.12825164973309114, 0.45177744666242164, 0.11736954780584105, 0.12456381284049639, 0.13518558791179586, 0.20328360436335016, 1.0, 0.2138612645223976, 0.20354772793128234, 0.12420714827646047, 0.16467112067969417, 0.08928873930826871, 0.04424491748366112, 0.084617852399025, 0.04002477951341134], [0.04780551693735851, 0.1535800169602931, 0.12538686077132025, 0.3015072905410076, 0.21024322951078656, 0.10035092010794021, 0.2692895373380283, 0.07595878707214014, 0.0491221522165009, 0.11837504369562767, 0.15328194677446064, 0.2138612645223976, 1.0, 0.20702138499567, 0.14350703396970685, 0.04382577179900705, 0.06798452665980158, 0.05090275933297141, 0.07766834409997851, 0.07693618317758617], [0.09916779931811052, 0.07643585576519601, 0.22155933471646144, 0.12844287694543677, 0.06383114754189445, 0.09635078307647633, 0.29810904811203714, 0.07804746739864256, 0.07233393804288737, 0.3093039260533031, 0.273724588241441, 0.20354772793128234, 0.20702138499567, 1.0, 0.3527064454937546, 0.15317493917389596, 0.13154190966052065, 0.07799141959554873, 0.05114213224867686, 0.08194238714901275], [0.064514865017423, 0.09867957971283235, 0.23812099365858555, 0.22023219610114103, 0.18608513701675033, 0.1015583491147251, 0.45747266125577246, 0.1360886600362151, 0.12054384081845669, 0.16524955335130417, 0.10291222934099431, 0.12420714827646047, 0.14350703396970685, 0.3527064454937546, 1.0, 0.28549173048349596, 0.14580920989312432, 0.12398138153150472, 0.15276520295565693, 0.04973936035260157], [0.04502204217667535, 0.23233847269574515, 0.12531287890593948, 0.183813237041858, 0.13218820212805604, 0.10699693324448135, 0.3937630985277215, 0.12430973152430948, 0.08694709147065258, 0.08927362448468895, 0.055956280727772686, 0.16467112067969417, 0.04382577179900705, 0.15317493917389596, 0.28549173048349596, 1.0, 0.27061686115881123, 0.21557361763826036, 0.10868252674330867, 0.11118064490147161], [0.04527013389675853, 0.12506660965905342, 0.12298719217797488, 0.3260897530571197, 0.10567655977313894, 0.0913064807980314, 0.36306482238518334, 0.10167873266536033, 0.05077415471763894, 0.18717161913961813, 0.04718075846328772, 0.08928873930826871, 0.06798452665980158, 0.13154190966052065, 0.14580920989312432, 0.27061686115881123, 1.0, 0.3464799716034754, 0.30264673628155875, 0.1211896934230186], [0.06607886920088514, 0.092999415635609, 0.19552082543852178, 0.32923339199339086, 0.10852704675752668, 0.10870188843103583, 0.3889072093675112, 0.0732547898917081, 0.09730878662661811, 0.1777700651135076, 0.0707208216150579, 0.04424491748366112, 0.05090275933297141, 0.07799141959554873, 0.12398138153150472, 0.21557361763826036, 0.3464799716034754, 1.0, 0.41468363233760636, 0.14653184045109136], [0.0879698011792608, 0.1399263590155622, 0.203452923312859, 0.18007271948436987, 0.21924882969182696, 0.048814219196714935, 0.2103687036393429, 0.10340486558209387, 0.06868027413042485, 0.07723647840126693, 0.09430474630771818, 0.084617852399025, 0.07766834409997851, 0.05114213224867686, 0.15276520295565693, 0.10868252674330867, 0.30264673628155875, 0.41468363233760636, 1.0, 0.5104736055566906], [0.03226770594574768, 0.12912351730937455, 0.1370816699910704, 0.33557957034760943, 0.12372019166954472, 0.10555096474657236, 0.3913059004875822, 0.15938542880384085, 0.08010401972199467, 0.23986837118524848, 0.11953704334583629, 0.04002477951341134, 0.07693618317758617, 0.08194238714901275, 0.04973936035260157, 0.11118064490147161, 0.1211896934230186, 0.14653184045109136, 0.5104736055566906, 1.0]], "meta_info": {"source": "pretrained"}}