{"model": "LSING", "dataset": "0.7_dim20_pair_gau", "N": 1000, "seed": 1230, "metrics": {"TP": 10, "FP": 2, "FN": 0, "TN": 178, "TPR": 1.0, "FDR": 0.16666666666666666, "FPR": 0.011111111111111112, "Hamming": 2}, "omega": [[1.0, 0.6620659355890949, 0.07020732635433692, 0.0615948821742618, 0.08683718022458135, 0.0799686677595016, 0.07034721786170062, 0.06873723065074759, 0.08712158868633646, 0.09825915258634697, 0.08414360478910293, 0.12211285676693504, 0.0906681759476031, 0.13050911594456563, 0.07996840897566464, 0.06707814485977513, 0.09035844435679181, 0.07952136115353714, 0.06500729378475793, 0.0815196346683752], [0.6620659355890949, 1.0, 0.06255256326847745, 0.04581843709918655, 0.05192925561427263, 0.07721203700405861, 0.04720678977233213, 0.0846148978930433, 0.07719899982609726, 0.10270265698943085, 0.08436133998210482, 0.10416111244528556, 0.0895510940596738, 0.0928415154719168, 0.10925307638205442, 0.09137298503367144, 0.050670840064393055, 0.0712517025464008, 0.06793428596001909, 0.06969736642271776], [0.07020732635433692, 0.06255256326847745, 1.0, 0.5191903440645178, 0.0536589316060549, 0.0842690395760986, 0.05261967707274497, 0.0783253803449063, 0.09617204837888961, 0.06536623701648828, 0.08683717771211692, 0.1271485088382871, 0.07461931942845736, 0.08215305961487177, 0.09941803183264301, 0.06789634900325912, 0.08603977174923884, 0.09813725283681354, 0.060977539512623705, 0.05696387003781239], [0.0615948821742618, 0.04581843709918655, 0.5191903440645178, 1.0, 0.04944403131712551, 0.056000402737999326, 0.049987665809588, 0.0729298026682292, 0.07371106102217344, 0.052962922426675635, 0.09882831371748499, 0.10058481026712764, 0.11516798548269909, 0.09911895560350723, 0.10311656038071113, 0.08870268506873338, 0.06785768971297365, 0.08342040697582334, 0.07504531028614196, 0.05257895504915707], [0.08683718022458135, 0.05192925561427263, 0.0536589316060549, 0.04944403131712551, 1.0, 0.7073324244509984, 0.0577646929523242, 0.05787016620937134, 0.10157995723102138, 0.0765934556974533, 0.08644157008686373, 0.12015859660409679, 0.09448519483096421, 0.08796557071493964, 0.11812516114946896, 0.09728519574751124, 0.06922260109292605, 0.10160416733833216, 0.06560823256608968, 0.06780008141590757], [0.0799686677595016, 0.07721203700405861, 0.0842690395760986, 0.056000402737999326, 0.7073324244509984, 1.0, 0.06995766276327511, 0.06710575935639747, 0.09319774775452008, 0.08094137339104793, 0.09826766481585807, 0.11788756995002488, 0.08697058706123427, 0.11219143117772996, 0.12275636423321555, 0.08215591628693614, 0.11010335213407121, 0.09122940271605043, 0.13321353266408784, 0.09857921794338585], [0.07034721786170062, 0.04720678977233213, 0.05261967707274497, 0.049987665809588, 0.0577646929523242, 0.06995766276327511, 1.0, 0.5764195805961205, 0.06005040621726008, 0.08597401050507611, 0.07056766902875843, 0.07268879200468693, 0.06878584935005962, 0.10555149016476702, 0.11452049576028661, 0.05256957099448649, 0.08418649004457071, 0.07619623004510295, 0.04828613193195973, 0.045578190224833004], [0.06873723065074759, 0.0846148978930433, 0.0783253803449063, 0.0729298026682292, 0.05787016620937134, 0.06710575935639747, 0.5764195805961205, 1.0, 0.10720809866580501, 0.07170949617892348, 0.09666572502849537, 0.10003625134436947, 0.10929939115147813, 0.12065986340876542, 0.10978420131408724, 0.08598391463988506, 0.06155491640246931, 0.10018778058700335, 0.06511575938694902, 0.06417883124897944], [0.08712158868633646, 0.07719899982609726, 0.09617204837888961, 0.07371106102217344, 0.10157995723102138, 0.09319774775452008, 0.06005040621726008, 0.10720809866580501, 1.0, 0.866953149251563, 0.08137557498251123, 0.10361809350661003, 0.15255436832342725, 0.14964921574528098, 0.11205759722212284, 0.10302499863924926, 0.08276027453236605, 0.09393260340278535, 0.08505058686345307, 0.09539203369484145], [0.09825915258634697, 0.10270265698943085, 0.06536623701648828, 0.052962922426675635, 0.0765934556974533, 0.08094137339104793, 0.08597401050507611, 0.07170949617892348, 0.866953149251563, 1.0, 0.0850719503485572, 0.10299486414079706, 0.10881783965524325, 0.10042548233488265, 0.09254054735706027, 0.06623666775821521, 0.08881699466320395, 0.08346176465291369, 0.06286532489139923, 0.07459179538055474], [0.08414360478910293, 0.08436133998210482, 0.08683717771211692, 0.09882831371748499, 0.08644157008686373, 0.09826766481585807, 0.07056766902875843, 0.09666572502849537, 0.08137557498251123, 0.0850719503485572, 1.0, 0.9776193285939276, 0.10792743733371003, 0.0978020750061887, 0.14279525296175338, 0.09747920322637417, 0.08523763732829115, 0.1397141374243276, 0.06590761029095786, 0.0890153461930777], [0.12211285676693504, 0.10416111244528556, 0.1271485088382871, 0.10058481026712764, 0.12015859660409679, 0.11788756995002488, 0.07268879200468693, 0.10003625134436947, 0.10361809350661003, 0.10299486414079706, 0.9776193285939276, 1.0, 0.2063680501515237, 0.19448745001904247, 0.12432019747246882, 0.11740883492642339, 0.10617689783724649, 0.1470080528304138, 0.10112105937037882, 0.11808300450868778], [0.0906681759476031, 0.0895510940596738, 0.07461931942845736, 0.11516798548269909, 0.09448519483096421, 0.08697058706123427, 0.06878584935005962, 0.10929939115147813, 0.15255436832342725, 0.10881783965524325, 0.10792743733371003, 0.2063680501515237, 1.0, 1.0, 0.14220303996940983, 0.10529668104653912, 0.0847717535602827, 0.10760860810917394, 0.08380919577259568, 0.12683266190903722], [0.13050911594456563, 0.0928415154719168, 0.08215305961487177, 0.09911895560350723, 0.08796557071493964, 0.11219143117772996, 0.10555149016476702, 0.12065986340876542, 0.14964921574528098, 0.10042548233488265, 0.0978020750061887, 0.19448745001904247, 1.0, 1.0, 0.21185063949656804, 0.16344516299140688, 0.09660125519105302, 0.11944076541485371, 0.08275938511995551, 0.12658079739912897], [0.07996840897566464, 0.10925307638205442, 0.09941803183264301, 0.10311656038071113, 0.11812516114946896, 0.12275636423321555, 0.11452049576028661, 0.10978420131408724, 0.11205759722212284, 0.09254054735706027, 0.14279525296175338, 0.12432019747246882, 0.14220303996940983, 0.21185063949656804, 1.0, 0.9058510834590838, 0.10399128241169572, 0.12261022925172699, 0.10557923028461116, 0.08231298802611708], [0.06707814485977513, 0.09137298503367144, 0.06789634900325912, 0.08870268506873338, 0.09728519574751124, 0.08215591628693614, 0.05256957099448649, 0.08598391463988506, 0.10302499863924926, 0.06623666775821521, 0.09747920322637417, 0.11740883492642339, 0.10529668104653912, 0.16344516299140688, 0.9058510834590838, 1.0, 0.10316679961958475, 0.08679434019347343, 0.09129434489680685, 0.08279758211678466], [0.09035844435679181, 0.050670840064393055, 0.08603977174923884, 0.06785768971297365, 0.06922260109292605, 0.11010335213407121, 0.08418649004457071, 0.06155491640246931, 0.08276027453236605, 0.08881699466320395, 0.08523763732829115, 0.10617689783724649, 0.0847717535602827, 0.09660125519105302, 0.10399128241169572, 0.10316679961958475, 1.0, 0.8999078387845236, 0.04344922584739797, 0.07516100173605263], [0.07952136115353714, 0.0712517025464008, 0.09813725283681354, 0.08342040697582334, 0.10160416733833216, 0.09122940271605043, 0.07619623004510295, 0.10018778058700335, 0.09393260340278535, 0.08346176465291369, 0.1397141374243276, 0.1470080528304138, 0.10760860810917394, 0.11944076541485371, 0.12261022925172699, 0.08679434019347343, 0.8999078387845236, 1.0, 0.06916133464764034, 0.07997796136545246], [0.06500729378475793, 0.06793428596001909, 0.060977539512623705, 0.07504531028614196, 0.06560823256608968, 0.13321353266408784, 0.04828613193195973, 0.06511575938694902, 0.08505058686345307, 0.06286532489139923, 0.06590761029095786, 0.10112105937037882, 0.08380919577259568, 0.08275938511995551, 0.10557923028461116, 0.09129434489680685, 0.04344922584739797, 0.06916133464764034, 1.0, 0.5607264463292975], [0.0815196346683752, 0.06969736642271776, 0.05696387003781239, 0.05257895504915707, 0.06780008141590757, 0.09857921794338585, 0.045578190224833004, 0.06417883124897944, 0.09539203369484145, 0.07459179538055474, 0.0890153461930777, 0.11808300450868778, 0.12683266190903722, 0.12658079739912897, 0.08231298802611708, 0.08279758211678466, 0.07516100173605263, 0.07997796136545246, 0.5607264463292975, 1.0]], "meta_info": {"source": "pretrained"}}