{"model": "LSING", "dataset": "0.1_dim20_pair_gau", "N": 200, "seed": 123450, "metrics": {"TP": 6, "FP": 81, "FN": 4, "TN": 99, "TPR": 0.6, "FDR": 0.9310344827586207, "FPR": 0.45, "Hamming": 85}, "omega": [[1.0, 0.5312568961116039, 0.20426105835622077, 0.1862198893434485, 0.1092834850757908, 0.13915288674605772, 0.217684451487162, 0.15617374798746927, 0.26150482579538414, 0.1140582935325899, 0.1541889302390865, 0.15901143421897723, 0.149702851841565, 0.12617812532558276, 0.09681164287839829, 0.10174008692392025, 0.6212175705789996, 0.1754382222428857, 0.16656211752918718, 0.1445068446334907], [0.5312568961116039, 1.0, 0.6939584948508483, 0.3989047069706415, 0.26315676643486735, 0.3500161439476043, 0.9523320934884401, 0.5675955275683061, 0.3782759204097507, 0.47970044108305615, 0.45520856963045087, 0.3661739641092428, 0.524823174012475, 0.4214425722582125, 0.3661158526918398, 0.5419676717816466, 0.5258220715894469, 0.32302398962703627, 0.4624004944689903, 0.24462619728616422], [0.20426105835622077, 0.6939584948508483, 1.0, 0.21578627984064205, 0.09870779928578088, 0.09284717171882986, 0.28172139266593976, 0.13719919732703822, 0.2692201573564822, 0.10970380244685103, 0.3309020827344997, 0.16056748803590626, 0.14526546970092089, 0.13352168199001258, 0.11822356330342626, 0.14607403046615575, 0.40577590581189094, 0.1569416642713323, 0.12858825034238866, 0.12773139269568634], [0.1862198893434485, 0.3989047069706415, 0.21578627984064205, 1.0, 0.15696080215735436, 0.21769433258566584, 0.3575239885069489, 0.13430046633459933, 0.2387672406692041, 0.14058945845759419, 0.20321194965012696, 0.1650874903906604, 0.16465948848585085, 0.19118600321211673, 0.19732445375818503, 0.1800475607453671, 0.3180314986192261, 0.14450601374901723, 0.19391208467390347, 0.1774330289670382], [0.1092834850757908, 0.26315676643486735, 0.09870779928578088, 0.15696080215735436, 1.0, 0.08246438884232875, 0.396706953270947, 0.137546116842592, 0.15046138968907807, 0.12205270587582036, 0.1367777667544044, 0.19076816013238918, 0.15033768430348873, 0.20049283201014292, 0.1386773913011225, 0.09915072268219864, 0.4471613984184146, 0.09711638008772598, 0.12335571635113439, 0.12466012234512212], [0.13915288674605772, 0.3500161439476043, 0.09284717171882986, 0.21769433258566584, 0.08246438884232875, 1.0, 0.1755629191812169, 0.09032363556191422, 0.15228872499134136, 0.09224286163737161, 0.19277423199741434, 0.19857435648502486, 0.14406494492346847, 0.28062026875559654, 0.09245764297850839, 0.16524789699926393, 0.20900759837883331, 0.1221400910517176, 0.11486399440264805, 0.09905846466724831], [0.217684451487162, 0.9523320934884401, 0.28172139266593976, 0.3575239885069489, 0.396706953270947, 0.1755629191812169, 1.0, 0.5170193922743865, 0.319445071815778, 0.2628836671028397, 0.45894846786555676, 0.5389357605663073, 0.3585773388553273, 0.37654229143211393, 0.3718519761223817, 0.3775857033004641, 1.0, 0.2087918622091303, 0.3282598471561845, 0.23046636048986965], [0.15617374798746927, 0.5675955275683061, 0.13719919732703822, 0.13430046633459933, 0.137546116842592, 0.09032363556191422, 0.5170193922743865, 1.0, 0.14415144642388975, 0.10480731761516582, 0.2050332346444562, 0.16551830169490517, 0.15630455950104186, 0.24602239535712406, 0.07904637800656694, 0.12442141290830536, 0.3985829481059121, 0.1335542494480081, 0.16205144311504152, 0.19392592050706978], [0.26150482579538414, 0.3782759204097507, 0.2692201573564822, 0.2387672406692041, 0.15046138968907807, 0.15228872499134136, 0.319445071815778, 0.14415144642388975, 1.0, 0.14146255737096622, 0.2808912013612624, 0.23018043983002728, 0.20136723004122767, 0.1354474771023847, 0.15655790581710574, 0.23280157736944657, 0.4501438192165786, 0.17039468004043626, 0.15228006267641606, 0.23506605889624976], [0.1140582935325899, 0.47970044108305615, 0.10970380244685103, 0.14058945845759419, 0.12205270587582036, 0.09224286163737161, 0.2628836671028397, 0.10480731761516582, 0.14146255737096622, 1.0, 0.18473048531475503, 0.1492990741211014, 0.19041157756812435, 0.23817971583126696, 0.22277383464183406, 0.11014872042505736, 0.4280424482994301, 0.07784152436691286, 0.1391129951102862, 0.10555284133294214], [0.1541889302390865, 0.45520856963045087, 0.3309020827344997, 0.20321194965012696, 0.1367777667544044, 0.19277423199741434, 0.45894846786555676, 0.2050332346444562, 0.2808912013612624, 0.18473048531475503, 1.0, 0.23163790759749378, 0.3396287384154965, 0.25550704720404344, 0.17614890848956072, 0.3271752445343501, 0.5854140792189678, 0.20788697852175572, 0.3006492118128893, 0.25364305199346354], [0.15901143421897723, 0.3661739641092428, 0.16056748803590626, 0.1650874903906604, 0.19076816013238918, 0.19857435648502486, 0.5389357605663073, 0.16551830169490517, 0.23018043983002728, 0.1492990741211014, 0.23163790759749378, 1.0, 0.23148532323829815, 0.4409473970620439, 0.14463663705118973, 0.2620685281196462, 0.589011359118038, 0.1063422320785013, 0.18992519799563856, 0.24351524965884158], [0.149702851841565, 0.524823174012475, 0.14526546970092089, 0.16465948848585085, 0.15033768430348873, 0.14406494492346847, 0.3585773388553273, 0.15630455950104186, 0.20136723004122767, 0.19041157756812435, 0.3396287384154965, 0.23148532323829815, 1.0, 0.3034025885182085, 0.1695856097272646, 0.10034981062627976, 0.4513155728976906, 0.12141643199000339, 0.16613369329635796, 0.133865899983397], [0.12617812532558276, 0.4214425722582125, 0.13352168199001258, 0.19118600321211673, 0.20049283201014292, 0.28062026875559654, 0.37654229143211393, 0.24602239535712406, 0.1354474771023847, 0.23817971583126696, 0.25550704720404344, 0.4409473970620439, 0.3034025885182085, 1.0, 0.13658207968933112, 0.1794059756256505, 0.4085482964591394, 0.2087472790599228, 0.17167490775529756, 0.22544295231670605], [0.09681164287839829, 0.3661158526918398, 0.11822356330342626, 0.19732445375818503, 0.1386773913011225, 0.09245764297850839, 0.3718519761223817, 0.07904637800656694, 0.15655790581710574, 0.22277383464183406, 0.17614890848956072, 0.14463663705118973, 0.1695856097272646, 0.13658207968933112, 1.0, 0.0989246096376209, 0.5024629848770946, 0.10590944684981674, 0.12327887560416319, 0.10537270925150659], [0.10174008692392025, 0.5419676717816466, 0.14607403046615575, 0.1800475607453671, 0.09915072268219864, 0.16524789699926393, 0.3775857033004641, 0.12442141290830536, 0.23280157736944657, 0.11014872042505736, 0.3271752445343501, 0.2620685281196462, 0.10034981062627976, 0.1794059756256505, 0.0989246096376209, 1.0, 0.6241569047381127, 0.12265461052377526, 0.14959384530726916, 0.1443717593439799], [0.6212175705789996, 0.5258220715894469, 0.40577590581189094, 0.3180314986192261, 0.4471613984184146, 0.20900759837883331, 1.0, 0.3985829481059121, 0.4501438192165786, 0.4280424482994301, 0.5854140792189678, 0.589011359118038, 0.4513155728976906, 0.4085482964591394, 0.5024629848770946, 0.6241569047381127, 1.0, 0.42773268905908585, 0.3962654552315957, 0.46692685928717126], [0.1754382222428857, 0.32302398962703627, 0.1569416642713323, 0.14450601374901723, 0.09711638008772598, 0.1221400910517176, 0.2087918622091303, 0.1335542494480081, 0.17039468004043626, 0.07784152436691286, 0.20788697852175572, 0.1063422320785013, 0.12141643199000339, 0.2087472790599228, 0.10590944684981674, 0.12265461052377526, 0.42773268905908585, 1.0, 0.22106672510951975, 0.11554614596486326], [0.16656211752918718, 0.4624004944689903, 0.12858825034238866, 0.19391208467390347, 0.12335571635113439, 0.11486399440264805, 0.3282598471561845, 0.16205144311504152, 0.15228006267641606, 0.1391129951102862, 0.3006492118128893, 0.18992519799563856, 0.16613369329635796, 0.17167490775529756, 0.12327887560416319, 0.14959384530726916, 0.3962654552315957, 0.22106672510951975, 1.0, 0.15591984621824906], [0.1445068446334907, 0.24462619728616422, 0.12773139269568634, 0.1774330289670382, 0.12466012234512212, 0.09905846466724831, 0.23046636048986965, 0.19392592050706978, 0.23506605889624976, 0.10555284133294214, 0.25364305199346354, 0.24351524965884158, 0.133865899983397, 0.22544295231670605, 0.10537270925150659, 0.1443717593439799, 0.46692685928717126, 0.11554614596486326, 0.15591984621824906, 1.0]], "meta_info": {"source": "pretrained"}}