{"model": "LSING", "dataset": "0.5_dim20_pair_gau", "N": 300, "seed": 120, "metrics": {"TP": 9, "FP": 10, "FN": 1, "TN": 170, "TPR": 0.9, "FDR": 0.5263157894736842, "FPR": 0.05555555555555555, "Hamming": 11}, "omega": [[1.0, 0.5308923736735708, 0.10448276618938034, 0.1612506118635341, 0.06937419282171378, 0.09966939476640642, 0.1614221876479506, 0.10856356470070963, 0.14901211054297428, 0.10952211718797467, 0.11594118575640808, 0.16323457593094684, 0.16659181497700773, 0.1236561311091864, 0.17165485436911754, 0.18708361558419934, 0.10756451913701892, 0.13033844681955375, 0.11951049928266679, 0.1589086723672257], [0.5308923736735708, 1.0, 0.16619239118123508, 0.18602083809901515, 0.10458173428013931, 0.08848092623253878, 0.1706722369915121, 0.07191743449354221, 0.11166750567391955, 0.14868370978258105, 0.1523439163856071, 0.18500089134218467, 0.12201638347849215, 0.1355225327505597, 0.14226507952388415, 0.15338493572592307, 0.09033732530856388, 0.1764891916078206, 0.09855816438759465, 0.2162085558195429], [0.10448276618938034, 0.16619239118123508, 1.0, 0.4302572224060251, 0.04756963348112763, 0.1115232399577002, 0.11019427078824971, 0.0647573471220032, 0.10006944231065025, 0.0744840639233617, 0.07570939672239171, 0.13119292041214511, 0.06235540133696158, 0.07932286854976367, 0.07395460683425578, 0.10124557062724168, 0.09406010062647498, 0.1257889743837629, 0.11218404386450996, 0.14138612801831604], [0.1612506118635341, 0.18602083809901515, 0.4302572224060251, 1.0, 0.09842719055461849, 0.08073843479862826, 0.12774454665702625, 0.056841219005011275, 0.08960508955825504, 0.10642762797087744, 0.13218502607167462, 0.12317708947365003, 0.1178017431555743, 0.1587593998051702, 0.14884958754042313, 0.15266244393821793, 0.12754566642376816, 0.16060028945975, 0.11373833093045942, 0.1546722008478169], [0.06937419282171378, 0.10458173428013931, 0.04756963348112763, 0.09842719055461849, 1.0, 0.1684021226935945, 0.12920314874072378, 0.04072841995498806, 0.04634337770294095, 0.08227150739236344, 0.04087949984228716, 0.15606214143032426, 0.08458768144084414, 0.1173342127699766, 0.12530940171912272, 0.055665648409462753, 0.064467069474813, 0.11787236159735083, 0.07580994244723431, 0.11085153450103392], [0.09966939476640642, 0.08848092623253878, 0.1115232399577002, 0.08073843479862826, 0.1684021226935945, 1.0, 0.17100711686890765, 0.06449206296366568, 0.0762872083664023, 0.05489662273806608, 0.12531973852374179, 0.07362590965285487, 0.08442175662089896, 0.09532754066182568, 0.16195988692687716, 0.07979075857411953, 0.0770739153401822, 0.16016168189740554, 0.16428565391777988, 0.26625768921713316], [0.1614221876479506, 0.1706722369915121, 0.11019427078824971, 0.12774454665702625, 0.12920314874072378, 0.17100711686890765, 1.0, 0.550170269846176, 0.12456757653848909, 0.11996445892449985, 0.09820218102025785, 0.15963431099406467, 0.10848610469349483, 0.1537269578042813, 0.1318976606555221, 0.13720004526053772, 0.12527036686547421, 0.15379622760071476, 0.11565199685936463, 0.20755489430475388], [0.10856356470070963, 0.07191743449354221, 0.0647573471220032, 0.056841219005011275, 0.04072841995498806, 0.06449206296366568, 0.550170269846176, 1.0, 0.0808787838239971, 0.059378775293815314, 0.09111881471067275, 0.11777574801658663, 0.1039114013510774, 0.14154075301657684, 0.11861042180973505, 0.062245028764020265, 0.08949383474648513, 0.11302790108954135, 0.07168681613987718, 0.11778315151758452], [0.14901211054297428, 0.11166750567391955, 0.10006944231065025, 0.08960508955825504, 0.04634337770294095, 0.0762872083664023, 0.12456757653848909, 0.0808787838239971, 1.0, 0.4853698166473949, 0.09620074356661894, 0.12992837996428203, 0.09477159533527851, 0.13935153917633777, 0.11499840118094579, 0.18791679743843698, 0.10860664268070955, 0.17921699539484817, 0.07503441518141292, 0.26851321426308433], [0.10952211718797467, 0.14868370978258105, 0.0744840639233617, 0.10642762797087744, 0.08227150739236344, 0.05489662273806608, 0.11996445892449985, 0.059378775293815314, 0.4853698166473949, 1.0, 0.06766368345567532, 0.12950144942286634, 0.09387606673070184, 0.0747168963031316, 0.1283853779692085, 0.11141721676599027, 0.11808391909683379, 0.1274273902271809, 0.12044803818968008, 0.17359710595994024], [0.11594118575640808, 0.1523439163856071, 0.07570939672239171, 0.13218502607167462, 0.04087949984228716, 0.12531973852374179, 0.09820218102025785, 0.09111881471067275, 0.09620074356661894, 0.06766368345567532, 1.0, 0.6391929103872147, 0.1003088690042122, 0.08517954358110338, 0.09672971317662689, 0.11174562314573909, 0.07382595309272137, 0.1676746479423145, 0.1054731663744864, 0.214924853369097], [0.16323457593094684, 0.18500089134218467, 0.13119292041214511, 0.12317708947365003, 0.15606214143032426, 0.07362590965285487, 0.15963431099406467, 0.11777574801658663, 0.12992837996428203, 0.12950144942286634, 0.6391929103872147, 1.0, 0.11328738888258147, 0.15240453799377812, 0.1624531820578831, 0.09710903934711, 0.21963459263616716, 0.16821590427333336, 0.1679934845594831, 0.23917259754060585], [0.16659181497700773, 0.12201638347849215, 0.06235540133696158, 0.1178017431555743, 0.08458768144084414, 0.08442175662089896, 0.10848610469349483, 0.1039114013510774, 0.09477159533527851, 0.09387606673070184, 0.1003088690042122, 0.11328738888258147, 1.0, 0.403674883235972, 0.12586136573223003, 0.11819994193182701, 0.12123484912153851, 0.1113431986140781, 0.11120149813368838, 0.22681239783590074], [0.1236561311091864, 0.1355225327505597, 0.07932286854976367, 0.1587593998051702, 0.1173342127699766, 0.09532754066182568, 0.1537269578042813, 0.14154075301657684, 0.13935153917633777, 0.0747168963031316, 0.08517954358110338, 0.15240453799377812, 0.403674883235972, 1.0, 0.16458136688667044, 0.18120706770179393, 0.11249228659154098, 0.1619831679171119, 0.11051094395351381, 0.1513999770325698], [0.17165485436911754, 0.14226507952388415, 0.07395460683425578, 0.14884958754042313, 0.12530940171912272, 0.16195988692687716, 0.1318976606555221, 0.11861042180973505, 0.11499840118094579, 0.1283853779692085, 0.09672971317662689, 0.1624531820578831, 0.12586136573223003, 0.16458136688667044, 1.0, 0.7253363729401774, 0.2367632763513443, 0.13433098773189028, 0.10883423220170825, 0.2617071519134569], [0.18708361558419934, 0.15338493572592307, 0.10124557062724168, 0.15266244393821793, 0.055665648409462753, 0.07979075857411953, 0.13720004526053772, 0.062245028764020265, 0.18791679743843698, 0.11141721676599027, 0.11174562314573909, 0.09710903934711, 0.11819994193182701, 0.18120706770179393, 0.7253363729401774, 1.0, 0.1117023906334603, 0.11434949766444971, 0.13637548349778453, 0.09734832274710425], [0.10756451913701892, 0.09033732530856388, 0.09406010062647498, 0.12754566642376816, 0.064467069474813, 0.0770739153401822, 0.12527036686547421, 0.08949383474648513, 0.10860664268070955, 0.11808391909683379, 0.07382595309272137, 0.21963459263616716, 0.12123484912153851, 0.11249228659154098, 0.2367632763513443, 0.1117023906334603, 1.0, 0.30217278340641157, 0.10407582088614226, 0.14084897943623792], [0.13033844681955375, 0.1764891916078206, 0.1257889743837629, 0.16060028945975, 0.11787236159735083, 0.16016168189740554, 0.15379622760071476, 0.11302790108954135, 0.17921699539484817, 0.1274273902271809, 0.1676746479423145, 0.16821590427333336, 0.1113431986140781, 0.1619831679171119, 0.13433098773189028, 0.11434949766444971, 0.30217278340641157, 1.0, 0.1538325623539993, 0.17653846211768742], [0.11951049928266679, 0.09855816438759465, 0.11218404386450996, 0.11373833093045942, 0.07580994244723431, 0.16428565391777988, 0.11565199685936463, 0.07168681613987718, 0.07503441518141292, 0.12044803818968008, 0.1054731663744864, 0.1679934845594831, 0.11120149813368838, 0.11051094395351381, 0.10883423220170825, 0.13637548349778453, 0.10407582088614226, 0.1538325623539993, 1.0, 1.0], [0.1589086723672257, 0.2162085558195429, 0.14138612801831604, 0.1546722008478169, 0.11085153450103392, 0.26625768921713316, 0.20755489430475388, 0.11778315151758452, 0.26851321426308433, 0.17359710595994024, 0.214924853369097, 0.23917259754060585, 0.22681239783590074, 0.1513999770325698, 0.2617071519134569, 0.09734832274710425, 0.14084897943623792, 0.17653846211768742, 1.0, 1.0]], "meta_info": {"source": "pretrained"}}