{"model": "LSING", "dataset": "0.5_dim20_pair_gau", "N": 300, "seed": 1234560, "metrics": {"TP": 10, "FP": 51, "FN": 0, "TN": 129, "TPR": 1.0, "FDR": 0.8360655737704918, "FPR": 0.2833333333333333, "Hamming": 51}, "omega": [[1.0, 0.3422780138164118, 0.1133794122404916, 0.11217110368101278, 0.12028812083589756, 0.1258199143794986, 0.1082873302648421, 0.17715929374833572, 0.107713411990016, 0.10168673152434374, 0.11557602871602568, 0.1524151680292336, 0.10556800394833864, 0.12487180557926683, 0.19591989225983233, 0.11858018337413302, 0.09287255660988361, 0.12040042528950991, 0.2390389634969247, 0.07149239660739867], [0.3422780138164118, 1.0, 0.17611375768359275, 0.13371690612866102, 0.2022394884338868, 0.09462726757779512, 0.13659736815195161, 0.2354409866282398, 0.12254759145439995, 0.17368207022960355, 0.09122715633366314, 0.1881531724882699, 0.09462692833430197, 0.20785771725757501, 0.1230557484923821, 0.18312970436628265, 0.09117227812712869, 0.12686257554135436, 0.2597998629793055, 0.1589988590721317], [0.1133794122404916, 0.17611375768359275, 1.0, 0.6511027562894951, 0.14073372196803777, 0.12186596460861325, 0.20051432879332765, 0.3744514110805859, 0.19312572437152592, 0.17815288346271865, 0.2105955063440415, 0.13853323019274616, 0.23427453873483195, 0.230855722050209, 0.16482150067216764, 0.13020714494934485, 0.1507583325234411, 0.16368909103464926, 0.3246207515274475, 0.1884730667211622], [0.11217110368101278, 0.13371690612866102, 0.6511027562894951, 1.0, 0.14384209371297912, 0.1042654228412119, 0.15984393689964055, 0.2566198737138611, 0.13167211721180636, 0.1396761588547821, 0.19321811250823742, 0.2240773002897823, 0.20053670400649637, 0.2019459066196677, 0.2005889029323039, 0.1922319440547959, 0.12978966002076942, 0.17959467326107154, 0.2247009635466078, 0.12109529253644902], [0.12028812083589756, 0.2022394884338868, 0.14073372196803777, 0.14384209371297912, 1.0, 0.2603805339330062, 0.1799697032284055, 0.21331656602145888, 0.15420505631877804, 0.11858308799177876, 0.11853226584978287, 0.174861533187245, 0.09461476756937594, 0.23840083410515767, 0.12714917438732032, 0.14473274407514458, 0.09740231401899122, 0.14985621721694503, 0.18940987400823528, 0.0996495892053493], [0.1258199143794986, 0.09462726757779512, 0.12186596460861325, 0.1042654228412119, 0.2603805339330062, 1.0, 0.1270529183795409, 0.20631533804915797, 0.13229968300691802, 0.1310232508872926, 0.17600891411059982, 0.145204069669936, 0.13621424834160942, 0.18686424036022528, 0.21433399935332761, 0.22181006421438557, 0.06963951302978294, 0.18993977729699738, 0.21639237039105771, 0.1890839526318223], [0.1082873302648421, 0.13659736815195161, 0.20051432879332765, 0.15984393689964055, 0.1799697032284055, 0.1270529183795409, 1.0, 0.6810997059704834, 0.13359878253483767, 0.07103169403877967, 0.1271479808445196, 0.1495707722941018, 0.099962750569206, 0.21168333889131383, 0.1713341734421929, 0.11334145906516657, 0.09573897593354164, 0.1666646328565277, 0.3224512472928369, 0.10528190530080785], [0.17715929374833572, 0.2354409866282398, 0.3744514110805859, 0.2566198737138611, 0.21331656602145888, 0.20631533804915797, 0.6810997059704834, 1.0, 0.2831687723402983, 0.15914732886309788, 0.2621349130861142, 0.291541905951363, 0.16260594846676402, 0.2685262208774071, 0.25789237853290153, 0.1651480064388316, 0.16761337309537808, 0.1714343517980975, 0.49846957107696943, 0.21742636474834393], [0.107713411990016, 0.12254759145439995, 0.19312572437152592, 0.13167211721180636, 0.15420505631877804, 0.13229968300691802, 0.13359878253483767, 0.2831687723402983, 1.0, 0.522599638834939, 0.12227663247633724, 0.2253078478697866, 0.1085279059023138, 0.2504065177064501, 0.18104986936797857, 0.16199593914148042, 0.09332632078238721, 0.11767178587243898, 0.20520328797368842, 0.16359877797857472], [0.10168673152434374, 0.17368207022960355, 0.17815288346271865, 0.1396761588547821, 0.11858308799177876, 0.1310232508872926, 0.07103169403877967, 0.15914732886309788, 0.522599638834939, 1.0, 0.1838988015562451, 0.16875531374169309, 0.07400017117681894, 0.18436027670858574, 0.16132778793868444, 0.12262267569673085, 0.07971837530556182, 0.10985630913459807, 0.1607891460346863, 0.11725615068758169], [0.11557602871602568, 0.09122715633366314, 0.2105955063440415, 0.19321811250823742, 0.11853226584978287, 0.17600891411059982, 0.1271479808445196, 0.2621349130861142, 0.12227663247633724, 0.1838988015562451, 1.0, 0.7644417985543017, 0.20611804690993651, 0.18092825181379876, 0.1999219799395269, 0.1687743410920681, 0.12573092858263812, 0.1668291189023384, 0.215793598196956, 0.20627793212063575], [0.1524151680292336, 0.1881531724882699, 0.13853323019274616, 0.2240773002897823, 0.174861533187245, 0.145204069669936, 0.1495707722941018, 0.291541905951363, 0.2253078478697866, 0.16875531374169309, 0.7644417985543017, 1.0, 0.11502114769649409, 0.20068821956021127, 0.2110907226046864, 0.20654500837025128, 0.23591576656370966, 0.20758001798178707, 0.20791228841160472, 0.20101668154847807], [0.10556800394833864, 0.09462692833430197, 0.23427453873483195, 0.20053670400649637, 0.09461476756937594, 0.13621424834160942, 0.099962750569206, 0.16260594846676402, 0.1085279059023138, 0.07400017117681894, 0.20611804690993651, 0.11502114769649409, 1.0, 0.5722572396344324, 0.1301259345142982, 0.12273695865801494, 0.08107665920377205, 0.15470523494409644, 0.17549264494354058, 0.11012570808783825], [0.12487180557926683, 0.20785771725757501, 0.230855722050209, 0.2019459066196677, 0.23840083410515767, 0.18686424036022528, 0.21168333889131383, 0.2685262208774071, 0.2504065177064501, 0.18436027670858574, 0.18092825181379876, 0.20068821956021127, 0.5722572396344324, 1.0, 0.24771274608227747, 0.15961650509035605, 0.19578735948435463, 0.20978391704938945, 0.3685299431461582, 0.1277081585197581], [0.19591989225983233, 0.1230557484923821, 0.16482150067216764, 0.2005889029323039, 0.12714917438732032, 0.21433399935332761, 0.1713341734421929, 0.25789237853290153, 0.18104986936797857, 0.16132778793868444, 0.1999219799395269, 0.2110907226046864, 0.1301259345142982, 0.24771274608227747, 1.0, 1.0, 0.08960940564024944, 0.14248042480852702, 0.25230434980879346, 0.1587135726280006], [0.11858018337413302, 0.18312970436628265, 0.13020714494934485, 0.1922319440547959, 0.14473274407514458, 0.22181006421438557, 0.11334145906516657, 0.1651480064388316, 0.16199593914148042, 0.12262267569673085, 0.1687743410920681, 0.20654500837025128, 0.12273695865801494, 0.15961650509035605, 1.0, 1.0, 0.11137102637905898, 0.13493250966135753, 0.2007248380476326, 0.15138262474265535], [0.09287255660988361, 0.09117227812712869, 0.1507583325234411, 0.12978966002076942, 0.09740231401899122, 0.06963951302978294, 0.09573897593354164, 0.16761337309537808, 0.09332632078238721, 0.07971837530556182, 0.12573092858263812, 0.23591576656370966, 0.08107665920377205, 0.19578735948435463, 0.08960940564024944, 0.11137102637905898, 1.0, 0.39774084336744603, 0.13339641264813848, 0.12385929994485337], [0.12040042528950991, 0.12686257554135436, 0.16368909103464926, 0.17959467326107154, 0.14985621721694503, 0.18993977729699738, 0.1666646328565277, 0.1714343517980975, 0.11767178587243898, 0.10985630913459807, 0.1668291189023384, 0.20758001798178707, 0.15470523494409644, 0.20978391704938945, 0.14248042480852702, 0.13493250966135753, 0.39774084336744603, 1.0, 0.2601244026194471, 0.14131856784531116], [0.2390389634969247, 0.2597998629793055, 0.3246207515274475, 0.2247009635466078, 0.18940987400823528, 0.21639237039105771, 0.3224512472928369, 0.49846957107696943, 0.20520328797368842, 0.1607891460346863, 0.215793598196956, 0.20791228841160472, 0.17549264494354058, 0.3685299431461582, 0.25230434980879346, 0.2007248380476326, 0.13339641264813848, 0.2601244026194471, 1.0, 0.6899797238373734], [0.07149239660739867, 0.1589988590721317, 0.1884730667211622, 0.12109529253644902, 0.0996495892053493, 0.1890839526318223, 0.10528190530080785, 0.21742636474834393, 0.16359877797857472, 0.11725615068758169, 0.20627793212063575, 0.20101668154847807, 0.11012570808783825, 0.1277081585197581, 0.1587135726280006, 0.15138262474265535, 0.12385929994485337, 0.14131856784531116, 0.6899797238373734, 1.0]], "meta_info": {"source": "pretrained"}}