{"model": "LSING", "dataset": "0.5_dim20_pair_gau", "N": 300, "seed": 12340, "metrics": {"TP": 10, "FP": 48, "FN": 0, "TN": 132, "TPR": 1.0, "FDR": 0.8275862068965517, "FPR": 0.26666666666666666, "Hamming": 48}, "omega": [[1.0, 0.5153067881038146, 0.04778899862523719, 0.09512453196762419, 0.05673470869535725, 0.1336397923404547, 0.16214644868387773, 0.0871237431186373, 0.1575902418944959, 0.14704841695830112, 0.07042325743652027, 0.0952553724801106, 0.06874741327892518, 0.12822928470903944, 0.05467635107417301, 0.10472547858640846, 0.056228085285010145, 0.08314769389120232, 0.1618356348801861, 0.060164265477948814], [0.5153067881038146, 1.0, 0.14057101810673153, 0.21100618481761327, 0.28515782807979384, 0.3478097257482304, 0.3831160967465632, 0.25703409774115615, 0.2831083655489972, 0.23793537842351262, 0.12125952583954415, 0.20278804820054094, 0.2715937965601016, 0.20855353436506785, 0.10561805622947038, 0.41713386459744894, 0.1922539158410342, 0.21011453758661083, 0.29626617565252783, 0.21915134201933262], [0.04778899862523719, 0.14057101810673153, 1.0, 0.5820466986803317, 0.06600226234081001, 0.2948376771522116, 0.15226331335393395, 0.11452841941880214, 0.20524204687282538, 0.11763565162058119, 0.067295554413938, 0.13262431955279552, 0.06942564856040326, 0.22612333036678178, 0.04458587429451945, 0.08106940789700051, 0.1319606443423012, 0.054490623272154586, 0.19626396372951846, 0.0866824890551943], [0.09512453196762419, 0.21100618481761327, 0.5820466986803317, 1.0, 0.10765151040636045, 0.2933602354665774, 0.1403963850296489, 0.1482333897572657, 0.2715866411647158, 0.18087094573822826, 0.10441494566182913, 0.1297114872956271, 0.23454079986787446, 0.1596128278052345, 0.12910619983060181, 0.0974965279830731, 0.1907523606836092, 0.09142141824009294, 0.19154989936803604, 0.1691894257159714], [0.05673470869535725, 0.28515782807979384, 0.06600226234081001, 0.10765151040636045, 1.0, 0.6729420970518788, 0.21044627512867423, 0.06767287161394964, 0.2476758306753977, 0.0903193890429901, 0.05055085309306185, 0.08672277589737014, 0.09623762429076269, 0.1054684284153601, 0.05677085432612115, 0.08626962133703794, 0.09350675254451898, 0.055545264652023786, 0.14690944499551367, 0.09506340213982134], [0.1336397923404547, 0.3478097257482304, 0.2948376771522116, 0.2933602354665774, 0.6729420970518788, 1.0, 0.3917984422725311, 0.18593719037466605, 0.3748960080196604, 0.24006645389137646, 0.13721635071745653, 0.29685336748074326, 0.3480402783455827, 0.29735555124562163, 0.13042237301841542, 0.21959646519254755, 0.20949833796807274, 0.29104916915256385, 0.33169847177888184, 0.1921796303378091], [0.16214644868387773, 0.3831160967465632, 0.15226331335393395, 0.1403963850296489, 0.21044627512867423, 0.3917984422725311, 1.0, 0.7409206178048426, 0.25480290642470244, 0.13828421623703163, 0.10222262801451752, 0.17729851452868275, 0.14116972597855124, 0.19280252190119768, 0.14508064811731647, 0.1764608627960308, 0.1904829730379927, 0.12269492869953955, 0.16800618383453636, 0.12961578827107811], [0.0871237431186373, 0.25703409774115615, 0.11452841941880214, 0.1482333897572657, 0.06767287161394964, 0.18593719037466605, 0.7409206178048426, 1.0, 0.32838715281410674, 0.10080554022813844, 0.09554772374865196, 0.11053970429889695, 0.10062508944244232, 0.11691283731299244, 0.12388106539132569, 0.16298799761421282, 0.20261994907380815, 0.11800824478502285, 0.20171835521124146, 0.11530124776332452], [0.1575902418944959, 0.2831083655489972, 0.20524204687282538, 0.2715866411647158, 0.2476758306753977, 0.3748960080196604, 0.25480290642470244, 0.32838715281410674, 1.0, 1.0, 0.2108969210874347, 0.3163460934841523, 0.3922255681166255, 0.48268425915536, 0.2099951069103143, 0.5123080946130054, 0.2026532262266377, 0.152348196777165, 0.3032672911639223, 0.27236642126726757], [0.14704841695830112, 0.23793537842351262, 0.11763565162058119, 0.18087094573822826, 0.0903193890429901, 0.24006645389137646, 0.13828421623703163, 0.10080554022813844, 1.0, 1.0, 0.11857267662766988, 0.13148331837886126, 0.13121863545837575, 0.2829692601686314, 0.13070839046297444, 0.16417726084161774, 0.13864999808300005, 0.11234894145791145, 0.20862449145081224, 0.12184761999190788], [0.07042325743652027, 0.12125952583954415, 0.067295554413938, 0.10441494566182913, 0.05055085309306185, 0.13721635071745653, 0.10222262801451752, 0.09554772374865196, 0.2108969210874347, 0.11857267662766988, 1.0, 0.2940604881594708, 0.09354042468360022, 0.10641468381227669, 0.03950582269421772, 0.05788255278666487, 0.0630919790615857, 0.0379749455129632, 0.15612065429103936, 0.0867845763240536], [0.0952553724801106, 0.20278804820054094, 0.13262431955279552, 0.1297114872956271, 0.08672277589737014, 0.29685336748074326, 0.17729851452868275, 0.11053970429889695, 0.3163460934841523, 0.13148331837886126, 0.2940604881594708, 1.0, 0.10703816697729555, 0.17365238766204794, 0.07308627844445215, 0.1024105712505342, 0.08911357501389298, 0.09038242358227322, 0.16321359971721092, 0.13645968872134137], [0.06874741327892518, 0.2715937965601016, 0.06942564856040326, 0.23454079986787446, 0.09623762429076269, 0.3480402783455827, 0.14116972597855124, 0.10062508944244232, 0.3922255681166255, 0.13121863545837575, 0.09354042468360022, 0.10703816697729555, 1.0, 0.4284124249122358, 0.060285735161051165, 0.14757190891483618, 0.0914824567821843, 0.08287045742989152, 0.15675608359580315, 0.07239664737073978], [0.12822928470903944, 0.20855353436506785, 0.22612333036678178, 0.1596128278052345, 0.1054684284153601, 0.29735555124562163, 0.19280252190119768, 0.11691283731299244, 0.48268425915536, 0.2829692601686314, 0.10641468381227669, 0.17365238766204794, 0.4284124249122358, 1.0, 0.12424838680592841, 0.1308300321845331, 0.10872793922787174, 0.14706681805114555, 0.22861659593896552, 0.10638504931043476], [0.05467635107417301, 0.10561805622947038, 0.04458587429451945, 0.12910619983060181, 0.05677085432612115, 0.13042237301841542, 0.14508064811731647, 0.12388106539132569, 0.2099951069103143, 0.13070839046297444, 0.03950582269421772, 0.07308627844445215, 0.060285735161051165, 0.12424838680592841, 1.0, 0.2649877234761992, 0.1379832209138093, 0.037620272435886185, 0.1340917180546706, 0.05986839093204256], [0.10472547858640846, 0.41713386459744894, 0.08106940789700051, 0.0974965279830731, 0.08626962133703794, 0.21959646519254755, 0.1764608627960308, 0.16298799761421282, 0.5123080946130054, 0.16417726084161774, 0.05788255278666487, 0.1024105712505342, 0.14757190891483618, 0.1308300321845331, 0.2649877234761992, 1.0, 0.0903858520629377, 0.09676674436251044, 0.1820853406242061, 0.1623035022395194], [0.056228085285010145, 0.1922539158410342, 0.1319606443423012, 0.1907523606836092, 0.09350675254451898, 0.20949833796807274, 0.1904829730379927, 0.20261994907380815, 0.2026532262266377, 0.13864999808300005, 0.0630919790615857, 0.08911357501389298, 0.0914824567821843, 0.10872793922787174, 0.1379832209138093, 0.0903858520629377, 1.0, 0.23314172696556043, 0.16495592093870923, 0.07861804948837167], [0.08314769389120232, 0.21011453758661083, 0.054490623272154586, 0.09142141824009294, 0.055545264652023786, 0.29104916915256385, 0.12269492869953955, 0.11800824478502285, 0.152348196777165, 0.11234894145791145, 0.0379749455129632, 0.09038242358227322, 0.08287045742989152, 0.14706681805114555, 0.037620272435886185, 0.09676674436251044, 0.23314172696556043, 1.0, 0.14992159435129634, 0.10109590603245473], [0.1618356348801861, 0.29626617565252783, 0.19626396372951846, 0.19154989936803604, 0.14690944499551367, 0.33169847177888184, 0.16800618383453636, 0.20171835521124146, 0.3032672911639223, 0.20862449145081224, 0.15612065429103936, 0.16321359971721092, 0.15675608359580315, 0.22861659593896552, 0.1340917180546706, 0.1820853406242061, 0.16495592093870923, 0.14992159435129634, 1.0, 0.7279259984655574], [0.060164265477948814, 0.21915134201933262, 0.0866824890551943, 0.1691894257159714, 0.09506340213982134, 0.1921796303378091, 0.12961578827107811, 0.11530124776332452, 0.27236642126726757, 0.12184761999190788, 0.0867845763240536, 0.13645968872134137, 0.07239664737073978, 0.10638504931043476, 0.05986839093204256, 0.1623035022395194, 0.07861804948837167, 0.10109590603245473, 0.7279259984655574, 1.0]], "meta_info": {"source": "pretrained"}}