{"model": "LSING", "dataset": "dim6_butterfly", "N": 400, "seed": 1234560, "metrics": {"TP": 3, "FP": 7, "FN": 0, "TN": 5, "TPR": 1.0, "FDR": 0.7, "FPR": 0.5833333333333334, "Hamming": 7}, "omega": [[1.0, 0.5099493982091369, 0.149121627017991, 0.22500205815078236, 0.16258956918152595, 0.3411715246569253], [0.5099493982091369, 1.0, 0.16400377203598615, 0.21214344336556729, 0.16902763473001164, 0.2247703394714471], [0.149121627017991, 0.16400377203598615, 1.0, 1.0, 0.12770700080511638, 0.25290191335814727], [0.22500205815078236, 0.21214344336556729, 1.0, 1.0, 0.315847331199399, 0.480835360832155], [0.16258956918152595, 0.16902763473001164, 0.12770700080511638, 0.315847331199399, 1.0, 0.8217091398872183], [0.3411715246569253, 0.2247703394714471, 0.25290191335814727, 0.480835360832155, 0.8217091398872183, 1.0]], "meta_info": {"source": "pretrained"}}