{"model": "LSING", "dataset": "dim6_butterfly", "N": 400, "seed": 1230, "metrics": {"TP": 3, "FP": 8, "FN": 0, "TN": 4, "TPR": 1.0, "FDR": 0.7272727272727273, "FPR": 0.6666666666666666, "Hamming": 8}, "omega": [[1.0, 0.91690602544896, 0.13796528674499106, 0.3073947345337213, 0.17557489595126985, 0.34511070669594257], [0.91690602544896, 1.0, 0.20720473130879818, 0.38311008095811483, 0.18436524248355854, 0.35705982904552447], [0.13796528674499106, 0.20720473130879818, 1.0, 0.9702136768616807, 0.06296913048669964, 0.2505637842970024], [0.3073947345337213, 0.38311008095811483, 0.9702136768616807, 1.0, 0.25766835090854834, 0.431588560897603], [0.17557489595126985, 0.18436524248355854, 0.06296913048669964, 0.25766835090854834, 1.0, 1.0], [0.34511070669594257, 0.35705982904552447, 0.2505637842970024, 0.431588560897603, 1.0, 1.0]], "meta_info": {"source": "pretrained"}}