{"model": "LSING", "dataset": "dim6_butterfly", "N": 400, "seed": 123450, "metrics": {"TP": 3, "FP": 5, "FN": 0, "TN": 7, "TPR": 1.0, "FDR": 0.625, "FPR": 0.4166666666666667, "Hamming": 5}, "omega": [[1.0, 1.0, 0.04963068166191438, 0.1261034090282691, 0.062227922432748904, 0.10070631179259992], [1.0, 1.0, 0.26029074403844915, 0.22880940938186176, 0.2550763909177057, 0.2624721975625557], [0.04963068166191438, 0.26029074403844915, 1.0, 0.5078900878631021, 0.04753435465793625, 0.11484761049560094], [0.1261034090282691, 0.22880940938186176, 0.5078900878631021, 1.0, 0.13040508052010186, 0.2069867881321353], [0.062227922432748904, 0.2550763909177057, 0.04753435465793625, 0.13040508052010186, 1.0, 0.4175404583177372], [0.10070631179259992, 0.2624721975625557, 0.11484761049560094, 0.2069867881321353, 0.4175404583177372, 1.0]], "meta_info": {"source": "pretrained"}}