{"model": "LSING", "dataset": "0.5_dim20_pair_gau", "N": 2000, "seed": 123450, "metrics": {"TP": 10, "FP": 0, "FN": 0, "TN": 180, "TPR": 1.0, "FDR": 0.0, "FPR": 0.0, "Hamming": 0}, "omega": [[1.0, 0.9162874103187365, 0.1325914109546908, 0.11385454940948157, 0.08383448438610794, 0.11581329747552108, 0.0824216163083679, 0.09360490330282673, 0.09403898144703284, 0.1024260352219841, 0.07390316143208216, 0.08790002490770471, 0.10460894033361795, 0.06505256204858095, 0.11366975641263671, 0.07588239554608014, 0.09282240863293553, 0.10113063971937798, 0.10395285708929161, 0.06636869190054641], [0.9162874103187365, 1.0, 0.130495108642126, 0.1360550925283583, 0.09339118437516944, 0.07889772282737977, 0.08628518137618038, 0.08098860743985535, 0.09072224700716883, 0.0889863908319669, 0.07983579133117286, 0.08888781044627547, 0.13246275299264199, 0.07772512773853743, 0.10508155012568686, 0.09676004792056232, 0.1208894814532191, 0.07003648432004558, 0.08643218053503929, 0.06894649319533085], [0.1325914109546908, 0.130495108642126, 1.0, 1.0, 0.081271763263069, 0.0825858523139969, 0.09263404246069355, 0.09309512160866162, 0.08205689465735977, 0.11329075388391632, 0.05834729149805031, 0.0814646130491779, 0.16187843348812334, 0.07968819861372713, 0.09649019395810897, 0.09532294326132322, 0.09062804618523349, 0.0796032535221057, 0.11300648425156169, 0.0948596696019266], [0.11385454940948157, 0.1360550925283583, 1.0, 1.0, 0.09983524421677187, 0.10360498446191317, 0.07963447564968228, 0.10064207715349771, 0.12735359458890994, 0.09247533529959034, 0.08583898612361236, 0.0911658693842689, 0.13119376257043577, 0.10152358259817516, 0.09186688335827446, 0.07231033395810064, 0.11558684186838736, 0.08753242768999711, 0.1006991486392913, 0.09127990594096999], [0.08383448438610794, 0.09339118437516944, 0.081271763263069, 0.09983524421677187, 1.0, 0.7645364909981709, 0.06780028899823694, 0.06458082249380268, 0.0719546977735887, 0.090902721924414, 0.0693211398080476, 0.06399918946855479, 0.09701706351820365, 0.07786494743974864, 0.11317291240384399, 0.0782640931240168, 0.09307038369481035, 0.09610278701816333, 0.09451077775641703, 0.06866871250625199], [0.11581329747552108, 0.07889772282737977, 0.0825858523139969, 0.10360498446191317, 0.7645364909981709, 1.0, 0.07639165226014057, 0.10592179497186731, 0.07556008377433869, 0.09128952348189659, 0.11196547708129828, 0.06737617365214338, 0.10868563786482664, 0.0704551961547014, 0.1023097592231248, 0.09119166671743051, 0.09784735739014777, 0.09600366746371573, 0.10651976386451646, 0.09935496309380405], [0.0824216163083679, 0.08628518137618038, 0.09263404246069355, 0.07963447564968228, 0.06780028899823694, 0.07639165226014057, 1.0, 0.6533843357968742, 0.07510386187472647, 0.08881920358683056, 0.08968208406166835, 0.06426913565724274, 0.10289295063525998, 0.08033786622281033, 0.10044457112492888, 0.06112796922598787, 0.0772813185441929, 0.0811729298464262, 0.07383820578561749, 0.09231340967937696], [0.09360490330282673, 0.08098860743985535, 0.09309512160866162, 0.10064207715349771, 0.06458082249380268, 0.10592179497186731, 0.6533843357968742, 1.0, 0.09349021643293291, 0.08201081228213562, 0.08784164333642469, 0.12073273942034554, 0.09276092920608289, 0.06429497319158353, 0.10828729620414224, 0.09476749066282683, 0.07116114304987069, 0.0717539685563592, 0.10036294381297799, 0.07235617039669918], [0.09403898144703284, 0.09072224700716883, 0.08205689465735977, 0.12735359458890994, 0.0719546977735887, 0.07556008377433869, 0.07510386187472647, 0.09349021643293291, 1.0, 0.8682964344524219, 0.04979275724583216, 0.08456853427030395, 0.13879380495477547, 0.0866885718320156, 0.09110809083067668, 0.098774067878433, 0.08360585318574765, 0.06309586660745521, 0.08094764243826413, 0.05661951812464015], [0.1024260352219841, 0.0889863908319669, 0.11329075388391632, 0.09247533529959034, 0.090902721924414, 0.09128952348189659, 0.08881920358683056, 0.08201081228213562, 0.8682964344524219, 1.0, 0.08791531790922237, 0.11565503725693942, 0.12547353678396544, 0.10901555238898487, 0.08873804922992891, 0.077124160310876, 0.10044604201513206, 0.0753457405460164, 0.08858860962301586, 0.06722378517049822], [0.07390316143208216, 0.07983579133117286, 0.05834729149805031, 0.08583898612361236, 0.0693211398080476, 0.11196547708129828, 0.08968208406166835, 0.08784164333642469, 0.04979275724583216, 0.08791531790922237, 1.0, 0.6768910909003335, 0.1322848935168192, 0.07086987841233758, 0.0810710860708949, 0.06345218148246284, 0.07110094060165104, 0.06210567136290851, 0.08191997180582523, 0.06355918756235676], [0.08790002490770471, 0.08888781044627547, 0.0814646130491779, 0.0911658693842689, 0.06399918946855479, 0.06737617365214338, 0.06426913565724274, 0.12073273942034554, 0.08456853427030395, 0.11565503725693942, 0.6768910909003335, 1.0, 0.11043252098700194, 0.08759844512054735, 0.0673616562969065, 0.1062394434068231, 0.08878609909815796, 0.0659115004430832, 0.0710444437562423, 0.07213294743732712], [0.10460894033361795, 0.13246275299264199, 0.16187843348812334, 0.13119376257043577, 0.09701706351820365, 0.10868563786482664, 0.10289295063525998, 0.09276092920608289, 0.13879380495477547, 0.12547353678396544, 0.1322848935168192, 0.11043252098700194, 1.0, 0.8088819860994348, 0.11708824240179741, 0.076510541335647, 0.09315905330744466, 0.07575292883089711, 0.10371269997438097, 0.09595282716069609], [0.06505256204858095, 0.07772512773853743, 0.07968819861372713, 0.10152358259817516, 0.07786494743974864, 0.0704551961547014, 0.08033786622281033, 0.06429497319158353, 0.0866885718320156, 0.10901555238898487, 0.07086987841233758, 0.08759844512054735, 0.8088819860994348, 1.0, 0.06775231007326528, 0.07156372002302118, 0.08685213151192415, 0.11199386384335457, 0.08463653574728582, 0.0831926441830899], [0.11366975641263671, 0.10508155012568686, 0.09649019395810897, 0.09186688335827446, 0.11317291240384399, 0.1023097592231248, 0.10044457112492888, 0.10828729620414224, 0.09110809083067668, 0.08873804922992891, 0.0810710860708949, 0.0673616562969065, 0.11708824240179741, 0.06775231007326528, 1.0, 0.7521868400976437, 0.08403280862691198, 0.10428744913888696, 0.08690322721067041, 0.0801715894161438], [0.07588239554608014, 0.09676004792056232, 0.09532294326132322, 0.07231033395810064, 0.0782640931240168, 0.09119166671743051, 0.06112796922598787, 0.09476749066282683, 0.098774067878433, 0.077124160310876, 0.06345218148246284, 0.1062394434068231, 0.076510541335647, 0.07156372002302118, 0.7521868400976437, 1.0, 0.10079814049587558, 0.07400381099611408, 0.10770427978537526, 0.06999084179301723], [0.09282240863293553, 0.1208894814532191, 0.09062804618523349, 0.11558684186838736, 0.09307038369481035, 0.09784735739014777, 0.0772813185441929, 0.07116114304987069, 0.08360585318574765, 0.10044604201513206, 0.07110094060165104, 0.08878609909815796, 0.09315905330744466, 0.08685213151192415, 0.08403280862691198, 0.10079814049587558, 1.0, 0.9066966386479267, 0.10074932444046675, 0.08516450965742049], [0.10113063971937798, 0.07003648432004558, 0.0796032535221057, 0.08753242768999711, 0.09610278701816333, 0.09600366746371573, 0.0811729298464262, 0.0717539685563592, 0.06309586660745521, 0.0753457405460164, 0.06210567136290851, 0.0659115004430832, 0.07575292883089711, 0.11199386384335457, 0.10428744913888696, 0.07400381099611408, 0.9066966386479267, 1.0, 0.09525008217121025, 0.06360502636573054], [0.10395285708929161, 0.08643218053503929, 0.11300648425156169, 0.1006991486392913, 0.09451077775641703, 0.10651976386451646, 0.07383820578561749, 0.10036294381297799, 0.08094764243826413, 0.08858860962301586, 0.08191997180582523, 0.0710444437562423, 0.10371269997438097, 0.08463653574728582, 0.08690322721067041, 0.10770427978537526, 0.10074932444046675, 0.09525008217121025, 1.0, 0.7704074144519852], [0.06636869190054641, 0.06894649319533085, 0.0948596696019266, 0.09127990594096999, 0.06866871250625199, 0.09935496309380405, 0.09231340967937696, 0.07235617039669918, 0.05661951812464015, 0.06722378517049822, 0.06355918756235676, 0.07213294743732712, 0.09595282716069609, 0.0831926441830899, 0.0801715894161438, 0.06999084179301723, 0.08516450965742049, 0.06360502636573054, 0.7704074144519852, 1.0]], "meta_info": {"source": "pretrained"}}