{"model": "LSING", "dataset": "0.5_dim20_pair_gau", "N": 2000, "seed": 120, "metrics": {"TP": 10, "FP": 0, "FN": 0, "TN": 180, "TPR": 1.0, "FDR": 0.0, "FPR": 0.0, "Hamming": 0}, "omega": [[1.0, 0.8598113933397686, 0.07330094421548569, 0.10566463567078388, 0.0680154190152804, 0.08856459772137984, 0.0881936659832758, 0.10601866152981167, 0.1290792141741963, 0.11852730492055934, 0.08223844337792716, 0.09994726368664547, 0.09987049904575943, 0.08210218273943995, 0.1126161314927218, 0.10490297487136595, 0.11928589556112325, 0.12400841604428421, 0.09098610482912568, 0.095455218508247], [0.8598113933397686, 1.0, 0.10174187156371603, 0.10871500253636199, 0.0694114503876413, 0.0797906145259837, 0.08983381632898156, 0.10632481851760205, 0.09990862396365734, 0.07735766434136232, 0.07487761615944691, 0.0809843381674296, 0.06930078863231832, 0.08790766108075225, 0.09976117631714776, 0.08618974849258668, 0.09759227846565934, 0.10587061905669527, 0.07403493357445914, 0.0856373786351001], [0.07330094421548569, 0.10174187156371603, 1.0, 0.8216062191954504, 0.087163415630733, 0.07839219317765997, 0.08560557274963064, 0.1155809766961126, 0.08411299541747716, 0.0921858514233886, 0.065386893576675, 0.09268121928720845, 0.06015374779386014, 0.11014542982394669, 0.12596945267160475, 0.09014682849336171, 0.12085196198674947, 0.1050907853708547, 0.1489250677664881, 0.0958528587612123], [0.10566463567078388, 0.10871500253636199, 0.8216062191954504, 1.0, 0.06054210555089842, 0.08000301563752737, 0.07902009534467679, 0.05657218876516685, 0.115269415588567, 0.11831143354257857, 0.08960002013127967, 0.0803368307288428, 0.09031275577544093, 0.0681648618649375, 0.11154449401178719, 0.10608844829444913, 0.13068093552024102, 0.12249419555927102, 0.09920437060025697, 0.07903363231790368], [0.0680154190152804, 0.0694114503876413, 0.087163415630733, 0.06054210555089842, 1.0, 0.6601278773710162, 0.09699219977996858, 0.0752083424202211, 0.07584536170536393, 0.09634346267740984, 0.0809187445302626, 0.09612778068368506, 0.06799116716097914, 0.08166897292234054, 0.12658609047646646, 0.08447297487734089, 0.10913386716291672, 0.13284289283885528, 0.15777085960350812, 0.06680594447198134], [0.08856459772137984, 0.0797906145259837, 0.07839219317765997, 0.08000301563752737, 0.6601278773710162, 1.0, 0.06921779298267208, 0.08611125271955791, 0.08011732103924007, 0.06278686913490296, 0.0666267122790734, 0.08821774979239218, 0.08147262679441315, 0.07669742281209864, 0.1045380500817756, 0.08432745041461388, 0.08005206615982674, 0.10625096665992068, 0.08668836789736488, 0.089655496381363], [0.0881936659832758, 0.08983381632898156, 0.08560557274963064, 0.07902009534467679, 0.09699219977996858, 0.06921779298267208, 1.0, 0.6427314770674551, 0.09807876660851912, 0.09803159392447625, 0.079761766769245, 0.100641994489569, 0.08463983307639669, 0.1099083527440637, 0.07803093604091434, 0.13737259080820366, 0.09065166556998067, 0.12149277429177971, 0.08723067371544553, 0.11386501129818458], [0.10601866152981167, 0.10632481851760205, 0.1155809766961126, 0.05657218876516685, 0.0752083424202211, 0.08611125271955791, 0.6427314770674551, 1.0, 0.0598935311587568, 0.07364691724255841, 0.1086101636800645, 0.08768631089626745, 0.06318450672048437, 0.07538300004976271, 0.10037577090595197, 0.13770581907506393, 0.08241963076322431, 0.1024314356440503, 0.09843271244603029, 0.11463811517447806], [0.1290792141741963, 0.09990862396365734, 0.08411299541747716, 0.115269415588567, 0.07584536170536393, 0.08011732103924007, 0.09807876660851912, 0.0598935311587568, 1.0, 0.843292050197348, 0.08156067446914153, 0.08849608863362428, 0.07068543027548144, 0.0944958032022093, 0.15542023288779344, 0.12962359788432498, 0.10505649081621861, 0.12322457061307748, 0.0862250886617065, 0.08253133013087935], [0.11852730492055934, 0.07735766434136232, 0.0921858514233886, 0.11831143354257857, 0.09634346267740984, 0.06278686913490296, 0.09803159392447625, 0.07364691724255841, 0.843292050197348, 1.0, 0.07063451258446111, 0.11512386711938502, 0.06980646326747783, 0.1038299823594167, 0.09155037121874861, 0.08430916016330023, 0.0872246560973963, 0.10807192028764386, 0.12806903321801985, 0.08785494557299205], [0.08223844337792716, 0.07487761615944691, 0.065386893576675, 0.08960002013127967, 0.0809187445302626, 0.0666267122790734, 0.079761766769245, 0.1086101636800645, 0.08156067446914153, 0.07063451258446111, 1.0, 0.849893419875501, 0.07554139197236096, 0.08264380570724553, 0.08217733361307433, 0.07522851050979126, 0.10372813364045663, 0.15166774123115687, 0.07548316031472228, 0.10782779331214734], [0.09994726368664547, 0.0809843381674296, 0.09268121928720845, 0.0803368307288428, 0.09612778068368506, 0.08821774979239218, 0.100641994489569, 0.08768631089626745, 0.08849608863362428, 0.11512386711938502, 0.849893419875501, 1.0, 0.07186454198799395, 0.08949514126422388, 0.16672815875654332, 0.07351514047638537, 0.10269985181722249, 0.1260770682745287, 0.12762213438681197, 0.1014979739832338], [0.09987049904575943, 0.06930078863231832, 0.06015374779386014, 0.09031275577544093, 0.06799116716097914, 0.08147262679441315, 0.08463983307639669, 0.06318450672048437, 0.07068543027548144, 0.06980646326747783, 0.07554139197236096, 0.07186454198799395, 1.0, 0.8188481015780755, 0.07813906378154459, 0.07615770168900454, 0.07381921957212773, 0.10554943402808512, 0.08385416315461122, 0.09979002674127034], [0.08210218273943995, 0.08790766108075225, 0.11014542982394669, 0.0681648618649375, 0.08166897292234054, 0.07669742281209864, 0.1099083527440637, 0.07538300004976271, 0.0944958032022093, 0.1038299823594167, 0.08264380570724553, 0.08949514126422388, 0.8188481015780755, 1.0, 0.08991756418088397, 0.10088872749912317, 0.09311771532125673, 0.10992912632977622, 0.09470199731144775, 0.08105416761020925], [0.1126161314927218, 0.09976117631714776, 0.12596945267160475, 0.11154449401178719, 0.12658609047646646, 0.1045380500817756, 0.07803093604091434, 0.10037577090595197, 0.15542023288779344, 0.09155037121874861, 0.08217733361307433, 0.16672815875654332, 0.07813906378154459, 0.08991756418088397, 1.0, 0.8079669678007928, 0.08981373092831191, 0.08989269082613702, 0.07074645735143376, 0.09753470565184076], [0.10490297487136595, 0.08618974849258668, 0.09014682849336171, 0.10608844829444913, 0.08447297487734089, 0.08432745041461388, 0.13737259080820366, 0.13770581907506393, 0.12962359788432498, 0.08430916016330023, 0.07522851050979126, 0.07351514047638537, 0.07615770168900454, 0.10088872749912317, 0.8079669678007928, 1.0, 0.11768516648188454, 0.09904281249298479, 0.12403592744169548, 0.07170812926423993], [0.11928589556112325, 0.09759227846565934, 0.12085196198674947, 0.13068093552024102, 0.10913386716291672, 0.08005206615982674, 0.09065166556998067, 0.08241963076322431, 0.10505649081621861, 0.0872246560973963, 0.10372813364045663, 0.10269985181722249, 0.07381921957212773, 0.09311771532125673, 0.08981373092831191, 0.11768516648188454, 1.0, 0.9394639574126769, 0.08864463257491145, 0.09825378966965326], [0.12400841604428421, 0.10587061905669527, 0.1050907853708547, 0.12249419555927102, 0.13284289283885528, 0.10625096665992068, 0.12149277429177971, 0.1024314356440503, 0.12322457061307748, 0.10807192028764386, 0.15166774123115687, 0.1260770682745287, 0.10554943402808512, 0.10992912632977622, 0.08989269082613702, 0.09904281249298479, 0.9394639574126769, 1.0, 0.11914859731030399, 0.09078737672738714], [0.09098610482912568, 0.07403493357445914, 0.1489250677664881, 0.09920437060025697, 0.15777085960350812, 0.08668836789736488, 0.08723067371544553, 0.09843271244603029, 0.0862250886617065, 0.12806903321801985, 0.07548316031472228, 0.12762213438681197, 0.08385416315461122, 0.09470199731144775, 0.07074645735143376, 0.12403592744169548, 0.08864463257491145, 0.11914859731030399, 1.0, 1.0], [0.095455218508247, 0.0856373786351001, 0.0958528587612123, 0.07903363231790368, 0.06680594447198134, 0.089655496381363, 0.11386501129818458, 0.11463811517447806, 0.08253133013087935, 0.08785494557299205, 0.10782779331214734, 0.1014979739832338, 0.09979002674127034, 0.08105416761020925, 0.09753470565184076, 0.07170812926423993, 0.09825378966965326, 0.09078737672738714, 1.0, 1.0]], "meta_info": {"source": "pretrained"}}