{"model": "LSING", "dataset": "0.5_dim20_pair_gau", "N": 2000, "seed": 1230, "metrics": {"TP": 10, "FP": 0, "FN": 0, "TN": 180, "TPR": 1.0, "FDR": 0.0, "FPR": 0.0, "Hamming": 0}, "omega": [[1.0, 0.9293734610133076, 0.08932834712715508, 0.16036123956409837, 0.11004446148591115, 0.07997078256910302, 0.10498232241019397, 0.05408269022926455, 0.07608967446046865, 0.07201469793140898, 0.06742348355159776, 0.0567467488721301, 0.07896720992711133, 0.06791076147391864, 0.06842089842701479, 0.08924407648787745, 0.08567382299080288, 0.0879560227643099, 0.10312042034593409, 0.08317498903112286], [0.9293734610133076, 1.0, 0.09955228237265502, 0.12047675080294365, 0.10506136110890207, 0.08871254317260872, 0.11241411200865936, 0.09564389993035605, 0.11499592909528555, 0.07745336839613087, 0.07431816895546627, 0.06727910473944664, 0.094180285028843, 0.09908457418282093, 0.08886902141601608, 0.13503631785667686, 0.1082408477891093, 0.09399084555984767, 0.10864459891761613, 0.09127803205514447], [0.08932834712715508, 0.09955228237265502, 1.0, 0.7345105169284669, 0.07919386441685336, 0.09586709678980865, 0.058100941148766724, 0.08421184136465025, 0.07747652087052939, 0.05733094508136623, 0.05234785607814099, 0.09090212622425134, 0.05127873177032673, 0.10084382557310677, 0.04925487612311566, 0.07094378793953078, 0.07375528039288871, 0.08313689140474965, 0.12255341720331211, 0.07525718627510035], [0.16036123956409837, 0.12047675080294365, 0.7345105169284669, 1.0, 0.1073425053952681, 0.09495429831669819, 0.07912994830114795, 0.08197548703907286, 0.07465790842848338, 0.09024286304162642, 0.10365586624284612, 0.06062929235228594, 0.08542705282694943, 0.07189563261258726, 0.08744710963035567, 0.1045699545030448, 0.06170882594707678, 0.07074981942980765, 0.08874417139072988, 0.07160752329396428], [0.11004446148591115, 0.10506136110890207, 0.07919386441685336, 0.1073425053952681, 1.0, 1.0, 0.07689040021706639, 0.07636996316531859, 0.10906371375334321, 0.06617535635884597, 0.09712270565757486, 0.07061604553371527, 0.08149132098401246, 0.09770141742824007, 0.08620964649733863, 0.09435758639571705, 0.10419077529716057, 0.1407322997081214, 0.10367543370057614, 0.09166412652160755], [0.07997078256910302, 0.08871254317260872, 0.09586709678980865, 0.09495429831669819, 1.0, 1.0, 0.08356337872716622, 0.08524105506494613, 0.09563372266856994, 0.09611736325481661, 0.1083761048266153, 0.07715702673275958, 0.0763960705487605, 0.08916112065801252, 0.09661285987334518, 0.0917030885555531, 0.11096570613090624, 0.1039769891064628, 0.11243373861006538, 0.09224368450179096], [0.10498232241019397, 0.11241411200865936, 0.058100941148766724, 0.07912994830114795, 0.07689040021706639, 0.08356337872716622, 1.0, 0.6661550951003014, 0.13230641865387902, 0.09473613094446263, 0.07682990988505563, 0.08171103746560796, 0.06652819160658427, 0.11758759587872307, 0.06529756639241592, 0.07637892115747631, 0.07226421600143983, 0.06660049702525508, 0.0837101596824658, 0.0877624910078865], [0.05408269022926455, 0.09564389993035605, 0.08421184136465025, 0.08197548703907286, 0.07636996316531859, 0.08524105506494613, 0.6661550951003014, 1.0, 0.07429150880612939, 0.05761132705124372, 0.06833760138363446, 0.0508829980220535, 0.07636014531510203, 0.09037068617401016, 0.06991580488264712, 0.07700721807619998, 0.06882655352693758, 0.05907520354978524, 0.09142581390342257, 0.060885036431594514], [0.07608967446046865, 0.11499592909528555, 0.07747652087052939, 0.07465790842848338, 0.10906371375334321, 0.09563372266856994, 0.13230641865387902, 0.07429150880612939, 1.0, 0.7840474401434152, 0.07443546906303497, 0.07320051043722099, 0.062466165267812575, 0.0942611435329666, 0.11142551181572359, 0.07072555687410569, 0.07280615860368514, 0.08208936363770368, 0.08833914184891867, 0.07959718561633079], [0.07201469793140898, 0.07745336839613087, 0.05733094508136623, 0.09024286304162642, 0.06617535635884597, 0.09611736325481661, 0.09473613094446263, 0.05761132705124372, 0.7840474401434152, 1.0, 0.06404685962548769, 0.05186292115529255, 0.06260901316865793, 0.0696089902391097, 0.04972730443324617, 0.06687210298351638, 0.058528788775731366, 0.07130059036307483, 0.09528997507412522, 0.06849697766716596], [0.06742348355159776, 0.07431816895546627, 0.05234785607814099, 0.10365586624284612, 0.09712270565757486, 0.1083761048266153, 0.07682990988505563, 0.06833760138363446, 0.07443546906303497, 0.06404685962548769, 1.0, 0.5688107189450661, 0.11060126507413068, 0.06599625110985383, 0.08588183584882003, 0.05523390140985785, 0.06860011968860218, 0.0610255140358862, 0.08136593866564223, 0.06253861627091661], [0.0567467488721301, 0.06727910473944664, 0.09090212622425134, 0.06062929235228594, 0.07061604553371527, 0.07715702673275958, 0.08171103746560796, 0.0508829980220535, 0.07320051043722099, 0.05186292115529255, 0.5688107189450661, 1.0, 0.06877289201474843, 0.1014452075697354, 0.06402037690717882, 0.0531178066504061, 0.0557762125226998, 0.06327725936576506, 0.07772153947167046, 0.057674915601974346], [0.07896720992711133, 0.094180285028843, 0.05127873177032673, 0.08542705282694943, 0.08149132098401246, 0.0763960705487605, 0.06652819160658427, 0.07636014531510203, 0.062466165267812575, 0.06260901316865793, 0.11060126507413068, 0.06877289201474843, 1.0, 0.702336484569051, 0.06371317100547706, 0.09871195537545953, 0.06082968932463927, 0.07396006309629337, 0.07155592043665139, 0.06468106636229815], [0.06791076147391864, 0.09908457418282093, 0.10084382557310677, 0.07189563261258726, 0.09770141742824007, 0.08916112065801252, 0.11758759587872307, 0.09037068617401016, 0.0942611435329666, 0.0696089902391097, 0.06599625110985383, 0.1014452075697354, 0.702336484569051, 1.0, 0.12616070374059182, 0.07993972986444452, 0.11351586315281652, 0.08488690273303837, 0.10949006686511038, 0.09664447444292572], [0.06842089842701479, 0.08886902141601608, 0.04925487612311566, 0.08744710963035567, 0.08620964649733863, 0.09661285987334518, 0.06529756639241592, 0.06991580488264712, 0.11142551181572359, 0.04972730443324617, 0.08588183584882003, 0.06402037690717882, 0.06371317100547706, 0.12616070374059182, 1.0, 0.7092122735684364, 0.06857822287994034, 0.06329025050167486, 0.1363983694179516, 0.08145517509894737], [0.08924407648787745, 0.13503631785667686, 0.07094378793953078, 0.1045699545030448, 0.09435758639571705, 0.0917030885555531, 0.07637892115747631, 0.07700721807619998, 0.07072555687410569, 0.06687210298351638, 0.05523390140985785, 0.0531178066504061, 0.09871195537545953, 0.07993972986444452, 0.7092122735684364, 1.0, 0.07135698385814399, 0.07058329131099328, 0.0733545706141825, 0.08920427734344077], [0.08567382299080288, 0.1082408477891093, 0.07375528039288871, 0.06170882594707678, 0.10419077529716057, 0.11096570613090624, 0.07226421600143983, 0.06882655352693758, 0.07280615860368514, 0.058528788775731366, 0.06860011968860218, 0.0557762125226998, 0.06082968932463927, 0.11351586315281652, 0.06857822287994034, 0.07135698385814399, 1.0, 0.6508587388784867, 0.09431550112072716, 0.07862280492796027], [0.0879560227643099, 0.09399084555984767, 0.08313689140474965, 0.07074981942980765, 0.1407322997081214, 0.1039769891064628, 0.06660049702525508, 0.05907520354978524, 0.08208936363770368, 0.07130059036307483, 0.0610255140358862, 0.06327725936576506, 0.07396006309629337, 0.08488690273303837, 0.06329025050167486, 0.07058329131099328, 0.6508587388784867, 1.0, 0.1081913627303487, 0.0683139097918816], [0.10312042034593409, 0.10864459891761613, 0.12255341720331211, 0.08874417139072988, 0.10367543370057614, 0.11243373861006538, 0.0837101596824658, 0.09142581390342257, 0.08833914184891867, 0.09528997507412522, 0.08136593866564223, 0.07772153947167046, 0.07155592043665139, 0.10949006686511038, 0.1363983694179516, 0.0733545706141825, 0.09431550112072716, 0.1081913627303487, 1.0, 0.766373744720972], [0.08317498903112286, 0.09127803205514447, 0.07525718627510035, 0.07160752329396428, 0.09166412652160755, 0.09224368450179096, 0.0877624910078865, 0.060885036431594514, 0.07959718561633079, 0.06849697766716596, 0.06253861627091661, 0.057674915601974346, 0.06468106636229815, 0.09664447444292572, 0.08145517509894737, 0.08920427734344077, 0.07862280492796027, 0.0683139097918816, 0.766373744720972, 1.0]], "meta_info": {"source": "pretrained"}}