{"model": "LSING", "dataset": "0.7_dim20_pair_gau", "N": 200, "seed": 1234560, "metrics": {"TP": 10, "FP": 29, "FN": 0, "TN": 151, "TPR": 1.0, "FDR": 0.7435897435897436, "FPR": 0.16111111111111112, "Hamming": 29}, "omega": [[1.0, 0.6623546315449282, 0.27005310510390235, 0.08726412045460281, 0.08269747226706328, 0.09177114700023527, 0.12716674278113305, 0.2730799291443513, 0.07829494640646102, 0.1302614185945606, 0.20586503887536195, 0.09535801477190489, 0.1161090203376226, 0.05218890959310916, 0.12983009785796795, 0.08362293870221171, 0.08772475136619362, 0.11126700466374094, 0.12969317729460694, 0.14666599913872613], [0.6623546315449282, 1.0, 0.13468997804484323, 0.16475155749735634, 0.10627489289025759, 0.05878452930732579, 0.07994431433076661, 0.1028235210796369, 0.07290246439918822, 0.12940099950098216, 0.10249782442875482, 0.12632940224501044, 0.14531412073952327, 0.09673904867499775, 0.09243280150893878, 0.06353045352011091, 0.12639787270242175, 0.07089288985056329, 0.07905897690760355, 0.26232145052193356], [0.27005310510390235, 0.13468997804484323, 1.0, 1.0, 0.17123501623639606, 0.1988478101420288, 0.27936661367146065, 0.32523722884730133, 0.19421633847899689, 0.24279232635929446, 0.22328089168707918, 0.2577052912986105, 0.2014430773689305, 0.18562785073098378, 0.20610652117813796, 0.15015111367268175, 0.15410049388927013, 0.20598672026427595, 0.1601683269389041, 0.42631220933024966], [0.08726412045460281, 0.16475155749735634, 1.0, 1.0, 0.10622946435767124, 0.0853308252192056, 0.10399711660492034, 0.19518492152069378, 0.07504089015664928, 0.12836897281288948, 0.21588047342384034, 0.1298250629063678, 0.08196837708490548, 0.12360790711267301, 0.07800443336239522, 0.19497804891351686, 0.114546064719276, 0.17555509425575927, 0.0723230521819616, 0.22048320068250662], [0.08269747226706328, 0.10627489289025759, 0.17123501623639606, 0.10622946435767124, 1.0, 0.5167278920037479, 0.13721812208109163, 0.19161489661864536, 0.14219862945116993, 0.16901279944123027, 0.1151324554526857, 0.1719267217133, 0.07628445400691787, 0.13757336498392642, 0.13822050890050822, 0.09621057413101294, 0.15620006056594973, 0.12450272017635762, 0.08374842581444514, 0.25938952127663906], [0.09177114700023527, 0.05878452930732579, 0.1988478101420288, 0.0853308252192056, 0.5167278920037479, 1.0, 0.10349292135462584, 0.1217863291905898, 0.14210489875961912, 0.17238746252278347, 0.12363034256394226, 0.12016216858662356, 0.10074970714246756, 0.07685898390850635, 0.1322735228298626, 0.0820504443538126, 0.07199556663760479, 0.1297656773414153, 0.09401868711907152, 0.2155409744117003], [0.12716674278113305, 0.07994431433076661, 0.27936661367146065, 0.10399711660492034, 0.13721812208109163, 0.10349292135462584, 1.0, 0.799092129438552, 0.13585142374755071, 0.18030265879634944, 0.11048086026442247, 0.1278694014146708, 0.07700286060144268, 0.10098661036638329, 0.11919412282351294, 0.0677485422248055, 0.15666081358631015, 0.11268380422545186, 0.12332802567214772, 0.22906190751807412], [0.2730799291443513, 0.1028235210796369, 0.32523722884730133, 0.19518492152069378, 0.19161489661864536, 0.1217863291905898, 0.799092129438552, 1.0, 0.27362400918909197, 0.23484125045892545, 0.1693341897228375, 0.3346290661202706, 0.13095931091579135, 0.18897350483917055, 0.17731865423110957, 0.1519351594292799, 0.14164332354021, 0.14255264719601632, 0.15316129428783318, 0.2903850415129114], [0.07829494640646102, 0.07290246439918822, 0.19421633847899689, 0.07504089015664928, 0.14219862945116993, 0.14210489875961912, 0.13585142374755071, 0.27362400918909197, 1.0, 0.6622028910472292, 0.12264536845507171, 0.13664897310595053, 0.09872222941307199, 0.08190362687467488, 0.11371007552020371, 0.07633815337349897, 0.09263391465248251, 0.12908357775438717, 0.13281465191267106, 0.3435280561179343], [0.1302614185945606, 0.12940099950098216, 0.24279232635929446, 0.12836897281288948, 0.16901279944123027, 0.17238746252278347, 0.18030265879634944, 0.23484125045892545, 0.6622028910472292, 1.0, 0.10953577909058272, 0.15817759173828347, 0.12427568130588003, 0.18503089351871072, 0.11055509018546694, 0.13720506051303594, 0.13062448459923495, 0.17484982656484424, 0.10286600068543722, 0.32373736683021104], [0.20586503887536195, 0.10249782442875482, 0.22328089168707918, 0.21588047342384034, 0.1151324554526857, 0.12363034256394226, 0.11048086026442247, 0.1693341897228375, 0.12264536845507171, 0.10953577909058272, 1.0, 0.6024797197685143, 0.06807244184162818, 0.09532244245217203, 0.15232090103247034, 0.11715995760383519, 0.15898725021633603, 0.08836314822457919, 0.13631646685601667, 0.32301641223269373], [0.09535801477190489, 0.12632940224501044, 0.2577052912986105, 0.1298250629063678, 0.1719267217133, 0.12016216858662356, 0.1278694014146708, 0.3346290661202706, 0.13664897310595053, 0.15817759173828347, 0.6024797197685143, 1.0, 0.09487856079347906, 0.08994735483912984, 0.09683360563588955, 0.07142473459658925, 0.17247886093683476, 0.12470061371867605, 0.07599739460588581, 0.33287986206593384], [0.1161090203376226, 0.14531412073952327, 0.2014430773689305, 0.08196837708490548, 0.07628445400691787, 0.10074970714246756, 0.07700286060144268, 0.13095931091579135, 0.09872222941307199, 0.12427568130588003, 0.06807244184162818, 0.09487856079347906, 1.0, 0.5150641193149209, 0.08062479190630513, 0.08595553978995664, 0.05500711080068348, 0.09015802502904154, 0.06678418618168319, 0.19435925865323797], [0.05218890959310916, 0.09673904867499775, 0.18562785073098378, 0.12360790711267301, 0.13757336498392642, 0.07685898390850635, 0.10098661036638329, 0.18897350483917055, 0.08190362687467488, 0.18503089351871072, 0.09532244245217203, 0.08994735483912984, 0.5150641193149209, 1.0, 0.16267850266970474, 0.06777114659320603, 0.07335052828324025, 0.09801602962521562, 0.08632689494494115, 0.20041148213182375], [0.12983009785796795, 0.09243280150893878, 0.20610652117813796, 0.07800443336239522, 0.13822050890050822, 0.1322735228298626, 0.11919412282351294, 0.17731865423110957, 0.11371007552020371, 0.11055509018546694, 0.15232090103247034, 0.09683360563588955, 0.08062479190630513, 0.16267850266970474, 1.0, 0.7207378951541542, 0.10681087305328094, 0.10670447968232183, 0.09786956015607129, 0.2560780535536501], [0.08362293870221171, 0.06353045352011091, 0.15015111367268175, 0.19497804891351686, 0.09621057413101294, 0.0820504443538126, 0.0677485422248055, 0.1519351594292799, 0.07633815337349897, 0.13720506051303594, 0.11715995760383519, 0.07142473459658925, 0.08595553978995664, 0.06777114659320603, 0.7207378951541542, 1.0, 0.0873783450679861, 0.108575078169964, 0.0672659581915854, 0.15437774999124887], [0.08772475136619362, 0.12639787270242175, 0.15410049388927013, 0.114546064719276, 0.15620006056594973, 0.07199556663760479, 0.15666081358631015, 0.14164332354021, 0.09263391465248251, 0.13062448459923495, 0.15898725021633603, 0.17247886093683476, 0.05500711080068348, 0.07335052828324025, 0.10681087305328094, 0.0873783450679861, 1.0, 0.6137735435883535, 0.08845111538220451, 0.2974218564928896], [0.11126700466374094, 0.07089288985056329, 0.20598672026427595, 0.17555509425575927, 0.12450272017635762, 0.1297656773414153, 0.11268380422545186, 0.14255264719601632, 0.12908357775438717, 0.17484982656484424, 0.08836314822457919, 0.12470061371867605, 0.09015802502904154, 0.09801602962521562, 0.10670447968232183, 0.108575078169964, 0.6137735435883535, 1.0, 0.06392445578156532, 0.16668486901392285], [0.12969317729460694, 0.07905897690760355, 0.1601683269389041, 0.0723230521819616, 0.08374842581444514, 0.09401868711907152, 0.12332802567214772, 0.15316129428783318, 0.13281465191267106, 0.10286600068543722, 0.13631646685601667, 0.07599739460588581, 0.06678418618168319, 0.08632689494494115, 0.09786956015607129, 0.0672659581915854, 0.08845111538220451, 0.06392445578156532, 1.0, 0.5551966236111145], [0.14666599913872613, 0.26232145052193356, 0.42631220933024966, 0.22048320068250662, 0.25938952127663906, 0.2155409744117003, 0.22906190751807412, 0.2903850415129114, 0.3435280561179343, 0.32373736683021104, 0.32301641223269373, 0.33287986206593384, 0.19435925865323797, 0.20041148213182375, 0.2560780535536501, 0.15437774999124887, 0.2974218564928896, 0.16668486901392285, 0.5551966236111145, 1.0]], "meta_info": {"source": "pretrained"}}