{"model": "LSING", "dataset": "0.7_dim20_pair_gau", "N": 200, "seed": 123450, "metrics": {"TP": 9, "FP": 10, "FN": 1, "TN": 170, "TPR": 0.9, "FDR": 0.5263157894736842, "FPR": 0.05555555555555555, "Hamming": 11}, "omega": [[1.0, 0.23873351667473464, 0.1978826037899844, 0.05804967322122246, 0.07501191161839851, 0.06653904454847345, 0.04806519584422111, 0.06748637374582472, 0.12551285962349107, 0.0401786264805312, 0.04629501079266699, 0.047827468673429865, 0.0708327550291224, 0.06106282265202352, 0.04632474500887947, 0.04133976098635235, 0.0449389167297939, 0.0612418400482694, 0.084972206775488, 0.18127101706475376], [0.23873351667473464, 1.0, 0.16572711371258117, 0.07226818401553091, 0.06364523889902134, 0.06464884154459102, 0.059527921548043886, 0.07233494246048972, 0.1507102982675868, 0.06007034641394697, 0.05903094891024037, 0.07197378682535693, 0.0757675383149127, 0.10160731879187568, 0.07872596437348114, 0.09769995828485165, 0.036467984237461795, 0.052185792666305325, 0.10796253722561792, 0.12433373458058895], [0.1978826037899844, 0.16572711371258117, 1.0, 0.6121726436079363, 0.18169062728950877, 0.14604893700582233, 0.10216670828249981, 0.13031522952173408, 0.2766559480722683, 0.2559805862759121, 0.20191044261673186, 0.13918217625454357, 0.1984905646271267, 0.15381588153990336, 0.11612996173633118, 0.18058985781178846, 0.11003099379519929, 0.11726357334123662, 0.20508628105714313, 0.3320450219035565], [0.05804967322122246, 0.07226818401553091, 0.6121726436079363, 1.0, 0.08008081354774274, 0.056399204383067274, 0.04722796859586745, 0.05466362964882444, 0.1408175167648908, 0.038649279097074635, 0.09278106198474888, 0.06345961083388832, 0.08476205681861977, 0.03349032792586826, 0.050925860213892414, 0.0565290969573874, 0.066923549604073, 0.03457376293315123, 0.10952590179386174, 0.09899135952126537], [0.07501191161839851, 0.06364523889902134, 0.18169062728950877, 0.08008081354774274, 1.0, 0.43029032071448026, 0.07458492516998695, 0.053784277921706675, 0.19878828266974632, 0.06871225452900133, 0.08613823634885495, 0.04997454720056208, 0.16775368547031946, 0.1086593265551252, 0.13323857282603896, 0.08661591838584749, 0.06945974461975694, 0.05555472936562987, 0.11176006476234711, 0.14116017494154126], [0.06653904454847345, 0.06464884154459102, 0.14604893700582233, 0.056399204383067274, 0.43029032071448026, 1.0, 0.040194580710894434, 0.05774642214874919, 0.12330967575982966, 0.04479954782886874, 0.08222911023803843, 0.05517785658072121, 0.0777349933816066, 0.12445060065427208, 0.05341805307256028, 0.04698748784181779, 0.045869882193949205, 0.04166735894198179, 0.11332891753066074, 0.09885442349822224], [0.04806519584422111, 0.059527921548043886, 0.10216670828249981, 0.04722796859586745, 0.07458492516998695, 0.040194580710894434, 1.0, 0.2912829547533958, 0.08289428767308124, 0.05883057012201674, 0.07661933869144427, 0.06919046417806467, 0.0691187985960029, 0.06651881424642526, 0.06486603495018224, 0.04979717557464817, 0.05435206954834724, 0.044813379541391585, 0.16614365137292386, 0.13593205486238594], [0.06748637374582472, 0.07233494246048972, 0.13031522952173408, 0.05466362964882444, 0.053784277921706675, 0.05774642214874919, 0.2912829547533958, 1.0, 0.1596328356565231, 0.04620598401471984, 0.0989941941429791, 0.03547391050728197, 0.04835665840777905, 0.0820639021394235, 0.05392873500309243, 0.06258416274640553, 0.06155652443983254, 0.05029963986096642, 0.19196494818518414, 0.16648175242962945], [0.12551285962349107, 0.1507102982675868, 0.2766559480722683, 0.1408175167648908, 0.19878828266974632, 0.12330967575982966, 0.08289428767308124, 0.1596328356565231, 1.0, 0.5146010536847558, 0.2107041840368285, 0.10351222596484247, 0.1339790711947452, 0.08638991592774078, 0.15725270863622748, 0.1420936172512512, 0.14397896484470424, 0.2150097709617379, 0.16314794245224104, 0.1997343255971472], [0.0401786264805312, 0.06007034641394697, 0.2559805862759121, 0.038649279097074635, 0.06871225452900133, 0.04479954782886874, 0.05883057012201674, 0.04620598401471984, 0.5146010536847558, 1.0, 0.08015198772640524, 0.04586530007277874, 0.10064817349804982, 0.04122265352152573, 0.04101122936426428, 0.054779314630126835, 0.05139871615223731, 0.0413974120883112, 0.10045757794802797, 0.22261286953294235], [0.04629501079266699, 0.05903094891024037, 0.20191044261673186, 0.09278106198474888, 0.08613823634885495, 0.08222911023803843, 0.07661933869144427, 0.0989941941429791, 0.2107041840368285, 0.08015198772640524, 1.0, 0.3490830847073524, 0.09705801992003857, 0.0614372099702653, 0.06022038480341505, 0.059878443903305274, 0.08770775639125813, 0.05236573683212002, 0.1336332990723435, 0.25496541582190113], [0.047827468673429865, 0.07197378682535693, 0.13918217625454357, 0.06345961083388832, 0.04997454720056208, 0.05517785658072121, 0.06919046417806467, 0.03547391050728197, 0.10351222596484247, 0.04586530007277874, 0.3490830847073524, 1.0, 0.06794616180219372, 0.06522544394796953, 0.04771171817167424, 0.06944043332827653, 0.05583374562940644, 0.026443352305849585, 0.10230463573345375, 0.25004868169675515], [0.0708327550291224, 0.0757675383149127, 0.1984905646271267, 0.08476205681861977, 0.16775368547031946, 0.0777349933816066, 0.0691187985960029, 0.04835665840777905, 0.1339790711947452, 0.10064817349804982, 0.09705801992003857, 0.06794616180219372, 1.0, 0.2227017100948645, 0.06362783977024197, 0.04541205199217628, 0.05655600862144332, 0.05828711460214201, 0.10863119759001703, 0.13313736786490196], [0.06106282265202352, 0.10160731879187568, 0.15381588153990336, 0.03349032792586826, 0.1086593265551252, 0.12445060065427208, 0.06651881424642526, 0.0820639021394235, 0.08638991592774078, 0.04122265352152573, 0.0614372099702653, 0.06522544394796953, 0.2227017100948645, 1.0, 0.043993784191848524, 0.057795062464165485, 0.039992474251772284, 0.046935770651433034, 0.13605504192577936, 0.17133096083082472], [0.04632474500887947, 0.07872596437348114, 0.11612996173633118, 0.050925860213892414, 0.13323857282603896, 0.05341805307256028, 0.06486603495018224, 0.05392873500309243, 0.15725270863622748, 0.04101122936426428, 0.06022038480341505, 0.04771171817167424, 0.06362783977024197, 0.043993784191848524, 1.0, 0.25047624403546626, 0.046696871871484566, 0.041463668784536, 0.17694429117256313, 0.12471195484534511], [0.04133976098635235, 0.09769995828485165, 0.18058985781178846, 0.0565290969573874, 0.08661591838584749, 0.04698748784181779, 0.04979717557464817, 0.06258416274640553, 0.1420936172512512, 0.054779314630126835, 0.059878443903305274, 0.06944043332827653, 0.04541205199217628, 0.057795062464165485, 0.25047624403546626, 1.0, 0.036590804051277216, 0.03690157618209312, 0.11640008532280327, 0.13750583028580463], [0.0449389167297939, 0.036467984237461795, 0.11003099379519929, 0.066923549604073, 0.06945974461975694, 0.045869882193949205, 0.05435206954834724, 0.06155652443983254, 0.14397896484470424, 0.05139871615223731, 0.08770775639125813, 0.05583374562940644, 0.05655600862144332, 0.039992474251772284, 0.046696871871484566, 0.036590804051277216, 1.0, 0.18905177779335555, 0.09109313182745538, 0.11733235860968964], [0.0612418400482694, 0.052185792666305325, 0.11726357334123662, 0.03457376293315123, 0.05555472936562987, 0.04166735894198179, 0.044813379541391585, 0.05029963986096642, 0.2150097709617379, 0.0413974120883112, 0.05236573683212002, 0.026443352305849585, 0.05828711460214201, 0.046935770651433034, 0.041463668784536, 0.03690157618209312, 0.18905177779335555, 1.0, 0.07431491624430803, 0.11510907979544266], [0.084972206775488, 0.10796253722561792, 0.20508628105714313, 0.10952590179386174, 0.11176006476234711, 0.11332891753066074, 0.16614365137292386, 0.19196494818518414, 0.16314794245224104, 0.10045757794802797, 0.1336332990723435, 0.10230463573345375, 0.10863119759001703, 0.13605504192577936, 0.17694429117256313, 0.11640008532280327, 0.09109313182745538, 0.07431491624430803, 1.0, 1.0], [0.18127101706475376, 0.12433373458058895, 0.3320450219035565, 0.09899135952126537, 0.14116017494154126, 0.09885442349822224, 0.13593205486238594, 0.16648175242962945, 0.1997343255971472, 0.22261286953294235, 0.25496541582190113, 0.25004868169675515, 0.13313736786490196, 0.17133096083082472, 0.12471195484534511, 0.13750583028580463, 0.11733235860968964, 0.11510907979544266, 1.0, 1.0]], "meta_info": {"source": "pretrained"}}