{"model": "LSING", "dataset": "0.7_dim20_pair_gau", "N": 200, "seed": 120, "metrics": {"TP": 8, "FP": 9, "FN": 2, "TN": 171, "TPR": 0.8, "FDR": 0.5294117647058824, "FPR": 0.05, "Hamming": 11}, "omega": [[1.0, 0.3501354569189005, 0.027617478680375736, 0.16280737589251346, 0.03528676396785643, 0.05572579128186699, 0.055650688719488486, 0.0469968488420104, 0.04947117856149926, 0.052635903521596174, 0.042066104475349864, 0.057131732925001046, 0.04264686716145061, 0.029190299268644932, 0.04290738002720924, 0.033460970406351515, 0.07278542897101568, 0.03667316302301893, 0.14058843111826003, 0.06468994290409721], [0.3501354569189005, 1.0, 0.04512625612960216, 0.18438324614131602, 0.10569906059275626, 0.11174243976136139, 0.08924064764652383, 0.07990253694734578, 0.07921904981318377, 0.10963817920140494, 0.09196997093868367, 0.08201983747272792, 0.08957086778276602, 0.058018377413244254, 0.08242052500676501, 0.06600715611379152, 0.1379981993439603, 0.11468298916521226, 0.21978482529352916, 0.08966892792596338], [0.027617478680375736, 0.04512625612960216, 1.0, 0.7970537058688931, 0.034862192564090906, 0.06145585911686827, 0.042697796931321655, 0.12465415075342827, 0.04203801510517057, 0.0646969998119745, 0.06427541311691759, 0.03059174400852525, 0.040942403806967564, 0.04005061202921484, 0.04443434559441916, 0.026530652866676437, 0.0666184218532877, 0.05230433301236534, 0.18111848817904566, 0.07078550673464366], [0.16280737589251346, 0.18438324614131602, 0.7970537058688931, 1.0, 0.14600227793167042, 0.2337564885608106, 0.13441206005046433, 0.18716175078652963, 0.08140366686605398, 0.2814549857516678, 0.12722603345123631, 0.15585556894614125, 0.11033568343039121, 0.1382016270206416, 0.24796827765775675, 0.1253574445981023, 0.14954615761868983, 0.16222434584460396, 0.36269902464233045, 0.16250119710751446], [0.03528676396785643, 0.10569906059275626, 0.034862192564090906, 0.14600227793167042, 1.0, 0.18910318538033477, 0.11521082256220946, 0.05985127252305584, 0.04461026732653289, 0.08302368416828759, 0.050916049139073605, 0.07534402246100068, 0.04270143016626814, 0.03144712035601397, 0.054235574708129466, 0.0374245383301674, 0.06338761665759408, 0.040041992706309364, 0.2848502500092207, 0.07048468232114599], [0.05572579128186699, 0.11174243976136139, 0.06145585911686827, 0.2337564885608106, 0.18910318538033477, 1.0, 0.1098995439553575, 0.11140102479744107, 0.05687252455178975, 0.12555759616327214, 0.08833094513649566, 0.12007761145371043, 0.08581893641458904, 0.06252362718725951, 0.09635050651312793, 0.06578738445990467, 0.15215080267162454, 0.11424043014843181, 0.3675289306190709, 0.1672026279285089], [0.055650688719488486, 0.08924064764652383, 0.042697796931321655, 0.13441206005046433, 0.11521082256220946, 0.1098995439553575, 1.0, 0.43577201485927125, 0.052919076365311166, 0.09566256029607596, 0.04419922445289235, 0.10494728352174339, 0.04598316389182088, 0.060818351624964205, 0.06683228051030002, 0.058877326235095034, 0.09576205141303724, 0.06351143928858949, 0.14031864358329244, 0.08574082062322762], [0.0469968488420104, 0.07990253694734578, 0.12465415075342827, 0.18716175078652963, 0.05985127252305584, 0.11140102479744107, 0.43577201485927125, 1.0, 0.08191633367717045, 0.10845212267324907, 0.1040691368352368, 0.14107375132634156, 0.09385228920387484, 0.08437814423624303, 0.09027974788117178, 0.06108154291648543, 0.11219871455006783, 0.06195151172433261, 0.15927605008624432, 0.13192770111450883], [0.04947117856149926, 0.07921904981318377, 0.04203801510517057, 0.08140366686605398, 0.04461026732653289, 0.05687252455178975, 0.052919076365311166, 0.08191633367717045, 1.0, 0.42018835840693664, 0.03990014278191736, 0.048273676723255984, 0.04560022588850872, 0.04789791342895419, 0.06323193812019072, 0.07907904750656318, 0.06985326080778027, 0.052572381430605136, 0.17686659764198143, 0.09857947755261962], [0.052635903521596174, 0.10963817920140494, 0.0646969998119745, 0.2814549857516678, 0.08302368416828759, 0.12555759616327214, 0.09566256029607596, 0.10845212267324907, 0.42018835840693664, 1.0, 0.07887500974401372, 0.10063188081378352, 0.14085151638876148, 0.06631888333215846, 0.08327301832652316, 0.055959280567697695, 0.1726810849433764, 0.1159365494626572, 0.1749360019924313, 0.14110966703179892], [0.042066104475349864, 0.09196997093868367, 0.06427541311691759, 0.12722603345123631, 0.050916049139073605, 0.08833094513649566, 0.04419922445289235, 0.1040691368352368, 0.03990014278191736, 0.07887500974401372, 1.0, 0.3821129886567082, 0.05275830633893502, 0.036463142202921066, 0.05034501000649945, 0.0400861892114161, 0.09149223650356635, 0.03727844384494883, 0.21260432790748424, 0.131481847386038], [0.057131732925001046, 0.08201983747272792, 0.03059174400852525, 0.15585556894614125, 0.07534402246100068, 0.12007761145371043, 0.10494728352174339, 0.14107375132634156, 0.048273676723255984, 0.10063188081378352, 0.3821129886567082, 1.0, 0.06698834593142464, 0.038164360446190815, 0.04889667855563649, 0.056592903722240025, 0.10165392716439767, 0.04374764062930625, 0.27425293943835316, 0.0678209568999432], [0.04264686716145061, 0.08957086778276602, 0.040942403806967564, 0.11033568343039121, 0.04270143016626814, 0.08581893641458904, 0.04598316389182088, 0.09385228920387484, 0.04560022588850872, 0.14085151638876148, 0.05275830633893502, 0.06698834593142464, 1.0, 0.2830553005043912, 0.07420601887504491, 0.04329360406212829, 0.07630594187328027, 0.07153363941060269, 0.15160072346065465, 0.0833158532985339], [0.029190299268644932, 0.058018377413244254, 0.04005061202921484, 0.1382016270206416, 0.03144712035601397, 0.06252362718725951, 0.060818351624964205, 0.08437814423624303, 0.04789791342895419, 0.06631888333215846, 0.036463142202921066, 0.038164360446190815, 0.2830553005043912, 1.0, 0.048502515964359956, 0.05852057976370769, 0.09766703957628019, 0.03712051840593352, 0.10537193428627224, 0.08185518620901987], [0.04290738002720924, 0.08242052500676501, 0.04443434559441916, 0.24796827765775675, 0.054235574708129466, 0.09635050651312793, 0.06683228051030002, 0.09027974788117178, 0.06323193812019072, 0.08327301832652316, 0.05034501000649945, 0.04889667855563649, 0.07420601887504491, 0.048502515964359956, 1.0, 0.1991899656806363, 0.10943185113682607, 0.0538255226040187, 0.1594022113797343, 0.10325186729428068], [0.033460970406351515, 0.06600715611379152, 0.026530652866676437, 0.1253574445981023, 0.0374245383301674, 0.06578738445990467, 0.058877326235095034, 0.06108154291648543, 0.07907904750656318, 0.055959280567697695, 0.0400861892114161, 0.056592903722240025, 0.04329360406212829, 0.05852057976370769, 0.1991899656806363, 1.0, 0.06517646406373019, 0.031449832262098604, 0.16904144409527253, 0.08515465706517826], [0.07278542897101568, 0.1379981993439603, 0.0666184218532877, 0.14954615761868983, 0.06338761665759408, 0.15215080267162454, 0.09576205141303724, 0.11219871455006783, 0.06985326080778027, 0.1726810849433764, 0.09149223650356635, 0.10165392716439767, 0.07630594187328027, 0.09766703957628019, 0.10943185113682607, 0.06517646406373019, 1.0, 0.5284809411456413, 0.18387127001684295, 0.11513935819482515], [0.03667316302301893, 0.11468298916521226, 0.05230433301236534, 0.16222434584460396, 0.040041992706309364, 0.11424043014843181, 0.06351143928858949, 0.06195151172433261, 0.052572381430605136, 0.1159365494626572, 0.03727844384494883, 0.04374764062930625, 0.07153363941060269, 0.03712051840593352, 0.0538255226040187, 0.031449832262098604, 0.5284809411456413, 1.0, 0.18846407083297315, 0.06951446598906198], [0.14058843111826003, 0.21978482529352916, 0.18111848817904566, 0.36269902464233045, 0.2848502500092207, 0.3675289306190709, 0.14031864358329244, 0.15927605008624432, 0.17686659764198143, 0.1749360019924313, 0.21260432790748424, 0.27425293943835316, 0.15160072346065465, 0.10537193428627224, 0.1594022113797343, 0.16904144409527253, 0.18387127001684295, 0.18846407083297315, 1.0, 1.0], [0.06468994290409721, 0.08966892792596338, 0.07078550673464366, 0.16250119710751446, 0.07048468232114599, 0.1672026279285089, 0.08574082062322762, 0.13192770111450883, 0.09857947755261962, 0.14110966703179892, 0.131481847386038, 0.0678209568999432, 0.0833158532985339, 0.08185518620901987, 0.10325186729428068, 0.08515465706517826, 0.11513935819482515, 0.06951446598906198, 1.0, 1.0]], "meta_info": {"source": "pretrained"}}