{"model": "LSING", "dataset": "0.7_dim20_pair_gau", "N": 10000, "seed": 12340, "metrics": {"TP": 10, "FP": 0, "FN": 0, "TN": 180, "TPR": 1.0, "FDR": 0.0, "FPR": 0.0, "Hamming": 0}, "omega": [[1.0, 1.0, 0.06272821479477576, 0.06322146935613199, 0.05942205142289997, 0.05464421611289081, 0.07399231045798374, 0.05181178095740211, 0.07851849527638015, 0.06335271589308929, 0.06766429719795214, 0.048380691847901024, 0.06487018236687554, 0.07926581943220207, 0.05243619784643911, 0.0641474779413545, 0.06151461366764124, 0.06673129158738916, 0.054175813495294954, 0.07318717280613195], [1.0, 1.0, 0.06738508220315638, 0.07086099871752845, 0.05161273574565589, 0.05398142020812777, 0.07718372720750893, 0.06878814909888317, 0.05811973709884283, 0.060142563855435066, 0.056751930923814344, 0.058129643171917864, 0.05926689200320538, 0.06228770075848775, 0.05007977476498875, 0.06655809351994409, 0.07364233670473933, 0.06688723696033133, 0.05592056080642641, 0.06532142670643006], [0.06272821479477576, 0.06738508220315638, 1.0, 0.9599208755347697, 0.0556014153037795, 0.06768946046085604, 0.08220802520733753, 0.05964162583554486, 0.06220236103621873, 0.06668882714585345, 0.05825847826141099, 0.05656106932266876, 0.06130274057610414, 0.05909987693809436, 0.05702373932997016, 0.06065519420578118, 0.06397625241241715, 0.05655477659309559, 0.057356665808310454, 0.0695099961208614], [0.06322146935613199, 0.07086099871752845, 0.9599208755347697, 1.0, 0.04745163641794601, 0.051403360862655754, 0.061996142725190204, 0.0599260413911152, 0.0542116483701514, 0.061988895623816404, 0.05308458758542546, 0.06259836153857555, 0.055106509730244106, 0.05480439746762189, 0.05842789456680115, 0.05747943782989367, 0.054614334578705175, 0.06937423545632303, 0.05912954922498681, 0.06402001827004464], [0.05942205142289997, 0.05161273574565589, 0.0556014153037795, 0.04745163641794601, 1.0, 0.7956606888355566, 0.05651008188163005, 0.05711971111134973, 0.049186462345224884, 0.05015482819654025, 0.05264704766767659, 0.052977000027477746, 0.05540763699951059, 0.046913835149307234, 0.052012204139127854, 0.05352802215253119, 0.05406621129420124, 0.06910929265800038, 0.04828759338910839, 0.05551913008163176], [0.05464421611289081, 0.05398142020812777, 0.06768946046085604, 0.051403360862655754, 0.7956606888355566, 1.0, 0.056092692223035485, 0.05572867593498121, 0.04369442391892947, 0.050741509122508306, 0.06256510908153258, 0.05780968619806079, 0.05426540961372296, 0.06391852057386754, 0.06121851343700376, 0.06202524596151703, 0.06199131983026186, 0.05222532250723904, 0.05047256510765253, 0.06113273735757455], [0.07399231045798374, 0.07718372720750893, 0.08220802520733753, 0.061996142725190204, 0.05651008188163005, 0.056092692223035485, 1.0, 0.9548888557994633, 0.0615047688376764, 0.06242554879236548, 0.06261773987936169, 0.0720049409104017, 0.07520580185787916, 0.07404861329062865, 0.07086096299238083, 0.0685968205190223, 0.08280559975153262, 0.06617564050392301, 0.05847352068390099, 0.07707898107469491], [0.05181178095740211, 0.06878814909888317, 0.05964162583554486, 0.0599260413911152, 0.05711971111134973, 0.05572867593498121, 0.9548888557994633, 1.0, 0.05169563595070191, 0.06267320572283386, 0.0546028617027275, 0.0600043560182849, 0.052371874718154104, 0.06235833447891973, 0.05653359668415103, 0.04801795783746658, 0.05756297088041176, 0.062251312143843246, 0.048088309584412015, 0.05835669179580355], [0.07851849527638015, 0.05811973709884283, 0.06220236103621873, 0.0542116483701514, 0.049186462345224884, 0.04369442391892947, 0.0615047688376764, 0.05169563595070191, 1.0, 0.8885481549063632, 0.05990546115429136, 0.05489117129938813, 0.05077033676483923, 0.057795166477350605, 0.05469229450619496, 0.05284932600528218, 0.054636826110926545, 0.05798171809461579, 0.05489103350239018, 0.045400278027388816], [0.06335271589308929, 0.060142563855435066, 0.06668882714585345, 0.061988895623816404, 0.05015482819654025, 0.050741509122508306, 0.06242554879236548, 0.06267320572283386, 0.8885481549063632, 1.0, 0.05562302646629173, 0.05323495600764493, 0.06098692771937068, 0.05828425905900941, 0.056772307016937515, 0.05290466936253394, 0.07291366617956618, 0.0628248538708769, 0.054635938085828624, 0.05830304283126735], [0.06766429719795214, 0.056751930923814344, 0.05825847826141099, 0.05308458758542546, 0.05264704766767659, 0.06256510908153258, 0.06261773987936169, 0.0546028617027275, 0.05990546115429136, 0.05562302646629173, 1.0, 0.9234233298115823, 0.059748806381989365, 0.0563094137274635, 0.05655057378465804, 0.061090352021722846, 0.06159939454652968, 0.05780136734225847, 0.06444873535223015, 0.06231684482355472], [0.048380691847901024, 0.058129643171917864, 0.05656106932266876, 0.06259836153857555, 0.052977000027477746, 0.05780968619806079, 0.0720049409104017, 0.0600043560182849, 0.05489117129938813, 0.05323495600764493, 0.9234233298115823, 1.0, 0.06496030670712903, 0.05736566599371376, 0.05572335033618997, 0.051801323696335264, 0.050632523180211, 0.05630970463223696, 0.06594535620238169, 0.06468465912350249], [0.06487018236687554, 0.05926689200320538, 0.06130274057610414, 0.055106509730244106, 0.05540763699951059, 0.05426540961372296, 0.07520580185787916, 0.052371874718154104, 0.05077033676483923, 0.06098692771937068, 0.059748806381989365, 0.06496030670712903, 1.0, 0.9526583000684575, 0.05366325714704034, 0.056472580683816886, 0.060378365140487, 0.06604028557498971, 0.060401190958018214, 0.059643049737857036], [0.07926581943220207, 0.06228770075848775, 0.05909987693809436, 0.05480439746762189, 0.046913835149307234, 0.06391852057386754, 0.07404861329062865, 0.06235833447891973, 0.057795166477350605, 0.05828425905900941, 0.0563094137274635, 0.05736566599371376, 0.9526583000684575, 1.0, 0.05598592251578858, 0.056473501882266165, 0.060284622353139125, 0.06237379070885674, 0.05594362904460217, 0.06019432193894381], [0.05243619784643911, 0.05007977476498875, 0.05702373932997016, 0.05842789456680115, 0.052012204139127854, 0.06121851343700376, 0.07086096299238083, 0.05653359668415103, 0.05469229450619496, 0.056772307016937515, 0.05655057378465804, 0.05572335033618997, 0.05366325714704034, 0.05598592251578858, 1.0, 0.8785031007999126, 0.06140551161861416, 0.06850530800160425, 0.0541700719537136, 0.06557329920431726], [0.0641474779413545, 0.06655809351994409, 0.06065519420578118, 0.05747943782989367, 0.05352802215253119, 0.06202524596151703, 0.0685968205190223, 0.04801795783746658, 0.05284932600528218, 0.05290466936253394, 0.061090352021722846, 0.051801323696335264, 0.056472580683816886, 0.056473501882266165, 0.8785031007999126, 1.0, 0.05607554160038291, 0.05270029344840397, 0.05032102413505233, 0.05160887742971322], [0.06151461366764124, 0.07364233670473933, 0.06397625241241715, 0.054614334578705175, 0.05406621129420124, 0.06199131983026186, 0.08280559975153262, 0.05756297088041176, 0.054636826110926545, 0.07291366617956618, 0.06159939454652968, 0.050632523180211, 0.060378365140487, 0.060284622353139125, 0.06140551161861416, 0.05607554160038291, 1.0, 0.9382074574428773, 0.05661596356377904, 0.06173028893560332], [0.06673129158738916, 0.06688723696033133, 0.05655477659309559, 0.06937423545632303, 0.06910929265800038, 0.05222532250723904, 0.06617564050392301, 0.062251312143843246, 0.05798171809461579, 0.0628248538708769, 0.05780136734225847, 0.05630970463223696, 0.06604028557498971, 0.06237379070885674, 0.06850530800160425, 0.05270029344840397, 0.9382074574428773, 1.0, 0.0484980030254913, 0.0597858559118648], [0.054175813495294954, 0.05592056080642641, 0.057356665808310454, 0.05912954922498681, 0.04828759338910839, 0.05047256510765253, 0.05847352068390099, 0.048088309584412015, 0.05489103350239018, 0.054635938085828624, 0.06444873535223015, 0.06594535620238169, 0.060401190958018214, 0.05594362904460217, 0.0541700719537136, 0.05032102413505233, 0.05661596356377904, 0.0484980030254913, 1.0, 0.9166206084454004], [0.07318717280613195, 0.06532142670643006, 0.0695099961208614, 0.06402001827004464, 0.05551913008163176, 0.06113273735757455, 0.07707898107469491, 0.05835669179580355, 0.045400278027388816, 0.05830304283126735, 0.06231684482355472, 0.06468465912350249, 0.059643049737857036, 0.06019432193894381, 0.06557329920431726, 0.05160887742971322, 0.06173028893560332, 0.0597858559118648, 0.9166206084454004, 1.0]], "meta_info": {"source": "pretrained"}}