{"model": "LSING", "dataset": "0.7_dim20_pair_gau", "N": 10000, "seed": 123450, "metrics": {"TP": 10, "FP": 0, "FN": 0, "TN": 180, "TPR": 1.0, "FDR": 0.0, "FPR": 0.0, "Hamming": 0}, "omega": [[1.0, 0.9051961982026453, 0.04737251238964464, 0.062340584549922945, 0.06028406930679607, 0.059868590873917014, 0.06420803228398714, 0.05340827424650961, 0.05460929020683659, 0.057262595493291504, 0.06965949851671935, 0.06659050772242239, 0.06817757595660243, 0.05993855262926899, 0.0687798198703842, 0.053344352625792284, 0.07160619410804714, 0.05700151161495838, 0.0556559896018894, 0.056594888998353556], [0.9051961982026453, 1.0, 0.047918028520708957, 0.05970421907115444, 0.053708398478578834, 0.06505819871416882, 0.052223340211879535, 0.04817021086491888, 0.05935887988645278, 0.05826065109703905, 0.04583528333405621, 0.05320432154367898, 0.07113766683465018, 0.05614456011813234, 0.05258062520158882, 0.061551002337483694, 0.06802953618306347, 0.056284892400191806, 0.04824071047731758, 0.05929051287724433], [0.04737251238964464, 0.047918028520708957, 1.0, 0.9467388135200566, 0.05576460176461861, 0.06044167217862568, 0.05001249764633756, 0.04448695774113121, 0.053440209508658555, 0.06778497527320557, 0.04720103683993753, 0.06102641153482198, 0.060052139969680354, 0.07581224697053095, 0.0550678725034397, 0.0483408460129905, 0.05383066952100947, 0.054959588433508996, 0.053627741435852846, 0.04595739570865807], [0.062340584549922945, 0.05970421907115444, 0.9467388135200566, 1.0, 0.05124858995396632, 0.054898936983635724, 0.057497275969201185, 0.05651964010823233, 0.062441715121132293, 0.07407180879947897, 0.05479781044635423, 0.06156762480951255, 0.06235676597917349, 0.07065191737861728, 0.05390190868684741, 0.059106684095816694, 0.06375979297839243, 0.05320634657545988, 0.055104441404046134, 0.04768164169331856], [0.06028406930679607, 0.053708398478578834, 0.05576460176461861, 0.05124858995396632, 1.0, 0.9778186463076157, 0.053362537572541856, 0.05594103501165386, 0.053614964641708035, 0.05820870486346692, 0.04765731576373807, 0.05353083035317501, 0.06460392196322469, 0.0597636522748169, 0.04732987915083646, 0.05104688818287621, 0.058393025784092306, 0.06376533559525888, 0.049829674657587295, 0.055121424240296285], [0.059868590873917014, 0.06505819871416882, 0.06044167217862568, 0.054898936983635724, 0.9778186463076157, 1.0, 0.06780979199734118, 0.053793396027671844, 0.06363728527886124, 0.057117570408499414, 0.05400448340422719, 0.06815373275372137, 0.07569157336352905, 0.05924746279922494, 0.05724513396426977, 0.07919675815485945, 0.05856179187892657, 0.06205699135418463, 0.0625260080774941, 0.056034643652064835], [0.06420803228398714, 0.052223340211879535, 0.05001249764633756, 0.057497275969201185, 0.053362537572541856, 0.06780979199734118, 1.0, 0.9085798783978366, 0.06325744794318301, 0.04987236437138538, 0.04962369423369054, 0.052390541142707844, 0.06676027423136355, 0.05243921451615068, 0.05588653664639505, 0.05240711789688773, 0.05840829554564866, 0.05267985982670848, 0.046665609562427046, 0.04776584052469719], [0.05340827424650961, 0.04817021086491888, 0.04448695774113121, 0.05651964010823233, 0.05594103501165386, 0.053793396027671844, 0.9085798783978366, 1.0, 0.06142140568207675, 0.05044940161467267, 0.05221263685664982, 0.06050872143806968, 0.06864638022637844, 0.062098037914704994, 0.05943691487607602, 0.05390297633308515, 0.05471239471340739, 0.05024787464712275, 0.05799341951266193, 0.05263563722032724], [0.05460929020683659, 0.05935887988645278, 0.053440209508658555, 0.062441715121132293, 0.053614964641708035, 0.06363728527886124, 0.06325744794318301, 0.06142140568207675, 1.0, 0.9411955727394428, 0.06509303302579958, 0.07323408031350268, 0.06297511064364879, 0.06076313051045301, 0.06814060097392573, 0.060247032470558994, 0.07708468496809173, 0.06169445419041413, 0.061398431118326144, 0.06273199656924655], [0.057262595493291504, 0.05826065109703905, 0.06778497527320557, 0.07407180879947897, 0.05820870486346692, 0.057117570408499414, 0.04987236437138538, 0.05044940161467267, 0.9411955727394428, 1.0, 0.054586377496646354, 0.06394079263175433, 0.06828800607614954, 0.05909129331642483, 0.055781955722231, 0.061807807563010166, 0.06328865171974843, 0.06256405070640854, 0.06512674859477316, 0.060215471019057526], [0.06965949851671935, 0.04583528333405621, 0.04720103683993753, 0.05479781044635423, 0.04765731576373807, 0.05400448340422719, 0.04962369423369054, 0.05221263685664982, 0.06509303302579958, 0.054586377496646354, 1.0, 0.9586557463614186, 0.06385581121837272, 0.054615580444997966, 0.05186022485178381, 0.05445355907752956, 0.0515448120331616, 0.04609884269944686, 0.05405808354821798, 0.05388460851493969], [0.06659050772242239, 0.05320432154367898, 0.06102641153482198, 0.06156762480951255, 0.05353083035317501, 0.06815373275372137, 0.052390541142707844, 0.06050872143806968, 0.07323408031350268, 0.06394079263175433, 0.9586557463614186, 1.0, 0.07968244844661722, 0.05570850596393105, 0.07354425978306031, 0.051740949673103394, 0.07293734189154255, 0.05749737278346959, 0.06787719355315078, 0.05224189359070611], [0.06817757595660243, 0.07113766683465018, 0.060052139969680354, 0.06235676597917349, 0.06460392196322469, 0.07569157336352905, 0.06676027423136355, 0.06864638022637844, 0.06297511064364879, 0.06828800607614954, 0.06385581121837272, 0.07968244844661722, 1.0, 1.0, 0.05878740139574334, 0.05483534614500213, 0.06483634881810862, 0.06605630810362104, 0.07205534777062127, 0.07150036804481993], [0.05993855262926899, 0.05614456011813234, 0.07581224697053095, 0.07065191737861728, 0.0597636522748169, 0.05924746279922494, 0.05243921451615068, 0.062098037914704994, 0.06076313051045301, 0.05909129331642483, 0.054615580444997966, 0.05570850596393105, 1.0, 1.0, 0.06460298340267817, 0.05772732280665339, 0.059237364533172784, 0.061119509211038585, 0.06320173939956909, 0.05743080759536765], [0.0687798198703842, 0.05258062520158882, 0.0550678725034397, 0.05390190868684741, 0.04732987915083646, 0.05724513396426977, 0.05588653664639505, 0.05943691487607602, 0.06814060097392573, 0.055781955722231, 0.05186022485178381, 0.07354425978306031, 0.05878740139574334, 0.06460298340267817, 1.0, 0.8962703529409335, 0.05580338125768705, 0.051016499259736586, 0.050282555669495195, 0.05377363784906062], [0.053344352625792284, 0.061551002337483694, 0.0483408460129905, 0.059106684095816694, 0.05104688818287621, 0.07919675815485945, 0.05240711789688773, 0.05390297633308515, 0.060247032470558994, 0.061807807563010166, 0.05445355907752956, 0.051740949673103394, 0.05483534614500213, 0.05772732280665339, 0.8962703529409335, 1.0, 0.04963326808912214, 0.06366720088779974, 0.05263029361056809, 0.05417011379247909], [0.07160619410804714, 0.06802953618306347, 0.05383066952100947, 0.06375979297839243, 0.058393025784092306, 0.05856179187892657, 0.05840829554564866, 0.05471239471340739, 0.07708468496809173, 0.06328865171974843, 0.0515448120331616, 0.07293734189154255, 0.06483634881810862, 0.059237364533172784, 0.05580338125768705, 0.04963326808912214, 1.0, 0.9485088795465272, 0.056507831456771615, 0.052223403410082525], [0.05700151161495838, 0.056284892400191806, 0.054959588433508996, 0.05320634657545988, 0.06376533559525888, 0.06205699135418463, 0.05267985982670848, 0.05024787464712275, 0.06169445419041413, 0.06256405070640854, 0.04609884269944686, 0.05749737278346959, 0.06605630810362104, 0.061119509211038585, 0.051016499259736586, 0.06366720088779974, 0.9485088795465272, 1.0, 0.05183390750648785, 0.049559135252372856], [0.0556559896018894, 0.04824071047731758, 0.053627741435852846, 0.055104441404046134, 0.049829674657587295, 0.0625260080774941, 0.046665609562427046, 0.05799341951266193, 0.061398431118326144, 0.06512674859477316, 0.05405808354821798, 0.06787719355315078, 0.07205534777062127, 0.06320173939956909, 0.050282555669495195, 0.05263029361056809, 0.056507831456771615, 0.05183390750648785, 1.0, 0.9042062400367361], [0.056594888998353556, 0.05929051287724433, 0.04595739570865807, 0.04768164169331856, 0.055121424240296285, 0.056034643652064835, 0.04776584052469719, 0.05263563722032724, 0.06273199656924655, 0.060215471019057526, 0.05388460851493969, 0.05224189359070611, 0.07150036804481993, 0.05743080759536765, 0.05377363784906062, 0.05417011379247909, 0.052223403410082525, 0.049559135252372856, 0.9042062400367361, 1.0]], "meta_info": {"source": "pretrained"}}