{"model": "LSING", "dataset": "0.7_dim20_pair_gau", "N": 10000, "seed": 120, "metrics": {"TP": 10, "FP": 0, "FN": 0, "TN": 180, "TPR": 1.0, "FDR": 0.0, "FPR": 0.0, "Hamming": 0}, "omega": [[1.0, 0.8503880071208658, 0.054961039781520026, 0.052949181992833265, 0.055154774891650334, 0.04600571100652496, 0.04675117794950257, 0.05156156498498972, 0.05447649480426168, 0.04654557108084451, 0.04383585327371756, 0.05507266819375794, 0.05532471435845278, 0.05639345410782132, 0.05916969155425115, 0.05937529321028197, 0.06133583268383998, 0.06461872185963187, 0.0475155224220118, 0.06375387402456106], [0.8503880071208658, 1.0, 0.05466736818203995, 0.06863855663602893, 0.0659723681757848, 0.05827652351541249, 0.056654643220686376, 0.04811036007577909, 0.061481116423820786, 0.04953960121525106, 0.0611912083412044, 0.05413203657763083, 0.06939472640587684, 0.05917039004630064, 0.052950605040068426, 0.06130165088074635, 0.05420502378417555, 0.05890760847581528, 0.05654161261172224, 0.06676148956869889], [0.054961039781520026, 0.05466736818203995, 1.0, 0.8788519542973524, 0.058551033497176636, 0.06751899898374619, 0.05828405315545347, 0.045657163473828234, 0.05500867537550724, 0.05996245136097527, 0.0558146439796449, 0.05814984103571984, 0.06736555226951535, 0.06155053819333676, 0.056358730191495246, 0.06502077440458244, 0.05508368768773277, 0.06357972796757996, 0.056422782954959144, 0.059244922796820546], [0.052949181992833265, 0.06863855663602893, 0.8788519542973524, 1.0, 0.05492768678615676, 0.05736485846883037, 0.050801034852459716, 0.04987166772378747, 0.05790805853405076, 0.05468832294352473, 0.05945301348235609, 0.06151277792164629, 0.060018656514136855, 0.05333106427669793, 0.0639846657017051, 0.06877357410667037, 0.05245058898517654, 0.055800629831323556, 0.06722734988363331, 0.04985120294926279], [0.055154774891650334, 0.0659723681757848, 0.058551033497176636, 0.05492768678615676, 1.0, 0.8438058350566279, 0.050793106446435254, 0.042883394206394185, 0.056116958115080634, 0.07011907048014135, 0.05179412113645282, 0.05244377086875313, 0.06833940395901124, 0.05480980582755045, 0.05200749481969105, 0.05339711608270646, 0.06542513614339812, 0.06240882072440506, 0.048153488050364825, 0.04895104738361559], [0.04600571100652496, 0.05827652351541249, 0.06751899898374619, 0.05736485846883037, 0.8438058350566279, 1.0, 0.051294251035123514, 0.045959108815887086, 0.05702119256153924, 0.06204345204362093, 0.05047440120465901, 0.05588940608576315, 0.06922962425714849, 0.05359360085370324, 0.04995250254063451, 0.05307916667187929, 0.05477199342958762, 0.05969387595531819, 0.06090642948378727, 0.05558629441836046], [0.04675117794950257, 0.056654643220686376, 0.05828405315545347, 0.050801034852459716, 0.050793106446435254, 0.051294251035123514, 1.0, 0.7758065289615654, 0.055024532187556166, 0.04973774229855177, 0.057553328825453304, 0.05593018968124993, 0.06269595829564603, 0.058889372099433575, 0.058209465672347596, 0.056318715458525626, 0.052716068090256016, 0.06577995186034497, 0.05601588527299363, 0.05277497338432534], [0.05156156498498972, 0.04811036007577909, 0.045657163473828234, 0.04987166772378747, 0.042883394206394185, 0.045959108815887086, 0.7758065289615654, 1.0, 0.049397303007519114, 0.046994558121419186, 0.05102372350056693, 0.060008512741537505, 0.06696129217693075, 0.06223221691368264, 0.052496090008311014, 0.050651049322712915, 0.05125998322368051, 0.048974221421145665, 0.0633805951819478, 0.0596496520258563], [0.05447649480426168, 0.061481116423820786, 0.05500867537550724, 0.05790805853405076, 0.056116958115080634, 0.05702119256153924, 0.055024532187556166, 0.049397303007519114, 1.0, 0.9154394265609629, 0.04772854555606848, 0.05389527644230268, 0.06536961905703156, 0.06966550675285434, 0.05750027470545529, 0.06271687656874017, 0.056949581488584554, 0.052164022196617796, 0.04925539183735936, 0.0524050488673378], [0.04654557108084451, 0.04953960121525106, 0.05996245136097527, 0.05468832294352473, 0.07011907048014135, 0.06204345204362093, 0.04973774229855177, 0.046994558121419186, 0.9154394265609629, 1.0, 0.0627601987136904, 0.07153198436795644, 0.06482101610368207, 0.05273774219429922, 0.06117551833322699, 0.060818560226486566, 0.05452037209401244, 0.057786596500533985, 0.06087471064706219, 0.05571272408563221], [0.04383585327371756, 0.0611912083412044, 0.0558146439796449, 0.05945301348235609, 0.05179412113645282, 0.05047440120465901, 0.057553328825453304, 0.05102372350056693, 0.04772854555606848, 0.0627601987136904, 1.0, 0.8350763524786876, 0.0618290514728174, 0.055812055910222716, 0.05694784047108806, 0.06372155834201756, 0.05529727508868764, 0.05679679938432617, 0.05382670693733963, 0.06556302316533244], [0.05507266819375794, 0.05413203657763083, 0.05814984103571984, 0.06151277792164629, 0.05244377086875313, 0.05588940608576315, 0.05593018968124993, 0.060008512741537505, 0.05389527644230268, 0.07153198436795644, 0.8350763524786876, 1.0, 0.06164525163019704, 0.06983351233495258, 0.051901006057906866, 0.05588111800845947, 0.055497116791623766, 0.05343095385240258, 0.054435218615501185, 0.057121306280214994], [0.05532471435845278, 0.06939472640587684, 0.06736555226951535, 0.060018656514136855, 0.06833940395901124, 0.06922962425714849, 0.06269595829564603, 0.06696129217693075, 0.06536961905703156, 0.06482101610368207, 0.0618290514728174, 0.06164525163019704, 1.0, 1.0, 0.05355605690604302, 0.05766045352776016, 0.07079101201281222, 0.06749097850604435, 0.07372393842761307, 0.06545143906042603], [0.05639345410782132, 0.05917039004630064, 0.06155053819333676, 0.05333106427669793, 0.05480980582755045, 0.05359360085370324, 0.058889372099433575, 0.06223221691368264, 0.06966550675285434, 0.05273774219429922, 0.055812055910222716, 0.06983351233495258, 1.0, 1.0, 0.05743049065834648, 0.06688634241623204, 0.062185118220300636, 0.0626717795242164, 0.06630674778765674, 0.05758756014850566], [0.05916969155425115, 0.052950605040068426, 0.056358730191495246, 0.0639846657017051, 0.05200749481969105, 0.04995250254063451, 0.058209465672347596, 0.052496090008311014, 0.05750027470545529, 0.06117551833322699, 0.05694784047108806, 0.051901006057906866, 0.05355605690604302, 0.05743049065834648, 1.0, 0.9419874621719642, 0.06461267260572563, 0.06124946466318296, 0.06172591964297257, 0.06395527169672685], [0.05937529321028197, 0.06130165088074635, 0.06502077440458244, 0.06877357410667037, 0.05339711608270646, 0.05307916667187929, 0.056318715458525626, 0.050651049322712915, 0.06271687656874017, 0.060818560226486566, 0.06372155834201756, 0.05588111800845947, 0.05766045352776016, 0.06688634241623204, 0.9419874621719642, 1.0, 0.05783435459126122, 0.06070188077845792, 0.0603527390062564, 0.05516955268986161], [0.06133583268383998, 0.05420502378417555, 0.05508368768773277, 0.05245058898517654, 0.06542513614339812, 0.05477199342958762, 0.052716068090256016, 0.05125998322368051, 0.056949581488584554, 0.05452037209401244, 0.05529727508868764, 0.055497116791623766, 0.07079101201281222, 0.062185118220300636, 0.06461267260572563, 0.05783435459126122, 1.0, 0.9989493428545098, 0.07632053570795609, 0.07849983872131334], [0.06461872185963187, 0.05890760847581528, 0.06357972796757996, 0.055800629831323556, 0.06240882072440506, 0.05969387595531819, 0.06577995186034497, 0.048974221421145665, 0.052164022196617796, 0.057786596500533985, 0.05679679938432617, 0.05343095385240258, 0.06749097850604435, 0.0626717795242164, 0.06124946466318296, 0.06070188077845792, 0.9989493428545098, 1.0, 0.06940482587114469, 0.05536599315352689], [0.0475155224220118, 0.05654161261172224, 0.056422782954959144, 0.06722734988363331, 0.048153488050364825, 0.06090642948378727, 0.05601588527299363, 0.0633805951819478, 0.04925539183735936, 0.06087471064706219, 0.05382670693733963, 0.054435218615501185, 0.07372393842761307, 0.06630674778765674, 0.06172591964297257, 0.0603527390062564, 0.07632053570795609, 0.06940482587114469, 1.0, 0.9735621384782381], [0.06375387402456106, 0.06676148956869889, 0.059244922796820546, 0.04985120294926279, 0.04895104738361559, 0.05558629441836046, 0.05277497338432534, 0.0596496520258563, 0.0524050488673378, 0.05571272408563221, 0.06556302316533244, 0.057121306280214994, 0.06545143906042603, 0.05758756014850566, 0.06395527169672685, 0.05516955268986161, 0.07849983872131334, 0.05536599315352689, 0.9735621384782381, 1.0]], "meta_info": {"source": "pretrained"}}