{"model": "LSING", "dataset": "0.1_dim20_pair_gau", "N": 500, "seed": 12340, "metrics": {"TP": 10, "FP": 163, "FN": 0, "TN": 17, "TPR": 1.0, "FDR": 0.9421965317919075, "FPR": 0.9055555555555556, "Hamming": 163}, "omega": [[1.0, 0.3921336321237222, 0.3424375011287435, 0.1792317287757827, 0.3322240796844631, 0.3995391649854538, 0.2416374052161882, 0.2258740301748343, 0.44380425754292063, 0.3345536561759016, 0.40271748154401205, 0.254635427482489, 0.30496408632109967, 0.22162582111868198, 0.2235873897101917, 0.2637263338446302, 0.24648838831237577, 0.24805053178889372, 0.3504422998582073, 0.4171817322301755], [0.3921336321237222, 1.0, 0.29831554950535144, 0.1963828767473137, 0.31739574825025374, 0.3596129374090533, 0.3069606115671082, 0.20537458500385286, 0.362445126807234, 0.34939139901709143, 0.32503216387419487, 0.2706469635036518, 0.5807029336725058, 0.18509093307677943, 0.36523184128743347, 0.21089351535173698, 0.21831795232197482, 0.2632668320606276, 0.19204341769072364, 0.2904720641675606], [0.3424375011287435, 0.29831554950535144, 1.0, 0.5372012031492657, 0.32581289167399274, 0.8943204178729734, 0.45084217647059704, 0.34716874361306277, 1.0, 0.5602692995626953, 0.3265893859040061, 0.48662488360497136, 0.5111252210648825, 0.33748639441982237, 0.6944097643303648, 0.3353056682409126, 0.5069204358027981, 0.37093971891898164, 0.457250250274638, 0.7705196812593461], [0.1792317287757827, 0.1963828767473137, 0.5372012031492657, 1.0, 0.31353518285344456, 0.43044795145499976, 0.2343034115543612, 0.19580148942613104, 0.25126346106348973, 0.21210216513138375, 0.38363927764218403, 0.21814081150766562, 0.5047207805016759, 0.16422586256139052, 0.1952457536607184, 0.1774771173364445, 0.16294227171778777, 0.22367942764237664, 0.22987422833341528, 0.23883210555223736], [0.3322240796844631, 0.31739574825025374, 0.32581289167399274, 0.31353518285344456, 1.0, 0.9874561015708557, 0.46435882041564674, 0.4116178960261275, 0.49423651689943504, 0.2783007073726048, 0.35823194319327273, 0.29032988626117684, 0.4324758251283791, 0.28333685442938455, 0.633095279558434, 0.32595654538904595, 0.35436573720570186, 0.28499661389458353, 0.23217726528251156, 0.4653493131561439], [0.3995391649854538, 0.3596129374090533, 0.8943204178729734, 0.43044795145499976, 0.9874561015708557, 1.0, 0.32643489500071565, 0.3901283333202428, 0.43664809882575156, 0.27159673393035716, 0.30765337866884157, 0.35304182426760744, 0.6197786827292014, 0.31372690040507695, 0.396757415725947, 0.38794917675140095, 0.33521784511823255, 0.37565625334401986, 0.3529526128842299, 0.5077920446508665], [0.2416374052161882, 0.3069606115671082, 0.45084217647059704, 0.2343034115543612, 0.46435882041564674, 0.32643489500071565, 1.0, 0.3576210084315701, 0.31325242166445105, 0.2340469460240739, 0.4047387641057918, 0.3717835688065275, 0.32859080132958857, 0.30299787768707864, 0.31197485912405704, 0.2572775752473568, 0.2220119639556495, 0.20105282939786856, 0.23225870365666867, 0.2687153363185357], [0.2258740301748343, 0.20537458500385286, 0.34716874361306277, 0.19580148942613104, 0.4116178960261275, 0.3901283333202428, 0.3576210084315701, 1.0, 0.3145214670378634, 0.22412070068794196, 0.23184071211820517, 0.2659375955054572, 0.3800139536459003, 0.15689442029760206, 0.3020765478443913, 0.2292184314895347, 0.21565755080496357, 0.1918338466062479, 0.21871482603892803, 0.37671693454428357], [0.44380425754292063, 0.362445126807234, 1.0, 0.25126346106348973, 0.49423651689943504, 0.43664809882575156, 0.31325242166445105, 0.3145214670378634, 1.0, 0.3640579730663417, 0.42767006681311026, 0.5306737201649644, 0.4999540998490123, 0.4288179270331178, 0.41792840386889996, 0.5025276100039017, 0.40804239933271436, 0.4466789827485971, 0.3757494919341053, 0.4505468646544874], [0.3345536561759016, 0.34939139901709143, 0.5602692995626953, 0.21210216513138375, 0.2783007073726048, 0.27159673393035716, 0.2340469460240739, 0.22412070068794196, 0.3640579730663417, 1.0, 0.419676561772023, 0.20161595671348115, 0.37214012668241564, 0.2998621282031489, 0.31135894663480856, 0.34416557302573947, 0.26601419372745294, 0.23465409120927813, 0.19898871086411798, 0.4175273090890153], [0.40271748154401205, 0.32503216387419487, 0.3265893859040061, 0.38363927764218403, 0.35823194319327273, 0.30765337866884157, 0.4047387641057918, 0.23184071211820517, 0.42767006681311026, 0.419676561772023, 1.0, 0.4155296519727985, 0.5762937426562885, 0.2065740109793161, 0.27436914057057565, 0.27869534861627426, 0.36063617309104523, 0.23063608954526632, 0.3426621992520802, 0.514286165604443], [0.254635427482489, 0.2706469635036518, 0.48662488360497136, 0.21814081150766562, 0.29032988626117684, 0.35304182426760744, 0.3717835688065275, 0.2659375955054572, 0.5306737201649644, 0.20161595671348115, 0.4155296519727985, 1.0, 0.4778972387919961, 0.3868326399450579, 0.3092341385962438, 0.40541117005062927, 0.24693932290198414, 0.2565585687677563, 0.2493780717143959, 0.43776892548271823], [0.30496408632109967, 0.5807029336725058, 0.5111252210648825, 0.5047207805016759, 0.4324758251283791, 0.6197786827292014, 0.32859080132958857, 0.3800139536459003, 0.4999540998490123, 0.37214012668241564, 0.5762937426562885, 0.4778972387919961, 1.0, 0.26927580592785816, 0.34116465367197957, 0.42190064295730845, 0.2142497669097782, 0.2903134272424575, 0.26862728181907275, 0.4261395156475991], [0.22162582111868198, 0.18509093307677943, 0.33748639441982237, 0.16422586256139052, 0.28333685442938455, 0.31372690040507695, 0.30299787768707864, 0.15689442029760206, 0.4288179270331178, 0.2998621282031489, 0.2065740109793161, 0.3868326399450579, 0.26927580592785816, 1.0, 0.30426809870468524, 0.22843307615407862, 0.1673029423972866, 0.21322982053015951, 0.18779432690142564, 0.3088086241856225], [0.2235873897101917, 0.36523184128743347, 0.6944097643303648, 0.1952457536607184, 0.633095279558434, 0.396757415725947, 0.31197485912405704, 0.3020765478443913, 0.41792840386889996, 0.31135894663480856, 0.27436914057057565, 0.3092341385962438, 0.34116465367197957, 0.30426809870468524, 1.0, 0.4470212828119168, 0.19181394820291778, 0.41316236731917255, 0.1972632091254403, 0.49061797161754783], [0.2637263338446302, 0.21089351535173698, 0.3353056682409126, 0.1774771173364445, 0.32595654538904595, 0.38794917675140095, 0.2572775752473568, 0.2292184314895347, 0.5025276100039017, 0.34416557302573947, 0.27869534861627426, 0.40541117005062927, 0.42190064295730845, 0.22843307615407862, 0.4470212828119168, 1.0, 0.1977417713536132, 0.3516272366443193, 0.22559977989939586, 0.34785503216487473], [0.24648838831237577, 0.21831795232197482, 0.5069204358027981, 0.16294227171778777, 0.35436573720570186, 0.33521784511823255, 0.2220119639556495, 0.21565755080496357, 0.40804239933271436, 0.26601419372745294, 0.36063617309104523, 0.24693932290198414, 0.2142497669097782, 0.1673029423972866, 0.19181394820291778, 0.1977417713536132, 1.0, 0.21492861388397771, 0.27607938394843456, 0.40160829251388297], [0.24805053178889372, 0.2632668320606276, 0.37093971891898164, 0.22367942764237664, 0.28499661389458353, 0.37565625334401986, 0.20105282939786856, 0.1918338466062479, 0.4466789827485971, 0.23465409120927813, 0.23063608954526632, 0.2565585687677563, 0.2903134272424575, 0.21322982053015951, 0.41316236731917255, 0.3516272366443193, 0.21492861388397771, 1.0, 0.22754303220449645, 0.3428085294337032], [0.3504422998582073, 0.19204341769072364, 0.457250250274638, 0.22987422833341528, 0.23217726528251156, 0.3529526128842299, 0.23225870365666867, 0.21871482603892803, 0.3757494919341053, 0.19898871086411798, 0.3426621992520802, 0.2493780717143959, 0.26862728181907275, 0.18779432690142564, 0.1972632091254403, 0.22559977989939586, 0.27607938394843456, 0.22754303220449645, 1.0, 0.34709569108392946], [0.4171817322301755, 0.2904720641675606, 0.7705196812593461, 0.23883210555223736, 0.4653493131561439, 0.5077920446508665, 0.2687153363185357, 0.37671693454428357, 0.4505468646544874, 0.4175273090890153, 0.514286165604443, 0.43776892548271823, 0.4261395156475991, 0.3088086241856225, 0.49061797161754783, 0.34785503216487473, 0.40160829251388297, 0.3428085294337032, 0.34709569108392946, 1.0]], "meta_info": {"source": "pretrained"}}