{"model": "LSING", "dataset": "0.1_dim20_pair_gau", "N": 500, "seed": 1230, "metrics": {"TP": 7, "FP": 132, "FN": 3, "TN": 48, "TPR": 0.7, "FDR": 0.9496402877697842, "FPR": 0.7333333333333333, "Hamming": 135}, "omega": [[1.0, 0.18265538148500973, 0.25253853349698263, 0.17996902794866426, 0.21953271945814815, 0.2201767968661346, 0.2287527327482006, 0.3166933940339387, 0.16315744795257903, 0.31365450411172163, 0.3025275974241528, 0.43180109604569616, 0.30546600790739553, 0.2559351099018388, 0.19970206602613244, 0.25395450355467036, 0.22157011700844684, 0.17604093177792937, 0.20387033801066057, 0.28393955811398974], [0.18265538148500973, 1.0, 0.21771302735896067, 0.19742177747496922, 0.17072539253109142, 0.24923839878516574, 0.3055801421097382, 0.18306221285363955, 0.13252034559741876, 0.42892070297909973, 0.37056130414183747, 0.3146890604552342, 0.3822134155956772, 0.18453809220025552, 0.18625388897995956, 0.24043709361751311, 0.22092672277656222, 0.16970830097151496, 0.20720187254715694, 0.17140379515885998], [0.25253853349698263, 0.21771302735896067, 1.0, 0.22147892175752273, 0.23251272380454954, 0.23713143218620591, 0.29227361462134194, 0.22790958833454733, 0.1681196931887658, 0.465009244073351, 0.42284922061693747, 0.6031009520917329, 0.2739674817985245, 0.18377840037503915, 0.16599026393475172, 0.19874208536106716, 0.18607166489280283, 0.2057821888142491, 0.2272582324734762, 0.2598473616422124], [0.17996902794866426, 0.19742177747496922, 0.22147892175752273, 1.0, 0.20366975575543458, 0.15499793855990612, 0.21017882116947625, 0.17573697096463028, 0.133037641286511, 0.37729383383118187, 0.20685795906990373, 0.37038253972852964, 0.2656884647607081, 0.1523015694867347, 0.1546723701127202, 0.349912332740535, 0.20825388491593763, 0.1523524617269858, 0.1503034239069524, 0.22880417240519996], [0.21953271945814815, 0.17072539253109142, 0.23251272380454954, 0.20366975575543458, 1.0, 0.19122546657687048, 0.2944604087712384, 0.17284822212878864, 0.15844691369590458, 0.30285937576693084, 0.38326491120304756, 0.3964999329261207, 0.3515243830981111, 0.3627071262940012, 0.21864566784195144, 0.23941127842463655, 0.2551125658752556, 0.20571996723697625, 0.30372344463836914, 0.19762228090218345], [0.2201767968661346, 0.24923839878516574, 0.23713143218620591, 0.15499793855990612, 0.19122546657687048, 1.0, 0.2991011189268403, 0.16461247729008774, 0.16741004401300724, 0.2771693705316998, 0.3391963389608709, 0.5775699867495367, 0.24702479435260707, 0.289515545111642, 0.15651975274070107, 0.2565390463345097, 0.1946463658026848, 0.18879239620093827, 0.2336278949280761, 0.19418746415296165], [0.2287527327482006, 0.3055801421097382, 0.29227361462134194, 0.21017882116947625, 0.2944604087712384, 0.2991011189268403, 1.0, 0.36281687678302393, 0.2165130372947936, 0.5505512915829586, 0.2968100703520736, 0.3797408611445274, 0.21845665578711643, 0.3377526564777199, 0.16189389623493944, 0.24027237810763233, 0.5350017392962859, 0.1696549300282278, 0.28108384697373834, 0.2548711945032842], [0.3166933940339387, 0.18306221285363955, 0.22790958833454733, 0.17573697096463028, 0.17284822212878864, 0.16461247729008774, 0.36281687678302393, 1.0, 0.17010806409509138, 0.43730725018360794, 0.37725509862207585, 0.4279684868731916, 0.19556567559302226, 0.1990484285320546, 0.13607682900343912, 0.31848036374958294, 0.19008544273297348, 0.30816291563864723, 0.26191442480093213, 0.32876058752163784], [0.16315744795257903, 0.13252034559741876, 0.1681196931887658, 0.133037641286511, 0.15844691369590458, 0.16741004401300724, 0.2165130372947936, 0.17010806409509138, 1.0, 0.42874093131897517, 0.23816207340513504, 0.28788969547267607, 0.24939674236409692, 0.2037633202260451, 0.12870776311923213, 0.2984896675570495, 0.22144010772040496, 0.1370377775013153, 0.27301263809222476, 0.26796874893253736], [0.31365450411172163, 0.42892070297909973, 0.465009244073351, 0.37729383383118187, 0.30285937576693084, 0.2771693705316998, 0.5505512915829586, 0.43730725018360794, 0.42874093131897517, 1.0, 0.4091350034104501, 0.4489057147961194, 0.44596553506194636, 0.3369900655334048, 0.33827747586260004, 0.5343155151780183, 0.28155365316508657, 0.2197831122581307, 0.402754173654186, 0.39638833873748985], [0.3025275974241528, 0.37056130414183747, 0.42284922061693747, 0.20685795906990373, 0.38326491120304756, 0.3391963389608709, 0.2968100703520736, 0.37725509862207585, 0.23816207340513504, 0.4091350034104501, 1.0, 1.0, 0.2647092194054385, 0.27772668457475597, 0.412189264794958, 0.278630517798787, 0.28915351432968883, 0.37935808107814856, 0.38050402140226064, 0.24810110326634202], [0.43180109604569616, 0.3146890604552342, 0.6031009520917329, 0.37038253972852964, 0.3964999329261207, 0.5775699867495367, 0.3797408611445274, 0.4279684868731916, 0.28788969547267607, 0.4489057147961194, 1.0, 1.0, 0.6082282325291813, 0.6027381593056661, 0.42072566404979855, 0.27814527883447215, 0.4695879428597114, 0.3415780616458175, 0.25334629289202915, 0.5271438127385577], [0.30546600790739553, 0.3822134155956772, 0.2739674817985245, 0.2656884647607081, 0.3515243830981111, 0.24702479435260707, 0.21845665578711643, 0.19556567559302226, 0.24939674236409692, 0.44596553506194636, 0.2647092194054385, 0.6082282325291813, 1.0, 0.34707953427569826, 0.27085175208218937, 0.3047764117019588, 0.28856512453266814, 0.2533645459560827, 0.3547505070655649, 0.30067519170009005], [0.2559351099018388, 0.18453809220025552, 0.18377840037503915, 0.1523015694867347, 0.3627071262940012, 0.289515545111642, 0.3377526564777199, 0.1990484285320546, 0.2037633202260451, 0.3369900655334048, 0.27772668457475597, 0.6027381593056661, 0.34707953427569826, 1.0, 0.3633781190886655, 0.2613012041802109, 0.4120655836445259, 0.330806577325217, 0.20978677443238314, 0.20054707165672972], [0.19970206602613244, 0.18625388897995956, 0.16599026393475172, 0.1546723701127202, 0.21864566784195144, 0.15651975274070107, 0.16189389623493944, 0.13607682900343912, 0.12870776311923213, 0.33827747586260004, 0.412189264794958, 0.42072566404979855, 0.27085175208218937, 0.3633781190886655, 1.0, 0.17242529232842638, 0.17727831697500274, 0.14610110698001724, 0.2074303861945455, 0.17136932104172234], [0.25395450355467036, 0.24043709361751311, 0.19874208536106716, 0.349912332740535, 0.23941127842463655, 0.2565390463345097, 0.24027237810763233, 0.31848036374958294, 0.2984896675570495, 0.5343155151780183, 0.278630517798787, 0.27814527883447215, 0.3047764117019588, 0.2613012041802109, 0.17242529232842638, 1.0, 0.3752976764690292, 0.18483951299984272, 0.39886348575435937, 0.23384211442933442], [0.22157011700844684, 0.22092672277656222, 0.18607166489280283, 0.20825388491593763, 0.2551125658752556, 0.1946463658026848, 0.5350017392962859, 0.19008544273297348, 0.22144010772040496, 0.28155365316508657, 0.28915351432968883, 0.4695879428597114, 0.28856512453266814, 0.4120655836445259, 0.17727831697500274, 0.3752976764690292, 1.0, 0.2966362020341621, 0.2933756827775824, 0.29929145354053915], [0.17604093177792937, 0.16970830097151496, 0.2057821888142491, 0.1523524617269858, 0.20571996723697625, 0.18879239620093827, 0.1696549300282278, 0.30816291563864723, 0.1370377775013153, 0.2197831122581307, 0.37935808107814856, 0.3415780616458175, 0.2533645459560827, 0.330806577325217, 0.14610110698001724, 0.18483951299984272, 0.2966362020341621, 1.0, 0.15975766587524512, 0.1877081344166848], [0.20387033801066057, 0.20720187254715694, 0.2272582324734762, 0.1503034239069524, 0.30372344463836914, 0.2336278949280761, 0.28108384697373834, 0.26191442480093213, 0.27301263809222476, 0.402754173654186, 0.38050402140226064, 0.25334629289202915, 0.3547505070655649, 0.20978677443238314, 0.2074303861945455, 0.39886348575435937, 0.2933756827775824, 0.15975766587524512, 1.0, 0.20670218178068836], [0.28393955811398974, 0.17140379515885998, 0.2598473616422124, 0.22880417240519996, 0.19762228090218345, 0.19418746415296165, 0.2548711945032842, 0.32876058752163784, 0.26796874893253736, 0.39638833873748985, 0.24810110326634202, 0.5271438127385577, 0.30067519170009005, 0.20054707165672972, 0.17136932104172234, 0.23384211442933442, 0.29929145354053915, 0.1877081344166848, 0.20670218178068836, 1.0]], "meta_info": {"source": "pretrained"}}