{"model": "LSING", "dataset": "0.1_dim20_pair_gau", "N": 500, "seed": 120, "metrics": {"TP": 9, "FP": 121, "FN": 1, "TN": 59, "TPR": 0.9, "FDR": 0.9307692307692308, "FPR": 0.6722222222222223, "Hamming": 122}, "omega": [[1.0, 0.28012601147428273, 0.1692223255951733, 0.24678671343364605, 0.20845740527309978, 0.3343735059527664, 0.43477098279546483, 0.31800831534161755, 0.15284042059969938, 0.2400637592191756, 0.3918396173447948, 0.18776624180039322, 0.19687716572264696, 0.2136181242826851, 0.27786925958635816, 0.22217160066795535, 0.19209604235068484, 0.17874639878643753, 0.38238395171101563, 0.21659902837845843], [0.28012601147428273, 1.0, 0.2749121827453131, 0.31474184586048165, 0.32888633977544685, 0.48364900068476446, 0.44167046708652696, 0.30343425055490725, 0.18991969345423032, 0.3885665172217576, 0.30401450922227563, 0.23216177353998432, 0.22359259889473226, 0.26109401974656826, 0.3898584418232646, 0.21447059232815788, 0.20822380431442952, 0.336326996391553, 0.2591250893844973, 0.29420352729482213], [0.1692223255951733, 0.2749121827453131, 1.0, 0.31368077954304024, 0.14301755087855145, 0.5234426861092013, 0.3247704850667611, 0.15055510528425992, 0.12622453316836527, 0.12736488732386603, 0.3278675674809899, 0.23461916692959603, 0.17353245811156562, 0.143967209495217, 0.17367047449217896, 0.11450904574557348, 0.29969618743257415, 0.16862062498191643, 0.2593635384618564, 0.17659453590328977], [0.24678671343364605, 0.31474184586048165, 0.31368077954304024, 1.0, 0.2823896781744758, 0.4003995865923943, 0.25737770857416054, 0.2335675815689511, 0.20815853985343008, 0.15264356373062993, 0.4578170101281763, 0.1884212717192273, 0.17406445948385016, 0.14175959324714762, 0.2925567858505891, 0.1452040222679344, 0.26540442782210455, 0.1667520756492518, 0.2702415585900741, 0.18348497410432946], [0.20845740527309978, 0.32888633977544685, 0.14301755087855145, 0.2823896781744758, 1.0, 0.36199028447348225, 0.3888252328130317, 0.15370922844128593, 0.18563184678360478, 0.16913299276519467, 0.3447331003021506, 0.2022593180324526, 0.17891387846739515, 0.15584107884160447, 0.24956652824412337, 0.15522639250368905, 0.3089461739990659, 0.15467442170469153, 0.4127246495921036, 0.20211067109673916], [0.3343735059527664, 0.48364900068476446, 0.5234426861092013, 0.4003995865923943, 0.36199028447348225, 1.0, 0.5651741895461128, 0.3587647441364459, 0.41031604308780556, 0.4221587527228688, 1.0, 0.40968276081328525, 0.6281029854077655, 0.3364668598795531, 0.5820872606252161, 0.35534046537806024, 0.542048448119791, 0.618467715490695, 0.590462863583068, 0.7620336893442656], [0.43477098279546483, 0.44167046708652696, 0.3247704850667611, 0.25737770857416054, 0.3888252328130317, 0.5651741895461128, 1.0, 0.3341202843219247, 0.21257927492122453, 0.2908191271112997, 0.37656028476281933, 0.2225833893636926, 0.3088386112094704, 0.263287746091538, 0.2487531723746447, 0.3599746640589586, 0.2518058337937467, 0.24533964042287307, 0.2934491324709251, 0.3730166716726578], [0.31800831534161755, 0.30343425055490725, 0.15055510528425992, 0.2335675815689511, 0.15370922844128593, 0.3587647441364459, 0.3341202843219247, 1.0, 0.1507908633543539, 0.16793353547892867, 0.33766697161878595, 0.21034356886291897, 0.22026166579635903, 0.19083618594455473, 0.3811771404400955, 0.14693192018567175, 0.2148585968252831, 0.13967806683549258, 0.21209316275763057, 0.27599003233686553], [0.15284042059969938, 0.18991969345423032, 0.12622453316836527, 0.20815853985343008, 0.18563184678360478, 0.41031604308780556, 0.21257927492122453, 0.1507908633543539, 1.0, 0.1667345776436111, 0.361496534154867, 0.24457332336038864, 0.16359338423829253, 0.21045791729643412, 0.22567325126722762, 0.18357617556975298, 0.16926546782364765, 0.2549825054388486, 0.2022422850328673, 0.15864903512965747], [0.2400637592191756, 0.3885665172217576, 0.12736488732386603, 0.15264356373062993, 0.16913299276519467, 0.4221587527228688, 0.2908191271112997, 0.16793353547892867, 0.1667345776436111, 1.0, 0.23167010713739516, 0.18946693255827732, 0.24674824709939555, 0.17818336256556586, 0.17620917074609016, 0.2602087257180727, 0.22536360029043934, 0.16463332722510565, 0.263030942191825, 0.1480517968522879], [0.3918396173447948, 0.30401450922227563, 0.3278675674809899, 0.4578170101281763, 0.3447331003021506, 1.0, 0.37656028476281933, 0.33766697161878595, 0.361496534154867, 0.23167010713739516, 1.0, 0.534007718411622, 0.4662927099450673, 0.2626650082598853, 0.6514017521428168, 0.21413513351529423, 0.327280932202806, 0.5559264849537818, 0.43046788564846644, 0.3138031364141764], [0.18776624180039322, 0.23216177353998432, 0.23461916692959603, 0.1884212717192273, 0.2022593180324526, 0.40968276081328525, 0.2225833893636926, 0.21034356886291897, 0.24457332336038864, 0.18946693255827732, 0.534007718411622, 1.0, 0.2572938869270609, 0.1828439546457205, 0.2861088698010601, 0.1737558590762982, 0.2585117205637389, 0.2138684611537386, 0.2668747769693179, 0.2161234563521205], [0.19687716572264696, 0.22359259889473226, 0.17353245811156562, 0.17406445948385016, 0.17891387846739515, 0.6281029854077655, 0.3088386112094704, 0.22026166579635903, 0.16359338423829253, 0.24674824709939555, 0.4662927099450673, 0.2572938869270609, 1.0, 0.20478576482129301, 0.2393274393528769, 0.18896389072977707, 0.19779414905269654, 0.2145539403579789, 0.1991031841547981, 0.1707681779478284], [0.2136181242826851, 0.26109401974656826, 0.143967209495217, 0.14175959324714762, 0.15584107884160447, 0.3364668598795531, 0.263287746091538, 0.19083618594455473, 0.21045791729643412, 0.17818336256556586, 0.2626650082598853, 0.1828439546457205, 0.20478576482129301, 1.0, 0.19070406394625494, 0.2617011626529181, 0.1858201914584932, 0.16440043669235338, 0.2576790669429606, 0.17607246757702222], [0.27786925958635816, 0.3898584418232646, 0.17367047449217896, 0.2925567858505891, 0.24956652824412337, 0.5820872606252161, 0.2487531723746447, 0.3811771404400955, 0.22567325126722762, 0.17620917074609016, 0.6514017521428168, 0.2861088698010601, 0.2393274393528769, 0.19070406394625494, 1.0, 0.5414814507362251, 0.34956186096112274, 0.22795631905339922, 0.41946818463013763, 0.25288136696624536], [0.22217160066795535, 0.21447059232815788, 0.11450904574557348, 0.1452040222679344, 0.15522639250368905, 0.35534046537806024, 0.3599746640589586, 0.14693192018567175, 0.18357617556975298, 0.2602087257180727, 0.21413513351529423, 0.1737558590762982, 0.18896389072977707, 0.2617011626529181, 0.5414814507362251, 1.0, 0.13053919949379786, 0.1923896333961149, 0.2999903252906804, 0.18212866338659434], [0.19209604235068484, 0.20822380431442952, 0.29969618743257415, 0.26540442782210455, 0.3089461739990659, 0.542048448119791, 0.2518058337937467, 0.2148585968252831, 0.16926546782364765, 0.22536360029043934, 0.327280932202806, 0.2585117205637389, 0.19779414905269654, 0.1858201914584932, 0.34956186096112274, 0.13053919949379786, 1.0, 0.27554316151761443, 0.520372087512073, 0.20394884003378355], [0.17874639878643753, 0.336326996391553, 0.16862062498191643, 0.1667520756492518, 0.15467442170469153, 0.618467715490695, 0.24533964042287307, 0.13967806683549258, 0.2549825054388486, 0.16463332722510565, 0.5559264849537818, 0.2138684611537386, 0.2145539403579789, 0.16440043669235338, 0.22795631905339922, 0.1923896333961149, 0.27554316151761443, 1.0, 0.32624023142834707, 0.16003404705447943], [0.38238395171101563, 0.2591250893844973, 0.2593635384618564, 0.2702415585900741, 0.4127246495921036, 0.590462863583068, 0.2934491324709251, 0.21209316275763057, 0.2022422850328673, 0.263030942191825, 0.43046788564846644, 0.2668747769693179, 0.1991031841547981, 0.2576790669429606, 0.41946818463013763, 0.2999903252906804, 0.520372087512073, 0.32624023142834707, 1.0, 0.45119446277678193], [0.21659902837845843, 0.29420352729482213, 0.17659453590328977, 0.18348497410432946, 0.20211067109673916, 0.7620336893442656, 0.3730166716726578, 0.27599003233686553, 0.15864903512965747, 0.1480517968522879, 0.3138031364141764, 0.2161234563521205, 0.1707681779478284, 0.17607246757702222, 0.25288136696624536, 0.18212866338659434, 0.20394884003378355, 0.16003404705447943, 0.45119446277678193, 1.0]], "meta_info": {"source": "pretrained"}}