{"model": "LSING", "dataset": "0.1_dim20_pair_gau", "N": 500, "seed": 123450, "metrics": {"TP": 7, "FP": 81, "FN": 3, "TN": 99, "TPR": 0.7, "FDR": 0.9204545454545454, "FPR": 0.45, "Hamming": 84}, "omega": [[1.0, 0.2717096762762685, 0.31547066666078943, 0.26892181946900023, 0.6334895745362341, 0.3834271681012533, 0.18644119144343935, 0.2723306255371835, 0.3475591111511243, 0.16982300483543059, 0.3140483761731111, 0.30791930333905765, 0.17348646018609812, 0.3470585914730339, 0.16660778368862134, 0.15516890639916336, 0.2446027575850383, 0.49500415772022577, 0.18239622696985847, 0.36866257635384536], [0.2717096762762685, 1.0, 0.24890535406949918, 0.14227014208474503, 0.42189119607667236, 0.14578077339062995, 0.17207488166417553, 0.2992645090436448, 0.34952615742605303, 0.17864564455289278, 0.1490134538103607, 0.23138659895653632, 0.132913600140738, 0.31068665350383595, 0.08517184627969612, 0.18842705445591548, 0.16083689682675376, 0.10979025835611514, 0.15265640867484045, 0.17523331092357264], [0.31547066666078943, 0.24890535406949918, 1.0, 0.20735527647916055, 0.5247788022165544, 0.3728523031945323, 0.187109513449464, 0.33948989816072594, 0.41568936806370976, 0.19312162269880812, 0.23316216884358026, 0.23423337773176367, 0.15062328988699566, 0.3576321389310931, 0.16599122387114534, 0.3311353528778853, 0.16664290539243556, 0.1430692331830695, 0.18272111042551795, 0.22050191814368872], [0.26892181946900023, 0.14227014208474503, 0.20735527647916055, 1.0, 0.37461742583681323, 0.15087753285353742, 0.21003854386905813, 0.1815580064150146, 0.2229956083649174, 0.192342197907729, 0.2553628533111043, 0.2082380963649917, 0.1962130467655121, 0.28793111383537057, 0.11660534640859678, 0.156813260862001, 0.10172672763260902, 0.11258047610526124, 0.12623071559895907, 0.1722463777734049], [0.6334895745362341, 0.42189119607667236, 0.5247788022165544, 0.37461742583681323, 1.0, 1.0, 0.46927225527239874, 0.7954226809942369, 0.6247446335083143, 0.49382759295505285, 0.7430075550386341, 0.40488342635546937, 0.34529803065065245, 0.6949759501593658, 0.6320351081353243, 0.5215513546536584, 0.7010478740404819, 0.37577611577866893, 0.6244944814045569, 0.462422904320254], [0.3834271681012533, 0.14578077339062995, 0.3728523031945323, 0.15087753285353742, 1.0, 1.0, 0.22711309715607653, 0.18799850195005796, 0.18978379879451232, 0.15947460258176105, 0.18062770297063496, 0.21444453544827102, 0.2558120786796101, 0.3013276090230015, 0.13673030432103708, 0.21087237805861406, 0.1498710482480974, 0.13983199402159036, 0.15074142316911512, 0.19325307206249642], [0.18644119144343935, 0.17207488166417553, 0.187109513449464, 0.21003854386905813, 0.46927225527239874, 0.22711309715607653, 1.0, 0.2990500296327448, 0.16368071749879393, 0.08365803928228056, 0.17547857184526514, 0.16020907097632772, 0.15956323794208807, 0.24869998598579376, 0.08003691774340596, 0.15871944901194182, 0.08166570907438692, 0.11899198469159131, 0.09920948955562407, 0.15017593603434606], [0.2723306255371835, 0.2992645090436448, 0.33948989816072594, 0.1815580064150146, 0.7954226809942369, 0.18799850195005796, 0.2990500296327448, 1.0, 0.3655756279188106, 0.19208821966218007, 0.4891708305637156, 0.2270281709678, 0.27300967797787046, 0.3782218791875937, 0.11508241577138233, 0.3079933205599093, 0.24634156819189382, 0.2319971225197459, 0.24966070771913856, 0.20946057790981376], [0.3475591111511243, 0.34952615742605303, 0.41568936806370976, 0.2229956083649174, 0.6247446335083143, 0.18978379879451232, 0.16368071749879393, 0.3655756279188106, 1.0, 0.35376727399900804, 0.30928591007371237, 0.26631599220395447, 0.3179292598034125, 0.33092060874599255, 0.23049712718622295, 0.2117833938083311, 0.1922642283408916, 0.1916217258661197, 0.31453994150971193, 0.1912033712747877], [0.16982300483543059, 0.17864564455289278, 0.19312162269880812, 0.192342197907729, 0.49382759295505285, 0.15947460258176105, 0.08365803928228056, 0.19208821966218007, 0.35376727399900804, 1.0, 0.14099445162036706, 0.12323133440582684, 0.12618299810092853, 0.31729461584834595, 0.07026686006156352, 0.17673607659306692, 0.14264866232296045, 0.12505936522171443, 0.11850132125325666, 0.10912219491478115], [0.3140483761731111, 0.1490134538103607, 0.23316216884358026, 0.2553628533111043, 0.7430075550386341, 0.18062770297063496, 0.17547857184526514, 0.4891708305637156, 0.30928591007371237, 0.14099445162036706, 1.0, 0.2345231548743643, 0.18739500580576232, 0.2626330706258617, 0.11414310257879372, 0.1756689185517038, 0.23035667423062783, 0.1297148655711092, 0.11331190636471268, 0.2553743717524429], [0.30791930333905765, 0.23138659895653632, 0.23423337773176367, 0.2082380963649917, 0.40488342635546937, 0.21444453544827102, 0.16020907097632772, 0.2270281709678, 0.26631599220395447, 0.12323133440582684, 0.2345231548743643, 1.0, 0.16944011977898482, 0.39055439298577527, 0.11263880399006196, 0.16009101772613632, 0.16353213206804743, 0.111178815386116, 0.1312249695527764, 0.1339804349762378], [0.17348646018609812, 0.132913600140738, 0.15062328988699566, 0.1962130467655121, 0.34529803065065245, 0.2558120786796101, 0.15956323794208807, 0.27300967797787046, 0.3179292598034125, 0.12618299810092853, 0.18739500580576232, 0.16944011977898482, 1.0, 0.42817862131484674, 0.13666610024582607, 0.17862631376411509, 0.20260152154731612, 0.120955497249081, 0.11391571032411625, 0.12602502123123926], [0.3470585914730339, 0.31068665350383595, 0.3576321389310931, 0.28793111383537057, 0.6949759501593658, 0.3013276090230015, 0.24869998598579376, 0.3782218791875937, 0.33092060874599255, 0.31729461584834595, 0.2626330706258617, 0.39055439298577527, 0.42817862131484674, 1.0, 0.19370381188133318, 0.22589359526149916, 0.1807774550206405, 0.28782978110184165, 0.2113091184463424, 0.2176411214684465], [0.16660778368862134, 0.08517184627969612, 0.16599122387114534, 0.11660534640859678, 0.6320351081353243, 0.13673030432103708, 0.08003691774340596, 0.11508241577138233, 0.23049712718622295, 0.07026686006156352, 0.11414310257879372, 0.11263880399006196, 0.13666610024582607, 0.19370381188133318, 1.0, 0.16823376158951583, 0.1028462727271899, 0.08421950635174012, 0.08187339192770393, 0.1294268799124367], [0.15516890639916336, 0.18842705445591548, 0.3311353528778853, 0.156813260862001, 0.5215513546536584, 0.21087237805861406, 0.15871944901194182, 0.3079933205599093, 0.2117833938083311, 0.17673607659306692, 0.1756689185517038, 0.16009101772613632, 0.17862631376411509, 0.22589359526149916, 0.16823376158951583, 1.0, 0.11387793217592061, 0.12233814422900971, 0.1386894520602964, 0.17346275842278788], [0.2446027575850383, 0.16083689682675376, 0.16664290539243556, 0.10172672763260902, 0.7010478740404819, 0.1498710482480974, 0.08166570907438692, 0.24634156819189382, 0.1922642283408916, 0.14264866232296045, 0.23035667423062783, 0.16353213206804743, 0.20260152154731612, 0.1807774550206405, 0.1028462727271899, 0.11387793217592061, 1.0, 0.09730741997182728, 0.10797884032160227, 0.22270439680391388], [0.49500415772022577, 0.10979025835611514, 0.1430692331830695, 0.11258047610526124, 0.37577611577866893, 0.13983199402159036, 0.11899198469159131, 0.2319971225197459, 0.1916217258661197, 0.12505936522171443, 0.1297148655711092, 0.111178815386116, 0.120955497249081, 0.28782978110184165, 0.08421950635174012, 0.12233814422900971, 0.09730741997182728, 1.0, 0.07707390490527508, 0.10510574027649627], [0.18239622696985847, 0.15265640867484045, 0.18272111042551795, 0.12623071559895907, 0.6244944814045569, 0.15074142316911512, 0.09920948955562407, 0.24966070771913856, 0.31453994150971193, 0.11850132125325666, 0.11331190636471268, 0.1312249695527764, 0.11391571032411625, 0.2113091184463424, 0.08187339192770393, 0.1386894520602964, 0.10797884032160227, 0.07707390490527508, 1.0, 0.15662497036048326], [0.36866257635384536, 0.17523331092357264, 0.22050191814368872, 0.1722463777734049, 0.462422904320254, 0.19325307206249642, 0.15017593603434606, 0.20946057790981376, 0.1912033712747877, 0.10912219491478115, 0.2553743717524429, 0.1339804349762378, 0.12602502123123926, 0.2176411214684465, 0.1294268799124367, 0.17346275842278788, 0.22270439680391388, 0.10510574027649627, 0.15662497036048326, 1.0]], "meta_info": {"source": "pretrained"}}