{"model": "LSING", "dataset": "dim20_butterfly", "N": 20000, "seed": 120, "metrics": {"TP": 10, "FP": 0, "FN": 0, "TN": 180, "TPR": 1.0, "FDR": 0.0, "FPR": 0.0, "Hamming": 0}, "omega": [[1.0, 0.8497160361620827, 0.015095243559760378, 0.0199751482404851, 0.013589069287316504, 0.02512019018250679, 0.01600775070896862, 0.019883080574793717, 0.018773087215876415, 0.019031759115754762, 0.015718708898070453, 0.020975673588028088, 0.017211753858559206, 0.021181164088049886, 0.01493296287873735, 0.01604564731167887, 0.014566096016733393, 0.02902262937769195, 0.01140614487906612, 0.022634405880881368], [0.8497160361620827, 1.0, 0.02395993627029023, 0.03517784000163861, 0.019447425834240608, 0.034111426286082824, 0.02366846379423865, 0.028109490901095224, 0.027176391209226755, 0.02545785022017023, 0.02426045686044763, 0.02841954267475536, 0.02687893644115346, 0.028847590303231467, 0.025944277578524872, 0.02253001256002315, 0.024976792427082454, 0.042180899783987556, 0.018469178301472416, 0.030198793943668704], [0.015095243559760378, 0.02395993627029023, 1.0, 0.6678514132367536, 0.012636996949145956, 0.02356155008752364, 0.01489097741909337, 0.022951611239404424, 0.016196827243967312, 0.016872468453763025, 0.015308049579573161, 0.019528725921370352, 0.016552927074487092, 0.019067866228094362, 0.01550823889901055, 0.017225572488113537, 0.016349875445780596, 0.028955942276588008, 0.011250423930323515, 0.02033665702584884], [0.0199751482404851, 0.03517784000163861, 0.6678514132367536, 1.0, 0.020508701945372434, 0.032518216366421805, 0.021654989517120547, 0.028187524935790614, 0.025420977199387063, 0.020889943814707226, 0.020787244245664215, 0.028462119525133264, 0.022461754252454978, 0.02738110102971357, 0.02365261222484411, 0.02289165592644198, 0.02246816052950796, 0.03890566629570438, 0.017229682681068198, 0.02689509273269305], [0.013589069287316504, 0.019447425834240608, 0.012636996949145956, 0.020508701945372434, 1.0, 1.0, 0.014793717441232064, 0.024871889230031804, 0.016118691999941877, 0.016537026815198634, 0.012897008094645626, 0.020853030310192044, 0.014843195126686509, 0.020482000735797302, 0.014181774648377998, 0.015793748777828954, 0.016354980772634434, 0.026592086222558813, 0.009765025471488862, 0.018097080011260168], [0.02512019018250679, 0.034111426286082824, 0.02356155008752364, 0.032518216366421805, 1.0, 1.0, 0.026299930446760086, 0.03417929015080256, 0.026776734712598765, 0.02776013817688581, 0.024797397521887914, 0.030318060112346078, 0.0281536017566701, 0.03253586727358127, 0.024677235240331566, 0.026164547376120218, 0.02389361078738714, 0.03639043172026888, 0.025707144938850745, 0.028598155806260003], [0.01600775070896862, 0.02366846379423865, 0.01489097741909337, 0.021654989517120547, 0.014793717441232064, 0.026299930446760086, 1.0, 0.7294268326350875, 0.019581694508095084, 0.016809071476501666, 0.014591212889985262, 0.021574738724558493, 0.01495313581298599, 0.020698215048183956, 0.01709477392658588, 0.016658584691354655, 0.016223532830162122, 0.027581958877806706, 0.011784559725627962, 0.01929133205220922], [0.019883080574793717, 0.028109490901095224, 0.022951611239404424, 0.028187524935790614, 0.024871889230031804, 0.03417929015080256, 0.7294268326350875, 1.0, 0.02515679021163757, 0.024929908435864404, 0.02311720720983318, 0.026715547381197097, 0.023151442770183175, 0.025504497326848233, 0.020889276380206406, 0.025220779673787778, 0.02266789139803413, 0.034174997781053824, 0.01943180595215024, 0.025404936888268927], [0.018773087215876415, 0.027176391209226755, 0.016196827243967312, 0.025420977199387063, 0.016118691999941877, 0.026776734712598765, 0.019581694508095084, 0.02515679021163757, 1.0, 0.678489579531145, 0.016772364767266245, 0.021448854559851238, 0.01895774938285286, 0.023778092646386112, 0.01912273590899152, 0.0190732538469174, 0.01746292696769757, 0.032908286971801086, 0.013315275072297381, 0.022366664530876264], [0.019031759115754762, 0.02545785022017023, 0.016872468453763025, 0.020889943814707226, 0.016537026815198634, 0.02776013817688581, 0.016809071476501666, 0.024929908435864404, 0.678489579531145, 1.0, 0.016233706282602536, 0.02019045495136613, 0.017390828176362366, 0.02385729633269032, 0.01958003686339222, 0.017787741626607467, 0.021506962939309766, 0.02854425007584682, 0.013656575089838871, 0.023428829642880088], [0.015718708898070453, 0.02426045686044763, 0.015308049579573161, 0.020787244245664215, 0.012897008094645626, 0.024797397521887914, 0.014591212889985262, 0.02311720720983318, 0.016772364767266245, 0.016233706282602536, 1.0, 0.6222973935829302, 0.015622576993931029, 0.022475550451833463, 0.015766246099775373, 0.0147912468394241, 0.014061594860342941, 0.0272839532027315, 0.010599646296915831, 0.019702453651159954], [0.020975673588028088, 0.02841954267475536, 0.019528725921370352, 0.028462119525133264, 0.020853030310192044, 0.030318060112346078, 0.021574738724558493, 0.026715547381197097, 0.021448854559851238, 0.02019045495136613, 0.6222973935829302, 1.0, 0.019146477976587185, 0.025735779793707156, 0.020833521527979466, 0.02012296638178374, 0.021244878917315326, 0.0358061190745165, 0.015344470167297163, 0.023447948905941367], [0.017211753858559206, 0.02687893644115346, 0.016552927074487092, 0.022461754252454978, 0.014843195126686509, 0.0281536017566701, 0.01495313581298599, 0.023151442770183175, 0.01895774938285286, 0.017390828176362366, 0.015622576993931029, 0.019146477976587185, 1.0, 0.6598140269260147, 0.017371571596858707, 0.016299229202872252, 0.016524247632817714, 0.028797068246906473, 0.01221446577623464, 0.021538256317081544], [0.021181164088049886, 0.028847590303231467, 0.019067866228094362, 0.02738110102971357, 0.020482000735797302, 0.03253586727358127, 0.020698215048183956, 0.025504497326848233, 0.023778092646386112, 0.02385729633269032, 0.022475550451833463, 0.025735779793707156, 0.6598140269260147, 1.0, 0.02374579045777866, 0.02172881050829886, 0.02279131809079245, 0.037549693233973565, 0.01852055188386342, 0.02528454264586967], [0.01493296287873735, 0.025944277578524872, 0.01550823889901055, 0.02365261222484411, 0.014181774648377998, 0.024677235240331566, 0.01709477392658588, 0.020889276380206406, 0.01912273590899152, 0.01958003686339222, 0.015766246099775373, 0.020833521527979466, 0.017371571596858707, 0.02374579045777866, 1.0, 0.4844473405995724, 0.016461419069036975, 0.0297201536858753, 0.012100331194129166, 0.020026048874412197], [0.01604564731167887, 0.02253001256002315, 0.017225572488113537, 0.02289165592644198, 0.015793748777828954, 0.026164547376120218, 0.016658584691354655, 0.025220779673787778, 0.0190732538469174, 0.017787741626607467, 0.0147912468394241, 0.02012296638178374, 0.016299229202872252, 0.02172881050829886, 0.4844473405995724, 1.0, 0.016666947864480947, 0.029401564221379226, 0.014213808221952739, 0.020755495152368512], [0.014566096016733393, 0.024976792427082454, 0.016349875445780596, 0.02246816052950796, 0.016354980772634434, 0.02389361078738714, 0.016223532830162122, 0.02266789139803413, 0.01746292696769757, 0.021506962939309766, 0.014061594860342941, 0.021244878917315326, 0.016524247632817714, 0.02279131809079245, 0.016461419069036975, 0.016666947864480947, 1.0, 0.9845988154066116, 0.013268470680849716, 0.021346321302355968], [0.02902262937769195, 0.042180899783987556, 0.028955942276588008, 0.03890566629570438, 0.026592086222558813, 0.03639043172026888, 0.027581958877806706, 0.034174997781053824, 0.032908286971801086, 0.02854425007584682, 0.0272839532027315, 0.0358061190745165, 0.028797068246906473, 0.037549693233973565, 0.0297201536858753, 0.029401564221379226, 0.9845988154066116, 1.0, 0.026573122329496088, 0.03454514601366101], [0.01140614487906612, 0.018469178301472416, 0.011250423930323515, 0.017229682681068198, 0.009765025471488862, 0.025707144938850745, 0.011784559725627962, 0.01943180595215024, 0.013315275072297381, 0.013656575089838871, 0.010599646296915831, 0.015344470167297163, 0.01221446577623464, 0.01852055188386342, 0.012100331194129166, 0.014213808221952739, 0.013268470680849716, 0.026573122329496088, 1.0, 0.6071789342440904], [0.022634405880881368, 0.030198793943668704, 0.02033665702584884, 0.02689509273269305, 0.018097080011260168, 0.028598155806260003, 0.01929133205220922, 0.025404936888268927, 0.022366664530876264, 0.023428829642880088, 0.019702453651159954, 0.023447948905941367, 0.021538256317081544, 0.02528454264586967, 0.020026048874412197, 0.020755495152368512, 0.021346321302355968, 0.03454514601366101, 0.6071789342440904, 1.0]], "meta_info": {"source": "pretrained"}}