{"model": "LSING", "dataset": "dim6_butterfly", "N": 500, "seed": 120, "metrics": {"TP": 3, "FP": 5, "FN": 0, "TN": 7, "TPR": 1.0, "FDR": 0.625, "FPR": 0.4166666666666667, "Hamming": 5}, "omega": [[1.0, 0.5247104353294784, 0.042390233850743676, 0.1187431850945548, 0.31748264977811164, 0.16019000706472578], [0.5247104353294784, 1.0, 0.1485519329202354, 0.15624193966979677, 0.26671275981419923, 0.24631353221077087], [0.042390233850743676, 0.1485519329202354, 1.0, 0.7939181733137085, 0.17295043688512995, 0.13778995022166984], [0.1187431850945548, 0.15624193966979677, 0.7939181733137085, 1.0, 0.3157016556049556, 0.24116786363314324], [0.31748264977811164, 0.26671275981419923, 0.17295043688512995, 0.3157016556049556, 1.0, 1.0], [0.16019000706472578, 0.24631353221077087, 0.13778995022166984, 0.24116786363314324, 1.0, 1.0]], "meta_info": {"source": "pretrained"}}