{"model": "LSING", "dataset": "0.7_dim20_pair_gau", "N": 500, "seed": 1230, "metrics": {"TP": 10, "FP": 1, "FN": 0, "TN": 179, "TPR": 1.0, "FDR": 0.09090909090909091, "FPR": 0.005555555555555556, "Hamming": 1}, "omega": [[1.0, 0.4859741021935515, 0.11988248321823783, 0.08617631463730704, 0.1472374686505019, 0.07250739986867254, 0.08971303230651619, 0.07922581563398517, 0.11511288066061502, 0.10730392265082193, 0.07049033916752613, 0.11313777192276726, 0.0901466722789847, 0.08065739387082513, 0.07320083137589252, 0.08048786920707089, 0.08790785606651007, 0.08919862653201532, 0.06539894086220131, 0.0878431178999016], [0.4859741021935515, 1.0, 0.10643858663363097, 0.043236930065294485, 0.06452963395742857, 0.030289120910938216, 0.07037153001570967, 0.05248360702338164, 0.05402333089381798, 0.14601034960807877, 0.06741968061755556, 0.0855348685445725, 0.08010256123714297, 0.050098057234703196, 0.06019974370436044, 0.08603031247612827, 0.06754177075797357, 0.10378214098926972, 0.08006295981461767, 0.03855516080580591], [0.11988248321823783, 0.10643858663363097, 1.0, 0.6099278246002786, 0.11298035773350137, 0.0485512084783383, 0.07186793433548833, 0.053691240388058774, 0.08889536647726884, 0.10785787123696128, 0.058594209576510944, 0.1250967201738477, 0.08464017702050776, 0.09508034136152699, 0.05593919257251583, 0.07946108950214545, 0.06867397435343889, 0.08929146129249119, 0.05360853065828036, 0.03928175020118187], [0.08617631463730704, 0.043236930065294485, 0.6099278246002786, 1.0, 0.09415857527093371, 0.09258720274267691, 0.10507210555508124, 0.08216481947944546, 0.08900114691737018, 0.1295893447752204, 0.0761776807593939, 0.13507119659791153, 0.132444217576897, 0.101646848697754, 0.08756501901044114, 0.09097178169085766, 0.09610663508451592, 0.11306339470739785, 0.08569767371436532, 0.06138541752344387], [0.1472374686505019, 0.06452963395742857, 0.11298035773350137, 0.09415857527093371, 1.0, 0.39105342909831253, 0.0834184916957165, 0.06778652860025676, 0.07428096896690302, 0.1033814183561092, 0.08720006122883976, 0.1053531178940405, 0.10968534159304, 0.11744173540584034, 0.08919468494987695, 0.08013498038391303, 0.10070621234372629, 0.1431714214097364, 0.08496985104824595, 0.05133423410125969], [0.07250739986867254, 0.030289120910938216, 0.0485512084783383, 0.09258720274267691, 0.39105342909831253, 1.0, 0.08981794579391669, 0.06509793244235668, 0.05343806089397623, 0.0864231592713729, 0.0815345082341458, 0.08373921901579427, 0.06418793004517141, 0.05473033692663656, 0.0628344630256151, 0.05202186435174503, 0.07564207982294824, 0.08137254559585097, 0.09396367453530846, 0.03145618088921702], [0.08971303230651619, 0.07037153001570967, 0.07186793433548833, 0.10507210555508124, 0.0834184916957165, 0.08981794579391669, 1.0, 0.49213813101213383, 0.08948553903358071, 0.13678311314851238, 0.08202617786880266, 0.07711639272263784, 0.09915730732208226, 0.09807076160744656, 0.07796061905209395, 0.07437014298907317, 0.12493430208011991, 0.0855033029188417, 0.059741783877043736, 0.05919245089824115], [0.07922581563398517, 0.05248360702338164, 0.053691240388058774, 0.08216481947944546, 0.06778652860025676, 0.06509793244235668, 0.49213813101213383, 1.0, 0.10642822960150654, 0.1382745282165508, 0.059313111177232876, 0.0961667649701485, 0.06289765044584325, 0.09178645103851653, 0.06078552654946182, 0.06927231946528116, 0.06331046157440955, 0.11261358545652898, 0.05790609822832965, 0.061839456526644604], [0.11511288066061502, 0.05402333089381798, 0.08889536647726884, 0.08900114691737018, 0.07428096896690302, 0.05343806089397623, 0.08948553903358071, 0.10642822960150654, 1.0, 0.9444650125241697, 0.07976675504537166, 0.08638946777993488, 0.1144666956334694, 0.09823551436816585, 0.09522610419491793, 0.15144555449122526, 0.09539619543057805, 0.09479347037600643, 0.1295214538313253, 0.10735594836029207], [0.10730392265082193, 0.14601034960807877, 0.10785787123696128, 0.1295893447752204, 0.1033814183561092, 0.0864231592713729, 0.13678311314851238, 0.1382745282165508, 0.9444650125241697, 1.0, 0.09336281526063382, 0.12619368397361494, 0.09572956927054649, 0.08859228225518281, 0.13339745038734957, 0.26096678071694007, 0.09520363180406459, 0.1191380809975104, 0.08533318237773818, 0.09868151879563224], [0.07049033916752613, 0.06741968061755556, 0.058594209576510944, 0.0761776807593939, 0.08720006122883976, 0.0815345082341458, 0.08202617786880266, 0.059313111177232876, 0.07976675504537166, 0.09336281526063382, 1.0, 0.8679992958878797, 0.06387543877575143, 0.07888956741844247, 0.14749141008611308, 0.059676066420201374, 0.07363619548528154, 0.16005132750728093, 0.12734088462974427, 0.05007067496101888], [0.11313777192276726, 0.0855348685445725, 0.1250967201738477, 0.13507119659791153, 0.1053531178940405, 0.08373921901579427, 0.07711639272263784, 0.0961667649701485, 0.08638946777993488, 0.12619368397361494, 0.8679992958878797, 1.0, 0.127519872509599, 0.16681146323446525, 0.08793015262470297, 0.07045660127580271, 0.1772868453921, 0.11415021638162565, 0.08757833345022949, 0.07123115147143608], [0.0901466722789847, 0.08010256123714297, 0.08464017702050776, 0.132444217576897, 0.10968534159304, 0.06418793004517141, 0.09915730732208226, 0.06289765044584325, 0.1144666956334694, 0.09572956927054649, 0.06387543877575143, 0.127519872509599, 1.0, 0.7462875375866733, 0.0861107314970803, 0.1175945291035289, 0.08277605532320681, 0.09366162333010257, 0.08048129746138666, 0.07229951315843715], [0.08065739387082513, 0.050098057234703196, 0.09508034136152699, 0.101646848697754, 0.11744173540584034, 0.05473033692663656, 0.09807076160744656, 0.09178645103851653, 0.09823551436816585, 0.08859228225518281, 0.07888956741844247, 0.16681146323446525, 0.7462875375866733, 1.0, 0.14968387241347714, 0.1284939952169609, 0.06734394314118797, 0.15794143815095937, 0.06617409670366511, 0.05361207539587258], [0.07320083137589252, 0.06019974370436044, 0.05593919257251583, 0.08756501901044114, 0.08919468494987695, 0.0628344630256151, 0.07796061905209395, 0.06078552654946182, 0.09522610419491793, 0.13339745038734957, 0.14749141008611308, 0.08793015262470297, 0.0861107314970803, 0.14968387241347714, 1.0, 0.5101942696917439, 0.09203436776338707, 0.08943224220050276, 0.07064685465652751, 0.055232810501429815], [0.08048786920707089, 0.08603031247612827, 0.07946108950214545, 0.09097178169085766, 0.08013498038391303, 0.05202186435174503, 0.07437014298907317, 0.06927231946528116, 0.15144555449122526, 0.26096678071694007, 0.059676066420201374, 0.07045660127580271, 0.1175945291035289, 0.1284939952169609, 0.5101942696917439, 1.0, 0.11038965396718532, 0.10728866916752808, 0.10023616035782337, 0.058621201110949823], [0.08790785606651007, 0.06754177075797357, 0.06867397435343889, 0.09610663508451592, 0.10070621234372629, 0.07564207982294824, 0.12493430208011991, 0.06331046157440955, 0.09539619543057805, 0.09520363180406459, 0.07363619548528154, 0.1772868453921, 0.08277605532320681, 0.06734394314118797, 0.09203436776338707, 0.11038965396718532, 1.0, 1.0, 0.06548969249407492, 0.076883753902264], [0.08919862653201532, 0.10378214098926972, 0.08929146129249119, 0.11306339470739785, 0.1431714214097364, 0.08137254559585097, 0.0855033029188417, 0.11261358545652898, 0.09479347037600643, 0.1191380809975104, 0.16005132750728093, 0.11415021638162565, 0.09366162333010257, 0.15794143815095937, 0.08943224220050276, 0.10728866916752808, 1.0, 1.0, 0.07829776596790117, 0.06951837163131486], [0.06539894086220131, 0.08006295981461767, 0.05360853065828036, 0.08569767371436532, 0.08496985104824595, 0.09396367453530846, 0.059741783877043736, 0.05790609822832965, 0.1295214538313253, 0.08533318237773818, 0.12734088462974427, 0.08757833345022949, 0.08048129746138666, 0.06617409670366511, 0.07064685465652751, 0.10023616035782337, 0.06548969249407492, 0.07829776596790117, 1.0, 0.36343539312177797], [0.0878431178999016, 0.03855516080580591, 0.03928175020118187, 0.06138541752344387, 0.05133423410125969, 0.03145618088921702, 0.05919245089824115, 0.061839456526644604, 0.10735594836029207, 0.09868151879563224, 0.05007067496101888, 0.07123115147143608, 0.07229951315843715, 0.05361207539587258, 0.055232810501429815, 0.058621201110949823, 0.076883753902264, 0.06951837163131486, 0.36343539312177797, 1.0]], "meta_info": {"source": "pretrained"}}