{"model": "LSING", "dataset": "dim20_pair_gau", "N": 20000, "seed": 120, "metrics": {"TP": 10, "FP": 0, "FN": 0, "TN": 180, "TPR": 1.0, "FDR": 0.0, "FPR": 0.0, "Hamming": 0}, "omega": [[1.0, 0.932608921098027, 0.051243181032296185, 0.05055865982322629, 0.03911054015136702, 0.04384654852645455, 0.04800741050027846, 0.03886373687674618, 0.053686854878508106, 0.04754164719103411, 0.04647032116396135, 0.04366967560771396, 0.0559588500075499, 0.05065653945703068, 0.04278438815267935, 0.03944775567016606, 0.046721120742948374, 0.04190411761705633, 0.04336166856721978, 0.04901213476826684], [0.932608921098027, 1.0, 0.04838983628327311, 0.05241078784005833, 0.04215813147069939, 0.04939702427621692, 0.04230222872900396, 0.047394612350788734, 0.05118648884883954, 0.050334041671102586, 0.05291569074218914, 0.04942937744178836, 0.05387217935138297, 0.050593443576901036, 0.04626864531140582, 0.040488609048025426, 0.040836771325923685, 0.03959915132015098, 0.04485898539677483, 0.05007646063532836], [0.051243181032296185, 0.04838983628327311, 1.0, 0.9394964025572955, 0.04735351602678433, 0.048747838549409644, 0.05162847978037, 0.046805626343235436, 0.05112633552117853, 0.05160494930167663, 0.0488594799179012, 0.04456726843278489, 0.05169834551938861, 0.05372427466876933, 0.044286430297347315, 0.044095243915331685, 0.04057870814895105, 0.0439759363361012, 0.04804252727931705, 0.04815226493565407], [0.05055865982322629, 0.05241078784005833, 0.9394964025572955, 1.0, 0.04222933593854381, 0.044882234212225154, 0.04334394200817595, 0.05132413436203554, 0.05488679662657302, 0.05262139076057612, 0.05268087141013901, 0.04587992518335018, 0.05004818164572559, 0.054259083579942205, 0.04403634813120878, 0.04747750087269214, 0.04599638133645537, 0.04398921261590476, 0.05441905173357165, 0.05424552729373821], [0.03911054015136702, 0.04215813147069939, 0.04735351602678433, 0.04222933593854381, 1.0, 0.9588847482256674, 0.04041418367815453, 0.04499116995674077, 0.04640250162556142, 0.04590582660381304, 0.051324760648540683, 0.056769055983041564, 0.05895405693420177, 0.0617103322454549, 0.038791684105487376, 0.03976443793854636, 0.04317563827939467, 0.048365005183133865, 0.05566711150460608, 0.04827705997759631], [0.04384654852645455, 0.04939702427621692, 0.048747838549409644, 0.044882234212225154, 0.9588847482256674, 1.0, 0.0493401780063979, 0.04765846950635528, 0.05996899398001482, 0.05338274473182372, 0.053863596906682805, 0.05099852502569299, 0.055415370839018735, 0.05714670177511731, 0.03824907974985229, 0.040402060560804906, 0.042365150640659946, 0.049458357275813554, 0.053897272232653996, 0.049152399749623245], [0.04800741050027846, 0.04230222872900396, 0.05162847978037, 0.04334394200817595, 0.04041418367815453, 0.0493401780063979, 1.0, 0.9827680416109791, 0.05221332202456517, 0.04494678977069086, 0.050845132880367586, 0.04960517838336274, 0.05101263469732746, 0.05025500530825862, 0.04288932427914357, 0.04580096006473827, 0.051456482949419485, 0.05762477708176839, 0.04957182117117193, 0.04815461102478446], [0.03886373687674618, 0.047394612350788734, 0.046805626343235436, 0.05132413436203554, 0.04499116995674077, 0.04765846950635528, 0.9827680416109791, 1.0, 0.04979988389907395, 0.0476273871390628, 0.05077734813566238, 0.051863318994531414, 0.0582515556691693, 0.05426483282378575, 0.04139406359126281, 0.04380072523049464, 0.04052710247229547, 0.04725067249253175, 0.05376909723179509, 0.054101214645894825], [0.053686854878508106, 0.05118648884883954, 0.05112633552117853, 0.05488679662657302, 0.04640250162556142, 0.05996899398001482, 0.05221332202456517, 0.04979988389907395, 1.0, 0.9767111552323142, 0.05469103735896425, 0.051022600605603805, 0.05351533356138557, 0.0605703317491974, 0.051333805352327976, 0.04766767658071798, 0.049220345208061254, 0.04940800417216827, 0.05511150921872528, 0.054417936678497675], [0.04754164719103411, 0.050334041671102586, 0.05160494930167663, 0.05262139076057612, 0.04590582660381304, 0.05338274473182372, 0.04494678977069086, 0.0476273871390628, 0.9767111552323142, 1.0, 0.05019478239320815, 0.04871456914987698, 0.05432466638082376, 0.05046596113625153, 0.051296725214801026, 0.04604340418646218, 0.04480734161273931, 0.0487597827277578, 0.045405307707218255, 0.04796785006937001], [0.04647032116396135, 0.05291569074218914, 0.0488594799179012, 0.05268087141013901, 0.051324760648540683, 0.053863596906682805, 0.050845132880367586, 0.05077734813566238, 0.05469103735896425, 0.05019478239320815, 1.0, 0.9825473766853138, 0.051595490387237784, 0.05372661744421451, 0.04742809879670282, 0.04413764417446717, 0.04897672307124434, 0.03890999592231152, 0.04859641307625781, 0.04833678915355013], [0.04366967560771396, 0.04942937744178836, 0.04456726843278489, 0.04587992518335018, 0.056769055983041564, 0.05099852502569299, 0.04960517838336274, 0.051863318994531414, 0.051022600605603805, 0.04871456914987698, 0.9825473766853138, 1.0, 0.04972908370082544, 0.048908769328593296, 0.04410113067711154, 0.04299505569005877, 0.04487255328087708, 0.04455700594968204, 0.04805862184839376, 0.04430395637843579], [0.0559588500075499, 0.05387217935138297, 0.05169834551938861, 0.05004818164572559, 0.05895405693420177, 0.055415370839018735, 0.05101263469732746, 0.0582515556691693, 0.05351533356138557, 0.05432466638082376, 0.051595490387237784, 0.04972908370082544, 1.0, 1.0, 0.04196114282587682, 0.04039035496779204, 0.04597481587309296, 0.0440116661469041, 0.05929989963245134, 0.05837355561763487], [0.05065653945703068, 0.050593443576901036, 0.05372427466876933, 0.054259083579942205, 0.0617103322454549, 0.05714670177511731, 0.05025500530825862, 0.05426483282378575, 0.0605703317491974, 0.05046596113625153, 0.05372661744421451, 0.048908769328593296, 1.0, 1.0, 0.04745034522237638, 0.04963847594921971, 0.0471023386876831, 0.05186079893692737, 0.058965076594375665, 0.06234996296095217], [0.04278438815267935, 0.04626864531140582, 0.044286430297347315, 0.04403634813120878, 0.038791684105487376, 0.03824907974985229, 0.04288932427914357, 0.04139406359126281, 0.051333805352327976, 0.051296725214801026, 0.04742809879670282, 0.04410113067711154, 0.04196114282587682, 0.04745034522237638, 1.0, 0.8638959468911165, 0.040044686238016124, 0.04084645557095697, 0.04118528154076925, 0.04381864398328079], [0.03944775567016606, 0.040488609048025426, 0.044095243915331685, 0.04747750087269214, 0.03976443793854636, 0.040402060560804906, 0.04580096006473827, 0.04380072523049464, 0.04766767658071798, 0.04604340418646218, 0.04413764417446717, 0.04299505569005877, 0.04039035496779204, 0.04963847594921971, 0.8638959468911165, 1.0, 0.04444568600865609, 0.04759139223344292, 0.04211003001615594, 0.03928200844952616], [0.046721120742948374, 0.040836771325923685, 0.04057870814895105, 0.04599638133645537, 0.04317563827939467, 0.042365150640659946, 0.051456482949419485, 0.04052710247229547, 0.049220345208061254, 0.04480734161273931, 0.04897672307124434, 0.04487255328087708, 0.04597481587309296, 0.0471023386876831, 0.040044686238016124, 0.04444568600865609, 1.0, 0.9209139451325835, 0.05272503952033532, 0.04882154650643205], [0.04190411761705633, 0.03959915132015098, 0.0439759363361012, 0.04398921261590476, 0.048365005183133865, 0.049458357275813554, 0.05762477708176839, 0.04725067249253175, 0.04940800417216827, 0.0487597827277578, 0.03890999592231152, 0.04455700594968204, 0.0440116661469041, 0.05186079893692737, 0.04084645557095697, 0.04759139223344292, 0.9209139451325835, 1.0, 0.04608955222357291, 0.04052371754285099], [0.04336166856721978, 0.04485898539677483, 0.04804252727931705, 0.05441905173357165, 0.05566711150460608, 0.053897272232653996, 0.04957182117117193, 0.05376909723179509, 0.05511150921872528, 0.045405307707218255, 0.04859641307625781, 0.04805862184839376, 0.05929989963245134, 0.058965076594375665, 0.04118528154076925, 0.04211003001615594, 0.05272503952033532, 0.04608955222357291, 1.0, 0.9428604557849415], [0.04901213476826684, 0.05007646063532836, 0.04815226493565407, 0.05424552729373821, 0.04827705997759631, 0.049152399749623245, 0.04815461102478446, 0.054101214645894825, 0.054417936678497675, 0.04796785006937001, 0.04833678915355013, 0.04430395637843579, 0.05837355561763487, 0.06234996296095217, 0.04381864398328079, 0.03928200844952616, 0.04882154650643205, 0.04052371754285099, 0.9428604557849415, 1.0]], "meta_info": {"source": "pretrained"}}