{"model": "LSING", "dataset": "0.1_dim20_pair_gau", "N": 2000, "seed": 12340, "metrics": {"TP": 10, "FP": 179, "FN": 0, "TN": 1, "TPR": 1.0, "FDR": 0.9470899470899471, "FPR": 0.9944444444444445, "Hamming": 179}, "omega": [[1.0, 0.7950799571809132, 0.3369222770909819, 0.3073181320254045, 0.3237513034950948, 0.20540813438678862, 0.4182058685448601, 0.26618957677729393, 0.303008860667381, 0.23726319396864615, 0.25421901061145413, 0.2897694644582814, 0.27176567745530245, 0.6288696004777451, 0.2817501728582454, 0.659330596414653, 0.3928019474583958, 0.2762699529956336, 0.25507598884978344, 0.41695303367388153], [0.7950799571809132, 1.0, 0.5572215347706387, 0.49963899946938906, 0.3545575860591216, 0.47616805302814613, 0.3289009476189631, 0.32255912185039454, 0.29157861715271755, 0.3974162627788371, 0.2640960878716813, 0.3378131774066907, 0.4684483710652407, 0.46940474863231196, 0.3001513820465686, 0.5305365564090182, 0.48079108237409707, 0.4315089694812537, 0.3113774456480437, 0.3684272260206363], [0.3369222770909819, 0.5572215347706387, 1.0, 0.5287916285237885, 0.40487983093474383, 0.3507439739913192, 0.3881689198030295, 0.3084562304581875, 0.32017814440038206, 0.2600614197633334, 0.2642848245362504, 0.3671834872761642, 0.5223270952656752, 0.5450706487760754, 0.39312938678479076, 0.4014903722011845, 0.5528418506900447, 0.32020420156557816, 0.5312790423292333, 0.35714248868832454], [0.3073181320254045, 0.49963899946938906, 0.5287916285237885, 1.0, 0.4014195136941176, 0.17773225669443068, 0.3795047903152851, 0.27510897095871095, 0.2088433284868775, 0.254383398951396, 0.26596715154151007, 0.2721171838375354, 0.361784315280533, 0.3871399642744059, 0.31309579628616513, 0.6513054034770002, 0.41675729182437177, 0.34900087169974064, 0.2755516455773805, 0.2673116906517123], [0.3237513034950948, 0.3545575860591216, 0.40487983093474383, 0.4014195136941176, 1.0, 0.511000783222132, 0.5417657192741338, 0.37090262487251624, 0.3113686467112015, 0.49566421507836766, 0.3715468577669797, 0.3165566548365368, 0.4337818972605142, 0.41778301010843943, 0.2963826986876359, 1.0, 0.47775017404700404, 0.31371100011879094, 0.29201316151128925, 0.33611775282837525], [0.20540813438678862, 0.47616805302814613, 0.3507439739913192, 0.17773225669443068, 0.511000783222132, 1.0, 0.34263760051272857, 0.2699564663843252, 0.23775865159445228, 0.25907750969666193, 0.2296051364053857, 0.2895303116899724, 0.338161727813157, 0.261360754202835, 0.22996237960952845, 0.4684901474408871, 0.31465561746629506, 0.28151203902592775, 0.3648733046497191, 0.2313494592973706], [0.4182058685448601, 0.3289009476189631, 0.3881689198030295, 0.3795047903152851, 0.5417657192741338, 0.34263760051272857, 1.0, 0.6266231968760102, 0.33704356231570526, 0.40623795585816447, 0.32136164916828075, 0.442093719015324, 0.367504059398534, 0.3865548933509417, 0.4265383025256621, 0.8807924494465522, 0.5622763700846847, 0.3336636879488148, 0.3380167947823005, 0.3448469243969024], [0.26618957677729393, 0.32255912185039454, 0.3084562304581875, 0.27510897095871095, 0.37090262487251624, 0.2699564663843252, 0.6266231968760102, 1.0, 0.2609170712620906, 0.3298815673714958, 0.32382848258948316, 0.3400919216122352, 0.35869542143659616, 0.4250943216310516, 0.45318808513991393, 0.5735770070640285, 0.4336114377602904, 0.3765456516014999, 0.5796967366282271, 0.3450943560201413], [0.303008860667381, 0.29157861715271755, 0.32017814440038206, 0.2088433284868775, 0.3113686467112015, 0.23775865159445228, 0.33704356231570526, 0.2609170712620906, 1.0, 0.36822905358423047, 0.27165573320044145, 0.35361584508300975, 0.34034941522838896, 0.3464633814358863, 0.3007560356461171, 0.4542628609463996, 0.4794472013267226, 0.26338169698864505, 0.33298852079448815, 0.25947193345057323], [0.23726319396864615, 0.3974162627788371, 0.2600614197633334, 0.254383398951396, 0.49566421507836766, 0.25907750969666193, 0.40623795585816447, 0.3298815673714958, 0.36822905358423047, 1.0, 0.22794503494143792, 0.356831893647537, 0.5262863196549951, 0.47961693908061914, 0.32851267993666633, 0.5246538992854797, 0.39712051660734055, 0.29653225938611993, 0.2594889369449293, 0.4680139434597513], [0.25421901061145413, 0.2640960878716813, 0.2642848245362504, 0.26596715154151007, 0.3715468577669797, 0.2296051364053857, 0.32136164916828075, 0.32382848258948316, 0.27165573320044145, 0.22794503494143792, 1.0, 0.6381489337981153, 0.3479730837019405, 0.41839089033862725, 0.2803062450332177, 0.41986142725251296, 0.3857666189946142, 0.21985314415201643, 0.39111049248488006, 0.382097971799418], [0.2897694644582814, 0.3378131774066907, 0.3671834872761642, 0.2721171838375354, 0.3165566548365368, 0.2895303116899724, 0.442093719015324, 0.3400919216122352, 0.35361584508300975, 0.356831893647537, 0.6381489337981153, 1.0, 0.5459303654048814, 0.41584577928267075, 0.3804114841388603, 0.7953370050125707, 0.5367288002512696, 0.34039170107203104, 0.3831268211888758, 0.3496827946119684], [0.27176567745530245, 0.4684483710652407, 0.5223270952656752, 0.361784315280533, 0.4337818972605142, 0.338161727813157, 0.367504059398534, 0.35869542143659616, 0.34034941522838896, 0.5262863196549951, 0.3479730837019405, 0.5459303654048814, 1.0, 0.5450562244634474, 0.4734722986542148, 0.43922448017494453, 0.5369855933489293, 0.50277702513316, 0.34307262780450454, 0.3668466334057655], [0.6288696004777451, 0.46940474863231196, 0.5450706487760754, 0.3871399642744059, 0.41778301010843943, 0.261360754202835, 0.3865548933509417, 0.4250943216310516, 0.3464633814358863, 0.47961693908061914, 0.41839089033862725, 0.41584577928267075, 0.5450562244634474, 1.0, 0.4833928717445738, 0.6167518086750682, 0.4298620292738612, 0.34873931295353794, 0.36885426634018825, 0.34817332585207883], [0.2817501728582454, 0.3001513820465686, 0.39312938678479076, 0.31309579628616513, 0.2963826986876359, 0.22996237960952845, 0.4265383025256621, 0.45318808513991393, 0.3007560356461171, 0.32851267993666633, 0.2803062450332177, 0.3804114841388603, 0.4734722986542148, 0.4833928717445738, 1.0, 0.7311285200099075, 0.438594469928694, 0.439776913304935, 0.2783072836686383, 0.29978530806383397], [0.659330596414653, 0.5305365564090182, 0.4014903722011845, 0.6513054034770002, 1.0, 0.4684901474408871, 0.8807924494465522, 0.5735770070640285, 0.4542628609463996, 0.5246538992854797, 0.41986142725251296, 0.7953370050125707, 0.43922448017494453, 0.6167518086750682, 0.7311285200099075, 1.0, 0.5284756097716301, 0.4460990502582536, 0.5662719471382801, 0.5034952264122474], [0.3928019474583958, 0.48079108237409707, 0.5528418506900447, 0.41675729182437177, 0.47775017404700404, 0.31465561746629506, 0.5622763700846847, 0.4336114377602904, 0.4794472013267226, 0.39712051660734055, 0.3857666189946142, 0.5367288002512696, 0.5369855933489293, 0.4298620292738612, 0.438594469928694, 0.5284756097716301, 1.0, 0.7074603457708339, 0.5155316413165298, 0.5266288944264286], [0.2762699529956336, 0.4315089694812537, 0.32020420156557816, 0.34900087169974064, 0.31371100011879094, 0.28151203902592775, 0.3336636879488148, 0.3765456516014999, 0.26338169698864505, 0.29653225938611993, 0.21985314415201643, 0.34039170107203104, 0.50277702513316, 0.34873931295353794, 0.439776913304935, 0.4460990502582536, 0.7074603457708339, 1.0, 0.32605346730756607, 0.3859480426706618], [0.25507598884978344, 0.3113774456480437, 0.5312790423292333, 0.2755516455773805, 0.29201316151128925, 0.3648733046497191, 0.3380167947823005, 0.5796967366282271, 0.33298852079448815, 0.2594889369449293, 0.39111049248488006, 0.3831268211888758, 0.34307262780450454, 0.36885426634018825, 0.2783072836686383, 0.5662719471382801, 0.5155316413165298, 0.32605346730756607, 1.0, 0.618458738738953], [0.41695303367388153, 0.3684272260206363, 0.35714248868832454, 0.2673116906517123, 0.33611775282837525, 0.2313494592973706, 0.3448469243969024, 0.3450943560201413, 0.25947193345057323, 0.4680139434597513, 0.382097971799418, 0.3496827946119684, 0.3668466334057655, 0.34817332585207883, 0.29978530806383397, 0.5034952264122474, 0.5266288944264286, 0.3859480426706618, 0.618458738738953, 1.0]], "meta_info": {"source": "pretrained"}}