{"model": "LSING", "dataset": "dim6_butterfly", "N": 20000, "seed": 1234560, "metrics": {"TP": 3, "FP": 0, "FN": 0, "TN": 12, "TPR": 1.0, "FDR": 0.0, "FPR": 0.0, "Hamming": 0}, "omega": [[1.0, 1.0, 0.006283636371985365, 0.015444619375818857, 0.0063967354859479795, 0.01605910375347637], [1.0, 1.0, 0.02003529787187397, 0.026834153428284983, 0.02283941227465517, 0.03168012962808078], [0.006283636371985365, 0.02003529787187397, 1.0, 0.6508098860511965, 0.009356166582061022, 0.0205261036145386], [0.015444619375818857, 0.026834153428284983, 0.6508098860511965, 1.0, 0.017632313846930064, 0.029164917809536724], [0.0063967354859479795, 0.02283941227465517, 0.009356166582061022, 0.017632313846930064, 1.0, 0.7273743121968476], [0.01605910375347637, 0.03168012962808078, 0.0205261036145386, 0.029164917809536724, 0.7273743121968476, 1.0]], "meta_info": {"source": "pretrained"}}