{"model": "LSING", "dataset": "dim6_butterfly", "N": 20000, "seed": 120, "metrics": {"TP": 3, "FP": 0, "FN": 0, "TN": 12, "TPR": 1.0, "FDR": 0.0, "FPR": 0.0, "Hamming": 0}, "omega": [[1.0, 1.0, 0.009121722879419869, 0.016989120834492492, 0.008370049440103661, 0.025990864170415948], [1.0, 1.0, 0.020804678774236297, 0.033231723784745454, 0.022731856842441462, 0.039372060094725256], [0.009121722879419869, 0.020804678774236297, 1.0, 0.6981548344211337, 0.007607654842854262, 0.023107026844381432], [0.016989120834492492, 0.033231723784745454, 0.6981548344211337, 1.0, 0.019056572690689045, 0.03003107680349449], [0.008370049440103661, 0.022731856842441462, 0.007607654842854262, 0.019056572690689045, 1.0, 0.9628346472953488], [0.025990864170415948, 0.039372060094725256, 0.023107026844381432, 0.03003107680349449, 0.9628346472953488, 1.0]], "meta_info": {"source": "pretrained"}}