{"model": "LSING", "dataset": "dim6_butterfly", "N": 1000, "seed": 120, "metrics": {"TP": 3, "FP": 0, "FN": 0, "TN": 12, "TPR": 1.0, "FDR": 0.0, "FPR": 0.0, "Hamming": 0}, "omega": [[1.0, 1.0, 0.02590052570151611, 0.04485157884407286, 0.023550864772455916, 0.043784885885360704], [1.0, 1.0, 0.08317163655199848, 0.1371516448856112, 0.07871882263727364, 0.12160273421412143], [0.02590052570151611, 0.08317163655199848, 1.0, 0.3912751690257828, 0.03264326100876537, 0.08195010326242198], [0.04485157884407286, 0.1371516448856112, 0.3912751690257828, 1.0, 0.040903686287649316, 0.09095441204912733], [0.023550864772455916, 0.07871882263727364, 0.03264326100876537, 0.040903686287649316, 1.0, 0.38734720184897276], [0.043784885885360704, 0.12160273421412143, 0.08195010326242198, 0.09095441204912733, 0.38734720184897276, 1.0]], "meta_info": {"source": "pretrained"}}