{"model": "LSING", "dataset": "dim6_butterfly", "N": 1000, "seed": 123450, "metrics": {"TP": 3, "FP": 0, "FN": 0, "TN": 12, "TPR": 1.0, "FDR": 0.0, "FPR": 0.0, "Hamming": 0}, "omega": [[1.0, 1.0, 0.042296228668860264, 0.0385980587728295, 0.026411876877261847, 0.05981225554253287], [1.0, 1.0, 0.09300701481389882, 0.10723771788930943, 0.12238805429825271, 0.11844882284994912], [0.042296228668860264, 0.09300701481389882, 1.0, 0.45412870957801615, 0.03313484487373864, 0.06265747427427665], [0.0385980587728295, 0.10723771788930943, 0.45412870957801615, 1.0, 0.048098841016103094, 0.08095100096688343], [0.026411876877261847, 0.12238805429825271, 0.03313484487373864, 0.048098841016103094, 1.0, 0.47499710558188846], [0.05981225554253287, 0.11844882284994912, 0.06265747427427665, 0.08095100096688343, 0.47499710558188846, 1.0]], "meta_info": {"source": "pretrained"}}