{"model": "LSING", "dataset": "dim6_butterfly", "N": 1000, "seed": 12340, "metrics": {"TP": 3, "FP": 0, "FN": 0, "TN": 12, "TPR": 1.0, "FDR": 0.0, "FPR": 0.0, "Hamming": 0}, "omega": [[1.0, 0.43701096857119054, 0.04338406768675495, 0.10364126912503194, 0.02908920093744127, 0.1201858656860466], [0.43701096857119054, 1.0, 0.0631766027647356, 0.12607008817361662, 0.05412607310012206, 0.09960111134693916], [0.04338406768675495, 0.0631766027647356, 1.0, 1.0, 0.020702641030036044, 0.06326001257469632], [0.10364126912503194, 0.12607008817361662, 1.0, 1.0, 0.09933494888372726, 0.13673673689807644], [0.02908920093744127, 0.05412607310012206, 0.020702641030036044, 0.09933494888372726, 1.0, 0.4728942903151415], [0.1201858656860466, 0.09960111134693916, 0.06326001257469632, 0.13673673689807644, 0.4728942903151415, 1.0]], "meta_info": {"source": "pretrained"}}