{"model": "LSING", "dataset": "dim20_cop_gau", "N": 1000, "seed": 12340, "metrics": {"TP": 19, "FP": 3, "FN": 0, "TN": 168, "TPR": 1.0, "FDR": 0.13636363636363635, "FPR": 0.017543859649122806, "Hamming": 3}, "omega": [[1.0, 0.5246254356417726, 0.2163943099857559, 0.06805391666672747, 0.06362115787398788, 0.0941875943388826, 0.07007607129930706, 0.04447572072443505, 0.06016583952347212, 0.05123489671431605, 0.08187815739948862, 0.1110166008840901, 0.05727314104057452, 0.04989081847794281, 0.05024564395853522, 0.04169344485464743, 0.08671319901075751, 0.05807754847700512, 0.06820029642978068, 0.042950692324714386], [0.5246254356417726, 1.0, 0.6397602155076796, 0.058578904795124315, 0.05783659039256651, 0.12450665918036591, 0.09638845867186177, 0.10083769598406879, 0.05103547555872699, 0.07416102814924488, 0.0810256469955312, 0.1166533405678813, 0.0504903261712707, 0.06440270033136504, 0.06674598228554311, 0.0722666055588474, 0.06640438864846701, 0.0607499475971109, 0.07090686118460995, 0.04955495284378485], [0.2163943099857559, 0.6397602155076796, 1.0, 0.7392463023353901, 0.11455774948883239, 0.10984145241379839, 0.11587441198394328, 0.05688585877708714, 0.06533740665079772, 0.08915786903947921, 0.10165045384824196, 0.08649436478531325, 0.1213589655140646, 0.10469718130834096, 0.08605611626545544, 0.082180138169407, 0.09735608212376459, 0.10858707535872947, 0.10094635273611492, 0.07374722518948958], [0.06805391666672747, 0.058578904795124315, 0.7392463023353901, 1.0, 0.7336100044731726, 0.1543586274036918, 0.06996834664825831, 0.04901891495736257, 0.06300550373998827, 0.06568768564487387, 0.08292243261873244, 0.10710727523584493, 0.07371806924131927, 0.050385206842275786, 0.06896323107275144, 0.10655116154720692, 0.08796401013815755, 0.05816687054689461, 0.10946449879851897, 0.10337369480776304], [0.06362115787398788, 0.05783659039256651, 0.11455774948883239, 0.7336100044731726, 1.0, 1.0, 0.21464566001005553, 0.10934065478618527, 0.044454825414461704, 0.07571141710729484, 0.07172453039440539, 0.08973221998249406, 0.08697093491314895, 0.1227544062209937, 0.07274039791169241, 0.09896724292665894, 0.08861984723166802, 0.07575330749340335, 0.10975799089329914, 0.07986964222645783], [0.0941875943388826, 0.12450665918036591, 0.10984145241379839, 0.1543586274036918, 1.0, 1.0, 0.8919802235418771, 0.17068454740048833, 0.09743174905656557, 0.16128340239508113, 0.15043182557436122, 0.14989703333973053, 0.08086596697787932, 0.16932609143496896, 0.15239117598285745, 0.13080617540683614, 0.18541139825320055, 0.1231581171208676, 0.12785894188943747, 0.11059480950523645], [0.07007607129930706, 0.09638845867186177, 0.11587441198394328, 0.06996834664825831, 0.21464566001005553, 0.8919802235418771, 1.0, 0.5784446393805568, 0.11028708790532198, 0.07936440642987554, 0.10653724559286686, 0.09355917868755802, 0.11385288160249038, 0.08382073854141735, 0.08607267744831405, 0.07948254096729257, 0.06876465935476857, 0.07788735415213312, 0.07467809621261653, 0.07176992969894745], [0.04447572072443505, 0.10083769598406879, 0.05688585877708714, 0.04901891495736257, 0.10934065478618527, 0.17068454740048833, 0.5784446393805568, 1.0, 0.42015268259009103, 0.08404113339467831, 0.06578038836241747, 0.08231354833142633, 0.05801997770072359, 0.06927531387916742, 0.05464746383927008, 0.06041191418678013, 0.09380640493741936, 0.06760187618761639, 0.07902583143180929, 0.06837406057901681], [0.06016583952347212, 0.05103547555872699, 0.06533740665079772, 0.06300550373998827, 0.044454825414461704, 0.09743174905656557, 0.11028708790532198, 0.42015268259009103, 1.0, 0.39846089659017275, 0.10188668586707307, 0.10518809638501246, 0.07008380175161559, 0.06122443261216499, 0.059774796075684915, 0.047421898145749534, 0.09411022140471485, 0.05235464075926815, 0.05201935946977215, 0.026640414236857046], [0.05123489671431605, 0.07416102814924488, 0.08915786903947921, 0.06568768564487387, 0.07571141710729484, 0.16128340239508113, 0.07936440642987554, 0.08404113339467831, 0.39846089659017275, 1.0, 0.655663717024034, 0.24976115410772975, 0.1352319035356307, 0.10209979779052271, 0.0615842920082356, 0.06801150179565409, 0.0702759428278551, 0.05476594185732987, 0.050088818678341675, 0.07284111042679758], [0.08187815739948862, 0.0810256469955312, 0.10165045384824196, 0.08292243261873244, 0.07172453039440539, 0.15043182557436122, 0.10653724559286686, 0.06578038836241747, 0.10188668586707307, 0.655663717024034, 1.0, 0.8002890550659957, 0.09112275504472443, 0.07775729043222669, 0.04679195749738031, 0.06527054621962183, 0.10280969959234292, 0.11594684506787109, 0.10055925717787319, 0.09163680161862445], [0.1110166008840901, 0.1166533405678813, 0.08649436478531325, 0.10710727523584493, 0.08973221998249406, 0.14989703333973053, 0.09355917868755802, 0.08231354833142633, 0.10518809638501246, 0.24976115410772975, 0.8002890550659957, 1.0, 0.5793741407568054, 0.16465992828146983, 0.09008107232045648, 0.07715576461196869, 0.09122628951697763, 0.1296779612147473, 0.06678149048775825, 0.07947352495672771], [0.05727314104057452, 0.0504903261712707, 0.1213589655140646, 0.07371806924131927, 0.08697093491314895, 0.08086596697787932, 0.11385288160249038, 0.05801997770072359, 0.07008380175161559, 0.1352319035356307, 0.09112275504472443, 0.5793741407568054, 1.0, 0.43664007269452826, 0.11214020445427293, 0.0946011991915452, 0.13865151130114595, 0.08957897915797086, 0.07217478933491293, 0.07735156995680798], [0.04989081847794281, 0.06440270033136504, 0.10469718130834096, 0.050385206842275786, 0.1227544062209937, 0.16932609143496896, 0.08382073854141735, 0.06927531387916742, 0.06122443261216499, 0.10209979779052271, 0.07775729043222669, 0.16465992828146983, 0.43664007269452826, 1.0, 0.4481847963028097, 0.13282635894510475, 0.10520991096890525, 0.08005339439372092, 0.08181328944108693, 0.0614705984902495], [0.05024564395853522, 0.06674598228554311, 0.08605611626545544, 0.06896323107275144, 0.07274039791169241, 0.15239117598285745, 0.08607267744831405, 0.05464746383927008, 0.059774796075684915, 0.0615842920082356, 0.04679195749738031, 0.09008107232045648, 0.11214020445427293, 0.4481847963028097, 1.0, 0.3763068112992487, 0.09977865822334048, 0.07180807742875761, 0.053115246574976356, 0.045248861445757856], [0.04169344485464743, 0.0722666055588474, 0.082180138169407, 0.10655116154720692, 0.09896724292665894, 0.13080617540683614, 0.07948254096729257, 0.06041191418678013, 0.047421898145749534, 0.06801150179565409, 0.06527054621962183, 0.07715576461196869, 0.0946011991915452, 0.13282635894510475, 0.3763068112992487, 1.0, 0.4284775131860081, 0.10654532665197257, 0.08774228554448289, 0.06339878480026154], [0.08671319901075751, 0.06640438864846701, 0.09735608212376459, 0.08796401013815755, 0.08861984723166802, 0.18541139825320055, 0.06876465935476857, 0.09380640493741936, 0.09411022140471485, 0.0702759428278551, 0.10280969959234292, 0.09122628951697763, 0.13865151130114595, 0.10520991096890525, 0.09977865822334048, 0.4284775131860081, 1.0, 0.49415415899246345, 0.12799817839530586, 0.06259087272109003], [0.05807754847700512, 0.0607499475971109, 0.10858707535872947, 0.05816687054689461, 0.07575330749340335, 0.1231581171208676, 0.07788735415213312, 0.06760187618761639, 0.05235464075926815, 0.05476594185732987, 0.11594684506787109, 0.1296779612147473, 0.08957897915797086, 0.08005339439372092, 0.07180807742875761, 0.10654532665197257, 0.49415415899246345, 1.0, 0.4990374332672695, 0.045425440425987604], [0.06820029642978068, 0.07090686118460995, 0.10094635273611492, 0.10946449879851897, 0.10975799089329914, 0.12785894188943747, 0.07467809621261653, 0.07902583143180929, 0.05201935946977215, 0.050088818678341675, 0.10055925717787319, 0.06678149048775825, 0.07217478933491293, 0.08181328944108693, 0.053115246574976356, 0.08774228554448289, 0.12799817839530586, 0.4990374332672695, 1.0, 0.656570049847051], [0.042950692324714386, 0.04955495284378485, 0.07374722518948958, 0.10337369480776304, 0.07986964222645783, 0.11059480950523645, 0.07176992969894745, 0.06837406057901681, 0.026640414236857046, 0.07284111042679758, 0.09163680161862445, 0.07947352495672771, 0.07735156995680798, 0.0614705984902495, 0.045248861445757856, 0.06339878480026154, 0.06259087272109003, 0.045425440425987604, 0.656570049847051, 1.0]], "meta_info": {"source": "pretrained"}}