{"model": "LSING", "dataset": "dim20_cop_gau", "N": 1000, "seed": 123450, "metrics": {"TP": 19, "FP": 5, "FN": 0, "TN": 166, "TPR": 1.0, "FDR": 0.20833333333333334, "FPR": 0.029239766081871343, "Hamming": 5}, "omega": [[1.0, 0.9901715969054881, 0.11824683157804103, 0.13869364220520883, 0.13856257273253247, 0.08783124501757075, 0.11374929341408793, 0.11297836110239765, 0.1280097767488539, 0.12190177123800792, 0.1282008323742899, 0.11699258058585668, 0.08176610095935191, 0.09247522421880462, 0.09915130437982415, 0.12006846138825633, 0.14763519819721277, 0.12237999769236758, 0.09873338940234272, 0.10145493350049692], [0.9901715969054881, 1.0, 0.7771065658431797, 0.1157672066275897, 0.11831899931168646, 0.07816958860740962, 0.17817653156630767, 0.15152561829836833, 0.12083118378434221, 0.12988509407542126, 0.08777668771104047, 0.07995481826346468, 0.1083144557988988, 0.1271529272411163, 0.09820007473056476, 0.18161251453927707, 0.1519509479547198, 0.1484071923306791, 0.11275880798784936, 0.09303153523921696], [0.11824683157804103, 0.7771065658431797, 1.0, 0.6015082821375588, 0.1468328901816386, 0.09220427441190616, 0.0977274284885174, 0.10287646660631061, 0.07684675748366565, 0.12791269912818196, 0.07356840986053066, 0.07488322987785381, 0.10167576080117643, 0.07892701093139645, 0.07429458525476385, 0.13801099472620687, 0.10796389195075114, 0.07328216078327637, 0.07501356737126329, 0.08415311697737168], [0.13869364220520883, 0.1157672066275897, 0.6015082821375588, 1.0, 0.6297435238631386, 0.10124388851532844, 0.11253498499424429, 0.1683130747980153, 0.08707621066298236, 0.11167500876025557, 0.08506168398318754, 0.1305659206430371, 0.09748266275477668, 0.07456007684589447, 0.07917556533560183, 0.10347218702898038, 0.11170625794920447, 0.11878302898298114, 0.1254629226656133, 0.09714438441049715], [0.13856257273253247, 0.11831899931168646, 0.1468328901816386, 0.6297435238631386, 1.0, 0.5690136982419268, 0.21897952294326659, 0.11236842356390547, 0.07845156554641186, 0.13897325828515583, 0.0897300986404416, 0.11545415445767421, 0.17692566936702553, 0.12434834416168637, 0.08405131989778461, 0.09142812787753701, 0.12484214550822459, 0.1274275730914734, 0.18550238791517773, 0.13830688153047502], [0.08783124501757075, 0.07816958860740962, 0.09220427441190616, 0.10124388851532844, 0.5690136982419268, 1.0, 0.6751971952144967, 0.11729787467922138, 0.11810045379822777, 0.1081483687995663, 0.08062393994039628, 0.11688292376593175, 0.09745245731404166, 0.09999842579273716, 0.0871570424104811, 0.09408561927144893, 0.09063238508341202, 0.09003420439709525, 0.135655169158059, 0.10596695310611877], [0.11374929341408793, 0.17817653156630767, 0.0977274284885174, 0.11253498499424429, 0.21897952294326659, 0.6751971952144967, 1.0, 1.0, 0.15722180414056633, 0.09810097287093257, 0.10405486059897665, 0.1756943582435939, 0.13535605622294794, 0.15712504732562246, 0.10503274197481427, 0.16503938337632792, 0.21127092276884948, 0.25510657654272856, 0.15824795774169828, 0.1006943415255489], [0.11297836110239765, 0.15152561829836833, 0.10287646660631061, 0.1683130747980153, 0.11236842356390547, 0.11729787467922138, 1.0, 1.0, 0.8365796101735069, 0.27612142115455507, 0.14600608345257668, 0.1725474664155261, 0.09469462602149062, 0.12264456301343828, 0.08404875119276474, 0.1293840858959777, 0.11773417498779493, 0.15017958975761111, 0.13688646220792852, 0.10346504119434725], [0.1280097767488539, 0.12083118378434221, 0.07684675748366565, 0.08707621066298236, 0.07845156554641186, 0.11810045379822777, 0.15722180414056633, 0.8365796101735069, 1.0, 0.8803014366529961, 0.1638284050103095, 0.10627928685193899, 0.08042539282345115, 0.11992297373137872, 0.07445731960831843, 0.09673347971593277, 0.08813345756858972, 0.12113641913862994, 0.11490112152959593, 0.09386903022109244], [0.12190177123800792, 0.12988509407542126, 0.12791269912818196, 0.11167500876025557, 0.13897325828515583, 0.1081483687995663, 0.09810097287093257, 0.27612142115455507, 0.8803014366529961, 1.0, 0.6127716718457061, 0.21123610856976746, 0.14376721190506983, 0.12234868072756064, 0.09659846342912297, 0.16571568703501696, 0.1161143364989298, 0.18624800368469327, 0.15813561247940428, 0.17492677857768152], [0.1282008323742899, 0.08777668771104047, 0.07356840986053066, 0.08506168398318754, 0.0897300986404416, 0.08062393994039628, 0.10405486059897665, 0.14600608345257668, 0.1638284050103095, 0.6127716718457061, 1.0, 0.6931575445663317, 0.13865308965014572, 0.09021615546560062, 0.08744459730260037, 0.0931663143105236, 0.08236035290509738, 0.12446382066862204, 0.10116164702998237, 0.08618228776089458], [0.11699258058585668, 0.07995481826346468, 0.07488322987785381, 0.1305659206430371, 0.11545415445767421, 0.11688292376593175, 0.1756943582435939, 0.1725474664155261, 0.10627928685193899, 0.21123610856976746, 0.6931575445663317, 1.0, 0.6843584669831082, 0.15229854322028513, 0.09394848611867289, 0.1291137551085827, 0.0741214947501001, 0.09156544176593451, 0.10313463614557719, 0.07945266919041069], [0.08176610095935191, 0.1083144557988988, 0.10167576080117643, 0.09748266275477668, 0.17692566936702553, 0.09745245731404166, 0.13535605622294794, 0.09469462602149062, 0.08042539282345115, 0.14376721190506983, 0.13865308965014572, 0.6843584669831082, 1.0, 0.8321802521175166, 0.1506429461887159, 0.1653456444052674, 0.11111865933352366, 0.11143162565401896, 0.10430146079927509, 0.08802757812315311], [0.09247522421880462, 0.1271529272411163, 0.07892701093139645, 0.07456007684589447, 0.12434834416168637, 0.09999842579273716, 0.15712504732562246, 0.12264456301343828, 0.11992297373137872, 0.12234868072756064, 0.09021615546560062, 0.15229854322028513, 0.8321802521175166, 1.0, 0.6105559073474018, 0.1522385299571823, 0.13309197205624868, 0.11064613508802078, 0.11764614318497661, 0.14662779591680639], [0.09915130437982415, 0.09820007473056476, 0.07429458525476385, 0.07917556533560183, 0.08405131989778461, 0.0871570424104811, 0.10503274197481427, 0.08404875119276474, 0.07445731960831843, 0.09659846342912297, 0.08744459730260037, 0.09394848611867289, 0.1506429461887159, 0.6105559073474018, 1.0, 0.8815490546478731, 0.10615167846641343, 0.1175870426367621, 0.11135825151010034, 0.0738742326055881], [0.12006846138825633, 0.18161251453927707, 0.13801099472620687, 0.10347218702898038, 0.09142812787753701, 0.09408561927144893, 0.16503938337632792, 0.1293840858959777, 0.09673347971593277, 0.16571568703501696, 0.0931663143105236, 0.1291137551085827, 0.1653456444052674, 0.1522385299571823, 0.8815490546478731, 1.0, 0.9181438249253074, 0.13183209114945615, 0.16534620016730334, 0.08710194967467226], [0.14763519819721277, 0.1519509479547198, 0.10796389195075114, 0.11170625794920447, 0.12484214550822459, 0.09063238508341202, 0.21127092276884948, 0.11773417498779493, 0.08813345756858972, 0.1161143364989298, 0.08236035290509738, 0.0741214947501001, 0.11111865933352366, 0.13309197205624868, 0.10615167846641343, 0.9181438249253074, 1.0, 0.7710574168874593, 0.09141876577234584, 0.13629445364308432], [0.12237999769236758, 0.1484071923306791, 0.07328216078327637, 0.11878302898298114, 0.1274275730914734, 0.09003420439709525, 0.25510657654272856, 0.15017958975761111, 0.12113641913862994, 0.18624800368469327, 0.12446382066862204, 0.09156544176593451, 0.11143162565401896, 0.11064613508802078, 0.1175870426367621, 0.13183209114945615, 0.7710574168874593, 1.0, 0.8642362810276975, 0.13472190011118132], [0.09873338940234272, 0.11275880798784936, 0.07501356737126329, 0.1254629226656133, 0.18550238791517773, 0.135655169158059, 0.15824795774169828, 0.13688646220792852, 0.11490112152959593, 0.15813561247940428, 0.10116164702998237, 0.10313463614557719, 0.10430146079927509, 0.11764614318497661, 0.11135825151010034, 0.16534620016730334, 0.09141876577234584, 0.8642362810276975, 1.0, 0.6536198200176846], [0.10145493350049692, 0.09303153523921696, 0.08415311697737168, 0.09714438441049715, 0.13830688153047502, 0.10596695310611877, 0.1006943415255489, 0.10346504119434725, 0.09386903022109244, 0.17492677857768152, 0.08618228776089458, 0.07945266919041069, 0.08802757812315311, 0.14662779591680639, 0.0738742326055881, 0.08710194967467226, 0.13629445364308432, 0.13472190011118132, 0.6536198200176846, 1.0]], "meta_info": {"source": "pretrained"}}