{"model": "LSING", "dataset": "dim20_pair_gau", "N": 100, "seed": 12340, "metrics": {"TP": 5, "FP": 32, "FN": 5, "TN": 148, "TPR": 0.5, "FDR": 0.8648648648648649, "FPR": 0.17777777777777778, "Hamming": 37}, "omega": [[1.0, 0.1885060999991876, 0.04658199867219319, 0.06168039624193171, 0.034961343941179474, 0.037916382498269806, 0.049021630476195587, 0.04372945957998625, 0.0384051265868724, 0.183519995409225, 0.04120708873538108, 0.16011070703503472, 0.0448592948121996, 0.038070817793710125, 0.060640327398620575, 0.13252307581540956, 0.04310805565911134, 0.03095481177604271, 0.22548539092547654, 0.4107293718871975], [0.1885060999991876, 1.0, 0.04172806013680991, 0.03967547418070781, 0.029942130957978874, 0.05455202448694421, 0.03636025740452791, 0.027183596624117245, 0.0461030502812201, 0.2834232929743138, 0.040061008083974003, 0.17145389064506936, 0.05509909556643212, 0.03852682881335888, 0.05353403855328918, 0.14338250102751013, 0.05201321656819169, 0.0292479287662831, 0.05103506425333471, 0.2789035341311865], [0.04658199867219319, 0.04172806013680991, 1.0, 0.18250862024053272, 0.04164384907968835, 0.04750316424990302, 0.027766624967872508, 0.02834237907448183, 0.04399568028900034, 0.2833846172708605, 0.06130342292659393, 0.29248555770787615, 0.04964018752244692, 0.03387180283202775, 0.05010394060365966, 0.12614649856568094, 0.05925195761959565, 0.02735109174061593, 0.15984814773419712, 0.20559875853054868], [0.06168039624193171, 0.03967547418070781, 0.18250862024053272, 1.0, 0.03068321141895546, 0.04845107634114041, 0.05062936132807428, 0.04805772983663981, 0.054370054763167024, 0.33405156559577653, 0.04832839055207945, 0.23627387319318224, 0.04880995689648151, 0.03481817502895028, 0.050739009256540304, 0.12229525349577837, 0.04913934122208547, 0.053355027502858504, 0.061255175122957035, 0.39791961262956316], [0.034961343941179474, 0.029942130957978874, 0.04164384907968835, 0.03068321141895546, 1.0, 0.19889520927885107, 0.0293533882354502, 0.048036307071823964, 0.04660774698283729, 0.10626977167069977, 0.04945264782658012, 0.2648350423684685, 0.03118836063921314, 0.045258956613609444, 0.03919640600538872, 0.10305374032583024, 0.0426040497138895, 0.025443342361026973, 0.06749820480531567, 0.18501347329000206], [0.037916382498269806, 0.05455202448694421, 0.04750316424990302, 0.04845107634114041, 0.19889520927885107, 1.0, 0.0894376713761293, 0.038884028395044255, 0.041595670484784714, 0.09268105481094234, 0.08887028886436912, 0.2389077752423602, 0.03563044066488809, 0.0346737390645277, 0.05410383937790165, 0.1068270417217821, 0.03478912865597928, 0.021874658581340432, 0.14605642435762822, 0.15615587179723145], [0.049021630476195587, 0.03636025740452791, 0.027766624967872508, 0.05062936132807428, 0.0293533882354502, 0.0894376713761293, 1.0, 0.21633981351738768, 0.03762233056192817, 0.23640972195093285, 0.05440063437576698, 0.2784857489582249, 0.03500662575131537, 0.04871628686883645, 0.06705176588585054, 0.08531775534186808, 0.03684624379129785, 0.0317975838230357, 0.07911391377377622, 0.14889253569224806], [0.04372945957998625, 0.027183596624117245, 0.02834237907448183, 0.04805772983663981, 0.048036307071823964, 0.038884028395044255, 0.21633981351738768, 1.0, 0.06938962890948022, 0.34708526035734516, 0.051621126468387055, 0.17568209572093796, 0.02199412283696223, 0.024779392371385392, 0.03345325370112601, 0.07354214624991467, 0.05126482526929677, 0.026844419928226712, 0.12797763254662275, 0.22247222901088912], [0.0384051265868724, 0.0461030502812201, 0.04399568028900034, 0.054370054763167024, 0.04660774698283729, 0.041595670484784714, 0.03762233056192817, 0.06938962890948022, 1.0, 0.5158246247718095, 0.057644449034225664, 0.22440308345988683, 0.043124793525060906, 0.05172776647883097, 0.022927786580241357, 0.1751599437782323, 0.09101234574131992, 0.031134262035742093, 0.05843924878157759, 0.3023359728266496], [0.183519995409225, 0.2834232929743138, 0.2833846172708605, 0.33405156559577653, 0.10626977167069977, 0.09268105481094234, 0.23640972195093285, 0.34708526035734516, 0.5158246247718095, 1.0, 0.28157614648818435, 0.40833305942646214, 0.1927781634478803, 0.14508291967539655, 0.2216816257084592, 0.19487367079703322, 0.31036622887245036, 0.19041634488598516, 0.4335565762175602, 0.36276504988357866], [0.04120708873538108, 0.040061008083974003, 0.06130342292659393, 0.04832839055207945, 0.04945264782658012, 0.08887028886436912, 0.05440063437576698, 0.051621126468387055, 0.057644449034225664, 0.28157614648818435, 1.0, 1.0, 0.04430916590454542, 0.04245348744563694, 0.07272456884369978, 0.08568728339463258, 0.0925722094375946, 0.04759708981748624, 0.10314607143067431, 0.3178959207765714], [0.16011070703503472, 0.17145389064506936, 0.29248555770787615, 0.23627387319318224, 0.2648350423684685, 0.2389077752423602, 0.2784857489582249, 0.17568209572093796, 0.22440308345988683, 0.40833305942646214, 1.0, 1.0, 0.18861304479424526, 0.20605090783597568, 0.1510571373140557, 0.23649517477244142, 0.11180271974989284, 0.10277034653440942, 0.19776731455304314, 0.4606910632562179], [0.0448592948121996, 0.05509909556643212, 0.04964018752244692, 0.04880995689648151, 0.03118836063921314, 0.03563044066488809, 0.03500662575131537, 0.02199412283696223, 0.043124793525060906, 0.1927781634478803, 0.04430916590454542, 0.18861304479424526, 1.0, 0.15710551211039436, 0.05448705878141543, 0.23255565795608743, 0.0441120960330161, 0.04449056665267905, 0.06187876178080374, 0.2134533834408821], [0.038070817793710125, 0.03852682881335888, 0.03387180283202775, 0.03481817502895028, 0.045258956613609444, 0.0346737390645277, 0.04871628686883645, 0.024779392371385392, 0.05172776647883097, 0.14508291967539655, 0.04245348744563694, 0.20605090783597568, 0.15710551211039436, 1.0, 0.04145871305636488, 0.08290955894307106, 0.03908390987136194, 0.07981953141364705, 0.09932945867707847, 0.17405055972669492], [0.060640327398620575, 0.05353403855328918, 0.05010394060365966, 0.050739009256540304, 0.03919640600538872, 0.05410383937790165, 0.06705176588585054, 0.03345325370112601, 0.022927786580241357, 0.2216816257084592, 0.07272456884369978, 0.1510571373140557, 0.05448705878141543, 0.04145871305636488, 1.0, 0.6286021402129965, 0.051924588130576606, 0.044481936856017396, 0.06701603288449766, 0.1854722593136668], [0.13252307581540956, 0.14338250102751013, 0.12614649856568094, 0.12229525349577837, 0.10305374032583024, 0.1068270417217821, 0.08531775534186808, 0.07354214624991467, 0.1751599437782323, 0.19487367079703322, 0.08568728339463258, 0.23649517477244142, 0.23255565795608743, 0.08290955894307106, 0.6286021402129965, 1.0, 0.13263148730323732, 0.14051326532840613, 0.1806452336589583, 0.4354484874447319], [0.04310805565911134, 0.05201321656819169, 0.05925195761959565, 0.04913934122208547, 0.0426040497138895, 0.03478912865597928, 0.03684624379129785, 0.05126482526929677, 0.09101234574131992, 0.31036622887245036, 0.0925722094375946, 0.11180271974989284, 0.0441120960330161, 0.03908390987136194, 0.051924588130576606, 0.13263148730323732, 1.0, 0.1922127280972114, 0.08607216513868157, 0.1720334711960652], [0.03095481177604271, 0.0292479287662831, 0.02735109174061593, 0.053355027502858504, 0.025443342361026973, 0.021874658581340432, 0.0317975838230357, 0.026844419928226712, 0.031134262035742093, 0.19041634488598516, 0.04759708981748624, 0.10277034653440942, 0.04449056665267905, 0.07981953141364705, 0.044481936856017396, 0.14051326532840613, 0.1922127280972114, 1.0, 0.06445526317137222, 0.36886218223249334], [0.22548539092547654, 0.05103506425333471, 0.15984814773419712, 0.061255175122957035, 0.06749820480531567, 0.14605642435762822, 0.07911391377377622, 0.12797763254662275, 0.05843924878157759, 0.4335565762175602, 0.10314607143067431, 0.19776731455304314, 0.06187876178080374, 0.09932945867707847, 0.06701603288449766, 0.1806452336589583, 0.08607216513868157, 0.06445526317137222, 1.0, 0.8994855480612435], [0.4107293718871975, 0.2789035341311865, 0.20559875853054868, 0.39791961262956316, 0.18501347329000206, 0.15615587179723145, 0.14889253569224806, 0.22247222901088912, 0.3023359728266496, 0.36276504988357866, 0.3178959207765714, 0.4606910632562179, 0.2134533834408821, 0.17405055972669492, 0.1854722593136668, 0.4354484874447319, 0.1720334711960652, 0.36886218223249334, 0.8994855480612435, 1.0]], "meta_info": {"source": "pretrained"}}