{"model": "LSING", "dataset": "dim20_pair_gau", "N": 500, "seed": 123450, "metrics": {"TP": 10, "FP": 0, "FN": 0, "TN": 180, "TPR": 1.0, "FDR": 0.0, "FPR": 0.0, "Hamming": 0}, "omega": [[1.0, 0.46711033771034727, 0.06800636304721536, 0.03967974645690303, 0.06757217144117061, 0.07575911271580608, 0.05238546472696166, 0.05223664056114052, 0.04764817525639742, 0.04723398034527501, 0.07328566529093698, 0.04417810819518695, 0.04028503341837536, 0.04909781489916643, 0.06942306966280923, 0.03822518870808555, 0.04755138849322238, 0.06634407310013414, 0.04349031618134669, 0.07338092039237329], [0.46711033771034727, 1.0, 0.05382410216288668, 0.037821556743458634, 0.07792836200027627, 0.06818389092198714, 0.03864411199238338, 0.05445947500854235, 0.04217555706307458, 0.04343221537603666, 0.0739359246928011, 0.050557612724968455, 0.034863913326380724, 0.04560359311837352, 0.05726996965856288, 0.04697974059519216, 0.06722998762969265, 0.07287946445819872, 0.03741588141328388, 0.05439701034715237], [0.06800636304721536, 0.05382410216288668, 1.0, 0.40523679656065864, 0.08508429484280569, 0.08601745170785527, 0.03982694696928942, 0.06068407242160339, 0.06671807453947301, 0.051004241608315105, 0.06534241691843568, 0.039476748381295716, 0.045929446104015524, 0.05384608127885825, 0.09835513879964672, 0.08715225207078828, 0.06082463803291433, 0.050869678455169466, 0.045819805801114104, 0.08170311475787455], [0.03967974645690303, 0.037821556743458634, 0.40523679656065864, 1.0, 0.09388948470888271, 0.06784706332700995, 0.046092441590608546, 0.04596860236942644, 0.05176065597769768, 0.06025264056643924, 0.059655935280309366, 0.05575443981362335, 0.03939903379649803, 0.04421847185160812, 0.061653927073987744, 0.06692224550920457, 0.04895977331001503, 0.06093219932348571, 0.03619171916694086, 0.0646043928389837], [0.06757217144117061, 0.07792836200027627, 0.08508429484280569, 0.09388948470888271, 1.0, 1.0, 0.08874627268046066, 0.08546971015182825, 0.09506916092092665, 0.08052939500814789, 0.12158248089534855, 0.06387442723210307, 0.08292228990439708, 0.09146418573771048, 0.14766550281225974, 0.08523376984987617, 0.08494791025407886, 0.0868072096173565, 0.09316056895723292, 0.1045651762270202], [0.07575911271580608, 0.06818389092198714, 0.08601745170785527, 0.06784706332700995, 1.0, 1.0, 0.08660280866838488, 0.078310918667345, 0.07520854931450364, 0.07014691092252731, 0.10853878053452769, 0.0909552761763659, 0.07030583807636386, 0.084435909771748, 0.11676462279761761, 0.0811405993354667, 0.07073743781637325, 0.08400455840931786, 0.06380989160765645, 0.07660925397457483], [0.05238546472696166, 0.03864411199238338, 0.03982694696928942, 0.046092441590608546, 0.08874627268046066, 0.08660280866838488, 1.0, 0.5190786361944051, 0.05319289194147591, 0.04588095843093959, 0.06636900284975555, 0.06331651599408103, 0.05057101131549376, 0.04444404238962634, 0.07417842630247179, 0.0428010212531727, 0.09603821294576324, 0.06476207580513156, 0.04838764820506171, 0.0686070458243019], [0.05223664056114052, 0.05445947500854235, 0.06068407242160339, 0.04596860236942644, 0.08546971015182825, 0.078310918667345, 0.5190786361944051, 1.0, 0.05817124335166814, 0.061498569197956786, 0.08327155477667618, 0.06212617794446837, 0.07277582661346259, 0.04945843154673439, 0.06347346762624553, 0.05956848222459177, 0.06524287730375725, 0.061682646881485184, 0.06959582086876516, 0.09061673523605032], [0.04764817525639742, 0.04217555706307458, 0.06671807453947301, 0.05176065597769768, 0.09506916092092665, 0.07520854931450364, 0.05319289194147591, 0.05817124335166814, 1.0, 0.4335102419506714, 0.09389104166833785, 0.051115657350949716, 0.05822932000915796, 0.052276348776727544, 0.07376945192009851, 0.05571872633743599, 0.05626586994743889, 0.05776040843724286, 0.0592966490626451, 0.07514100441170096], [0.04723398034527501, 0.04343221537603666, 0.051004241608315105, 0.06025264056643924, 0.08052939500814789, 0.07014691092252731, 0.04588095843093959, 0.061498569197956786, 0.4335102419506714, 1.0, 0.07882468309044705, 0.049964116799133484, 0.04939902790902949, 0.06481266433856535, 0.09170849498420797, 0.07846128829365928, 0.05432904113265181, 0.05769307051575623, 0.04937548148453697, 0.06331147484913914], [0.07328566529093698, 0.0739359246928011, 0.06534241691843568, 0.059655935280309366, 0.12158248089534855, 0.10853878053452769, 0.06636900284975555, 0.08327155477667618, 0.09389104166833785, 0.07882468309044705, 1.0, 0.7793187654302272, 0.07640399060345301, 0.09012863419634545, 0.08496380871894352, 0.0642491738041797, 0.08687761776169779, 0.06363128168056023, 0.06868133026873424, 0.11977821556421488], [0.04417810819518695, 0.050557612724968455, 0.039476748381295716, 0.05575443981362335, 0.06387442723210307, 0.0909552761763659, 0.06331651599408103, 0.06212617794446837, 0.051115657350949716, 0.049964116799133484, 0.7793187654302272, 1.0, 0.04326743525054086, 0.046043529605834715, 0.07307097047118073, 0.043358733559152096, 0.07232772356318722, 0.05198199834738758, 0.04590091487949493, 0.06612887232604978], [0.04028503341837536, 0.034863913326380724, 0.045929446104015524, 0.03939903379649803, 0.08292228990439708, 0.07030583807636386, 0.05057101131549376, 0.07277582661346259, 0.05822932000915796, 0.04939902790902949, 0.07640399060345301, 0.04326743525054086, 1.0, 0.35582813942084823, 0.06156246548011607, 0.040267001896059244, 0.0430108715602373, 0.05294028044441262, 0.04310364058608866, 0.06574229332207257], [0.04909781489916643, 0.04560359311837352, 0.05384608127885825, 0.04421847185160812, 0.09146418573771048, 0.084435909771748, 0.04444404238962634, 0.04945843154673439, 0.052276348776727544, 0.06481266433856535, 0.09012863419634545, 0.046043529605834715, 0.35582813942084823, 1.0, 0.06508320041759814, 0.05472161914510571, 0.05501922953017339, 0.0817471419835897, 0.036059060241902835, 0.053459152706436176], [0.06942306966280923, 0.05726996965856288, 0.09835513879964672, 0.061653927073987744, 0.14766550281225974, 0.11676462279761761, 0.07417842630247179, 0.06347346762624553, 0.07376945192009851, 0.09170849498420797, 0.08496380871894352, 0.07307097047118073, 0.06156246548011607, 0.06508320041759814, 1.0, 0.6373794237242757, 0.0829628927392279, 0.09938915766000501, 0.05854050491886958, 0.09291461650906527], [0.03822518870808555, 0.04697974059519216, 0.08715225207078828, 0.06692224550920457, 0.08523376984987617, 0.0811405993354667, 0.0428010212531727, 0.05956848222459177, 0.05571872633743599, 0.07846128829365928, 0.0642491738041797, 0.043358733559152096, 0.040267001896059244, 0.05472161914510571, 0.6373794237242757, 1.0, 0.052293806500839736, 0.07066144347629112, 0.04903052297352781, 0.06555718303175634], [0.04755138849322238, 0.06722998762969265, 0.06082463803291433, 0.04895977331001503, 0.08494791025407886, 0.07073743781637325, 0.09603821294576324, 0.06524287730375725, 0.05626586994743889, 0.05432904113265181, 0.08687761776169779, 0.07232772356318722, 0.0430108715602373, 0.05501922953017339, 0.0829628927392279, 0.052293806500839736, 1.0, 0.6546334046281244, 0.044536275563848385, 0.08432175497636439], [0.06634407310013414, 0.07287946445819872, 0.050869678455169466, 0.06093219932348571, 0.0868072096173565, 0.08400455840931786, 0.06476207580513156, 0.061682646881485184, 0.05776040843724286, 0.05769307051575623, 0.06363128168056023, 0.05198199834738758, 0.05294028044441262, 0.0817471419835897, 0.09938915766000501, 0.07066144347629112, 0.6546334046281244, 1.0, 0.059497807304332004, 0.07384952839169151], [0.04349031618134669, 0.03741588141328388, 0.045819805801114104, 0.03619171916694086, 0.09316056895723292, 0.06380989160765645, 0.04838764820506171, 0.06959582086876516, 0.0592966490626451, 0.04937548148453697, 0.06868133026873424, 0.04590091487949493, 0.04310364058608866, 0.036059060241902835, 0.05854050491886958, 0.04903052297352781, 0.044536275563848385, 0.059497807304332004, 1.0, 0.6484706969283531], [0.07338092039237329, 0.05439701034715237, 0.08170311475787455, 0.0646043928389837, 0.1045651762270202, 0.07660925397457483, 0.0686070458243019, 0.09061673523605032, 0.07514100441170096, 0.06331147484913914, 0.11977821556421488, 0.06612887232604978, 0.06574229332207257, 0.053459152706436176, 0.09291461650906527, 0.06555718303175634, 0.08432175497636439, 0.07384952839169151, 0.6484706969283531, 1.0]], "meta_info": {"source": "pretrained"}}