{"model": "LSING", "dataset": "dim20_pair_gau", "N": 500, "seed": 1230, "metrics": {"TP": 10, "FP": 0, "FN": 0, "TN": 180, "TPR": 1.0, "FDR": 0.0, "FPR": 0.0, "Hamming": 0}, "omega": [[1.0, 0.7177080262163527, 0.13492103163441396, 0.09529118596387381, 0.09185872715379138, 0.05846205006067973, 0.07464842107041823, 0.07459831452318312, 0.12954366629238404, 0.09435489984079809, 0.09048607310391389, 0.06855717201459702, 0.09891937301444753, 0.10487477722840316, 0.1271822544184367, 0.11410698724784402, 0.06702848694736359, 0.05573783566120945, 0.08674308931488955, 0.09296817547944138], [0.7177080262163527, 1.0, 0.13079732427919527, 0.05102908369566077, 0.09833422103084367, 0.0642088147656761, 0.08910517925841581, 0.08130083668549752, 0.08639328925157404, 0.11795803414726629, 0.10396665820388765, 0.0693779200823723, 0.09758238160016748, 0.07040929185837355, 0.12098409247002821, 0.1044684296922862, 0.06403009857019512, 0.09935354052456805, 0.09853239532276606, 0.05605242905762484], [0.13492103163441396, 0.13079732427919527, 1.0, 0.6925849393786381, 0.13844619917672882, 0.08097969204850838, 0.09788634210073474, 0.0959885944990242, 0.14562903582306597, 0.11313801846523784, 0.08647360446043995, 0.12009804527219649, 0.13467433197702944, 0.12904170359130596, 0.1271769004634101, 0.0907748630846613, 0.09747001620448033, 0.09607442839999443, 0.07871883892272118, 0.07907421945454518], [0.09529118596387381, 0.05102908369566077, 0.6925849393786381, 1.0, 0.06933665197353137, 0.04673833000187894, 0.05675909522819757, 0.05194223308451445, 0.08288009750646429, 0.09794099656800892, 0.05370781889474035, 0.056289471003826794, 0.13844333687000304, 0.06483013536304474, 0.0858739026627913, 0.09137446780510343, 0.08038012704146894, 0.052689509886483916, 0.03799168693168062, 0.04877035303061625], [0.09185872715379138, 0.09833422103084367, 0.13844619917672882, 0.06933665197353137, 1.0, 0.5163485546627747, 0.06703757249137436, 0.05989675409592857, 0.149426131329528, 0.08289320587107883, 0.10507943363016131, 0.07288663745078126, 0.12155288841519919, 0.09134741562355149, 0.09941697900816607, 0.09260933693985157, 0.06448446696447364, 0.0568588935382399, 0.07090559760587134, 0.07186937717052867], [0.05846205006067973, 0.0642088147656761, 0.08097969204850838, 0.04673833000187894, 0.5163485546627747, 1.0, 0.07489316741673811, 0.07361896436294572, 0.1360891160636725, 0.06671915778310208, 0.09597485071996692, 0.03978944206893578, 0.08008050559786004, 0.05027579104862022, 0.0900650536718106, 0.08107329065513394, 0.08762313978891814, 0.07492017547228708, 0.08399562786618982, 0.05555693081598134], [0.07464842107041823, 0.08910517925841581, 0.09788634210073474, 0.05675909522819757, 0.06703757249137436, 0.07489316741673811, 1.0, 0.434232063521111, 0.11603455226062573, 0.09588319218660513, 0.049238163676265094, 0.06568287625383744, 0.07732602370208834, 0.06918762228197942, 0.13002090372313327, 0.089822959298269, 0.07127452923320633, 0.06024668212465269, 0.054706034392112655, 0.08708312282288184], [0.07459831452318312, 0.08130083668549752, 0.0959885944990242, 0.05194223308451445, 0.05989675409592857, 0.07361896436294572, 0.434232063521111, 1.0, 0.1375556217092592, 0.10002864483608567, 0.058732886641686875, 0.05691157704404825, 0.07628760500341335, 0.07065717703437112, 0.08487713155658276, 0.0637633509987962, 0.046870850684854394, 0.062092087461644505, 0.044115745141574104, 0.07739556187016308], [0.12954366629238404, 0.08639328925157404, 0.14562903582306597, 0.08288009750646429, 0.149426131329528, 0.1360891160636725, 0.11603455226062573, 0.1375556217092592, 1.0, 1.0, 0.09092330884210732, 0.09937612127115271, 0.12027632903284839, 0.08057931181885924, 0.1315162515951256, 0.11134002504756665, 0.0723891138256016, 0.08183041049749844, 0.09917004254123228, 0.08641966630528058], [0.09435489984079809, 0.11795803414726629, 0.11313801846523784, 0.09794099656800892, 0.08289320587107883, 0.06671915778310208, 0.09588319218660513, 0.10002864483608567, 1.0, 1.0, 0.0875821026061594, 0.06587711891889551, 0.08267496160214056, 0.07206825600763175, 0.12239497140540873, 0.11266571137988671, 0.07922860898459078, 0.0898646171868028, 0.05882432748676738, 0.07479803616694286], [0.09048607310391389, 0.10396665820388765, 0.08647360446043995, 0.05370781889474035, 0.10507943363016131, 0.09597485071996692, 0.049238163676265094, 0.058732886641686875, 0.09092330884210732, 0.0875821026061594, 1.0, 0.6423325527619913, 0.14151130312864893, 0.11201299954400777, 0.16512935790758684, 0.10985739723136277, 0.06682460127979058, 0.07285262218596124, 0.10830554012910491, 0.06876574974715212], [0.06855717201459702, 0.0693779200823723, 0.12009804527219649, 0.056289471003826794, 0.07288663745078126, 0.03978944206893578, 0.06568287625383744, 0.05691157704404825, 0.09937612127115271, 0.06587711891889551, 0.6423325527619913, 1.0, 0.11607761335605388, 0.07446589827174803, 0.11611455858747087, 0.07444996290121009, 0.060471012840266784, 0.05406146380378101, 0.05876138762700287, 0.06825666658006203], [0.09891937301444753, 0.09758238160016748, 0.13467433197702944, 0.13844333687000304, 0.12155288841519919, 0.08008050559786004, 0.07732602370208834, 0.07628760500341335, 0.12027632903284839, 0.08267496160214056, 0.14151130312864893, 0.11607761335605388, 1.0, 0.7984989251611694, 0.1144408945957578, 0.1399817252452888, 0.10763117566357036, 0.0817368795507441, 0.08110575562638309, 0.08949530019237525], [0.10487477722840316, 0.07040929185837355, 0.12904170359130596, 0.06483013536304474, 0.09134741562355149, 0.05027579104862022, 0.06918762228197942, 0.07065717703437112, 0.08057931181885924, 0.07206825600763175, 0.11201299954400777, 0.07446589827174803, 0.7984989251611694, 1.0, 0.13167806164800336, 0.10101365783337042, 0.057803593019214554, 0.04948849931629406, 0.05479458939659915, 0.06379902245959423], [0.1271822544184367, 0.12098409247002821, 0.1271769004634101, 0.0858739026627913, 0.09941697900816607, 0.0900650536718106, 0.13002090372313327, 0.08487713155658276, 0.1315162515951256, 0.12239497140540873, 0.16512935790758684, 0.11611455858747087, 0.1144408945957578, 0.13167806164800336, 1.0, 0.8287158707135883, 0.09324083887697134, 0.07074129149209243, 0.11380305616461206, 0.07674240877425448], [0.11410698724784402, 0.1044684296922862, 0.0907748630846613, 0.09137446780510343, 0.09260933693985157, 0.08107329065513394, 0.089822959298269, 0.0637633509987962, 0.11134002504756665, 0.11266571137988671, 0.10985739723136277, 0.07444996290121009, 0.1399817252452888, 0.10101365783337042, 0.8287158707135883, 1.0, 0.06987428319367395, 0.054349865475702315, 0.07563025405375587, 0.06866270670502499], [0.06702848694736359, 0.06403009857019512, 0.09747001620448033, 0.08038012704146894, 0.06448446696447364, 0.08762313978891814, 0.07127452923320633, 0.046870850684854394, 0.0723891138256016, 0.07922860898459078, 0.06682460127979058, 0.060471012840266784, 0.10763117566357036, 0.057803593019214554, 0.09324083887697134, 0.06987428319367395, 1.0, 0.5918137392229004, 0.05469585599409507, 0.06479173985699692], [0.05573783566120945, 0.09935354052456805, 0.09607442839999443, 0.052689509886483916, 0.0568588935382399, 0.07492017547228708, 0.06024668212465269, 0.062092087461644505, 0.08183041049749844, 0.0898646171868028, 0.07285262218596124, 0.05406146380378101, 0.0817368795507441, 0.04948849931629406, 0.07074129149209243, 0.054349865475702315, 0.5918137392229004, 1.0, 0.055673870607309356, 0.04298491776748689], [0.08674308931488955, 0.09853239532276606, 0.07871883892272118, 0.03799168693168062, 0.07090559760587134, 0.08399562786618982, 0.054706034392112655, 0.044115745141574104, 0.09917004254123228, 0.05882432748676738, 0.10830554012910491, 0.05876138762700287, 0.08110575562638309, 0.05479458939659915, 0.11380305616461206, 0.07563025405375587, 0.05469585599409507, 0.055673870607309356, 1.0, 0.36982693805170447], [0.09296817547944138, 0.05605242905762484, 0.07907421945454518, 0.04877035303061625, 0.07186937717052867, 0.05555693081598134, 0.08708312282288184, 0.07739556187016308, 0.08641966630528058, 0.07479803616694286, 0.06876574974715212, 0.06825666658006203, 0.08949530019237525, 0.06379902245959423, 0.07674240877425448, 0.06866270670502499, 0.06479173985699692, 0.04298491776748689, 0.36982693805170447, 1.0]], "meta_info": {"source": "pretrained"}}