{"model": "LSING", "dataset": "dim20_pair_gau", "N": 500, "seed": 12340, "metrics": {"TP": 10, "FP": 0, "FN": 0, "TN": 180, "TPR": 1.0, "FDR": 0.0, "FPR": 0.0, "Hamming": 0}, "omega": [[1.0, 0.8246920903948305, 0.06175411349291, 0.07198376822701802, 0.10417848486737431, 0.07359878702764672, 0.07595080783933426, 0.05879199951419921, 0.0489875326081131, 0.0678057980278604, 0.03991788684245816, 0.052396930645266286, 0.05399942201896693, 0.0768149328999156, 0.047715952771054185, 0.05684434546968909, 0.06406383806548235, 0.06276692591376898, 0.050723108844449666, 0.062066248265366844], [0.8246920903948305, 1.0, 0.1070466589579527, 0.11954945081738513, 0.16952786925518135, 0.13726292196755763, 0.09404164292675656, 0.11298989226125318, 0.10800943067689393, 0.13393459711311959, 0.09953489950801168, 0.12581204725010758, 0.13525722254897743, 0.15187754990786576, 0.08343661104722963, 0.1341933458402502, 0.1255982514851772, 0.10622924938257065, 0.10854959222175886, 0.11558450150559142], [0.06175411349291, 0.1070466589579527, 1.0, 0.662577329618368, 0.07572404761077788, 0.07259064831173874, 0.09831605734933563, 0.06934969916923923, 0.06993628004943575, 0.08648549118669495, 0.05633074540519167, 0.077711479182907, 0.07845737144047986, 0.09643996518887692, 0.07932543126896366, 0.05854262694938494, 0.08123967644563114, 0.060774041446260245, 0.07795156471788936, 0.06588586993649857], [0.07198376822701802, 0.11954945081738513, 0.662577329618368, 1.0, 0.17494136232619453, 0.13472978250983736, 0.07380916988099491, 0.07389075198144388, 0.05104469309787943, 0.06645984575824831, 0.07492066058786956, 0.08087513608517707, 0.11356234132980146, 0.11111428026611395, 0.08383321897539736, 0.07032001552170336, 0.11708447183309982, 0.05654455842157066, 0.09575609188903592, 0.08226367930615133], [0.10417848486737431, 0.16952786925518135, 0.07572404761077788, 0.17494136232619453, 1.0, 1.0, 0.10585096105519981, 0.10126969224105749, 0.10971882208949085, 0.08352997157421309, 0.10940353461480161, 0.07681695994512659, 0.10639326034207093, 0.13221528036709243, 0.11266027170801532, 0.07694990248331153, 0.15870773768873372, 0.0919117014505708, 0.12411904902654676, 0.13268943068149433], [0.07359878702764672, 0.13726292196755763, 0.07259064831173874, 0.13472978250983736, 1.0, 1.0, 0.09061712687014328, 0.11884723922767795, 0.07403652097166599, 0.07499410287981882, 0.06577147845604596, 0.06740240740514981, 0.07972486412184031, 0.0936246236596487, 0.07130244814157045, 0.046163473346856936, 0.09548504287905056, 0.05034643208990259, 0.06080447875208081, 0.06798729476814168], [0.07595080783933426, 0.09404164292675656, 0.09831605734933563, 0.07380916988099491, 0.10585096105519981, 0.09061712687014328, 1.0, 0.6074861856150061, 0.05256225415248118, 0.04229329630559078, 0.07223275550948013, 0.09226030434775608, 0.05901474734333442, 0.10809913820963546, 0.08348763220647638, 0.057308425250968326, 0.07879933540519397, 0.0650740023889806, 0.06405241473126498, 0.07842800084923131], [0.05879199951419921, 0.11298989226125318, 0.06934969916923923, 0.07389075198144388, 0.10126969224105749, 0.11884723922767795, 0.6074861856150061, 1.0, 0.06113325110909563, 0.06465997624820556, 0.05744991731955732, 0.057355741661627324, 0.048260532124382485, 0.09380464827631577, 0.06591707493178202, 0.05529823614288892, 0.08031679295110411, 0.052141683962202305, 0.06340061474962053, 0.06504084222952201], [0.0489875326081131, 0.10800943067689393, 0.06993628004943575, 0.05104469309787943, 0.10971882208949085, 0.07403652097166599, 0.05256225415248118, 0.06113325110909563, 1.0, 0.4891193273499176, 0.053411300009361784, 0.05498714939593478, 0.052512870443231115, 0.09821206274190844, 0.05011303436649576, 0.07026515879038363, 0.08276704782400578, 0.0481084864821099, 0.04373498117636938, 0.053254413898135025], [0.0678057980278604, 0.13393459711311959, 0.08648549118669495, 0.06645984575824831, 0.08352997157421309, 0.07499410287981882, 0.04229329630559078, 0.06465997624820556, 0.4891193273499176, 1.0, 0.04214758482019735, 0.05273795584365219, 0.05282764037446224, 0.08509302469878395, 0.052044033574999295, 0.058658286411309955, 0.059104742400219346, 0.04313368768575497, 0.0469886848898702, 0.04899240614234377], [0.03991788684245816, 0.09953489950801168, 0.05633074540519167, 0.07492066058786956, 0.10940353461480161, 0.06577147845604596, 0.07223275550948013, 0.05744991731955732, 0.053411300009361784, 0.04214758482019735, 1.0, 0.43460488777242623, 0.045082248868937524, 0.08494251587305786, 0.04273956684142768, 0.05423627146971531, 0.0722400629355847, 0.03656674263437901, 0.04708191603098912, 0.11931358901206934], [0.052396930645266286, 0.12581204725010758, 0.077711479182907, 0.08087513608517707, 0.07681695994512659, 0.06740240740514981, 0.09226030434775608, 0.057355741661627324, 0.05498714939593478, 0.05273795584365219, 0.43460488777242623, 1.0, 0.061492788549454495, 0.10801607535984796, 0.06333298619585087, 0.06348657296753209, 0.0634310606811654, 0.04049796536415163, 0.06258210539438996, 0.08976174541876282], [0.05399942201896693, 0.13525722254897743, 0.07845737144047986, 0.11356234132980146, 0.10639326034207093, 0.07972486412184031, 0.05901474734333442, 0.048260532124382485, 0.052512870443231115, 0.05282764037446224, 0.045082248868937524, 0.061492788549454495, 1.0, 0.7580160926112965, 0.06663515354134286, 0.04209861227047235, 0.087041237977753, 0.052345475324563004, 0.049380126699238934, 0.05631475187471492], [0.0768149328999156, 0.15187754990786576, 0.09643996518887692, 0.11111428026611395, 0.13221528036709243, 0.0936246236596487, 0.10809913820963546, 0.09380464827631577, 0.09821206274190844, 0.08509302469878395, 0.08494251587305786, 0.10801607535984796, 0.7580160926112965, 1.0, 0.09532758028191628, 0.08861009333953772, 0.12031363248571983, 0.11479535986636798, 0.08528423975511223, 0.11866154751014443], [0.047715952771054185, 0.08343661104722963, 0.07932543126896366, 0.08383321897539736, 0.11266027170801532, 0.07130244814157045, 0.08348763220647638, 0.06591707493178202, 0.05011303436649576, 0.052044033574999295, 0.04273956684142768, 0.06333298619585087, 0.06663515354134286, 0.09532758028191628, 1.0, 0.4017686645147593, 0.05179857852663888, 0.04353124731883736, 0.05100792451042114, 0.08324553687773162], [0.05684434546968909, 0.1341933458402502, 0.05854262694938494, 0.07032001552170336, 0.07694990248331153, 0.046163473346856936, 0.057308425250968326, 0.05529823614288892, 0.07026515879038363, 0.058658286411309955, 0.05423627146971531, 0.06348657296753209, 0.04209861227047235, 0.08861009333953772, 0.4017686645147593, 1.0, 0.07389011655308696, 0.056108881712797425, 0.041869605040735274, 0.06695834361711353], [0.06406383806548235, 0.1255982514851772, 0.08123967644563114, 0.11708447183309982, 0.15870773768873372, 0.09548504287905056, 0.07879933540519397, 0.08031679295110411, 0.08276704782400578, 0.059104742400219346, 0.0722400629355847, 0.0634310606811654, 0.087041237977753, 0.12031363248571983, 0.05179857852663888, 0.07389011655308696, 1.0, 0.6347450385408863, 0.06798541867310598, 0.09388238042848458], [0.06276692591376898, 0.10622924938257065, 0.060774041446260245, 0.05654455842157066, 0.0919117014505708, 0.05034643208990259, 0.0650740023889806, 0.052141683962202305, 0.0481084864821099, 0.04313368768575497, 0.03656674263437901, 0.04049796536415163, 0.052345475324563004, 0.11479535986636798, 0.04353124731883736, 0.056108881712797425, 0.6347450385408863, 1.0, 0.04494112914411423, 0.05782746527225891], [0.050723108844449666, 0.10854959222175886, 0.07795156471788936, 0.09575609188903592, 0.12411904902654676, 0.06080447875208081, 0.06405241473126498, 0.06340061474962053, 0.04373498117636938, 0.0469886848898702, 0.04708191603098912, 0.06258210539438996, 0.049380126699238934, 0.08528423975511223, 0.05100792451042114, 0.041869605040735274, 0.06798541867310598, 0.04494112914411423, 1.0, 0.5555302738770974], [0.062066248265366844, 0.11558450150559142, 0.06588586993649857, 0.08226367930615133, 0.13268943068149433, 0.06798729476814168, 0.07842800084923131, 0.06504084222952201, 0.053254413898135025, 0.04899240614234377, 0.11931358901206934, 0.08976174541876282, 0.05631475187471492, 0.11866154751014443, 0.08324553687773162, 0.06695834361711353, 0.09388238042848458, 0.05782746527225891, 0.5555302738770974, 1.0]], "meta_info": {"source": "pretrained"}}