{"model": "LSING", "dataset": "dim20_pair_gau", "N": 500, "seed": 1234560, "metrics": {"TP": 10, "FP": 3, "FN": 0, "TN": 177, "TPR": 1.0, "FDR": 0.23076923076923078, "FPR": 0.016666666666666666, "Hamming": 3}, "omega": [[1.0, 0.663971663337717, 0.0386251337469016, 0.08847753335486709, 0.03552613354666253, 0.04419762663258409, 0.06453499565050946, 0.08554378335979343, 0.08650397867845347, 0.048573507706072806, 0.09328531910219691, 0.08072581424930136, 0.09994521836504829, 0.06816835922845388, 0.05772713731719277, 0.0856935577547721, 0.05352555186000174, 0.09024561219194079, 0.10724262383037089, 0.06523684127272145], [0.663971663337717, 1.0, 0.04756363812411464, 0.103202096123498, 0.07784922841824796, 0.05597204328041368, 0.07723334752210768, 0.12207047788896952, 0.0786533817484655, 0.06601542737678887, 0.09829044547064791, 0.1095292443785271, 0.21188607412063115, 0.16041357330420752, 0.061863462195549834, 0.1097064983326818, 0.07009928077247686, 0.1273377330680971, 0.1377505964387031, 0.08693076889480182], [0.0386251337469016, 0.04756363812411464, 1.0, 0.7958348519523902, 0.03362891697766527, 0.04030764938879036, 0.06299519049678022, 0.09144724398377162, 0.05586543936063002, 0.02782806183564859, 0.07903292460143437, 0.05560923903539945, 0.10836247154124533, 0.04669362698004666, 0.04682559398632792, 0.05331256165692348, 0.038746404510232466, 0.06947650974128777, 0.1297989588162389, 0.03839978887708426], [0.08847753335486709, 0.103202096123498, 0.7958348519523902, 1.0, 0.08751796563910572, 0.10617520289389451, 0.10778035129458147, 0.20247342756320716, 0.09095024828510545, 0.07215687518865203, 0.15114852140266252, 0.143149196082527, 0.1772603988941448, 0.14222629421030522, 0.10045868526559534, 0.1405580126696424, 0.16120455878328502, 0.17319326892247033, 0.12497922162016134, 0.11440558393280433], [0.03552613354666253, 0.07784922841824796, 0.03362891697766527, 0.08751796563910572, 1.0, 0.2688457138285186, 0.04749059155770716, 0.075176439757491, 0.05043049653201485, 0.022924381064769753, 0.06849010356608556, 0.08789928079542149, 0.06765956898176465, 0.0434156696935932, 0.04425066582593972, 0.12068433464091585, 0.03584806684000564, 0.0787295174033339, 0.07344713227045566, 0.04184437895089522], [0.04419762663258409, 0.05597204328041368, 0.04030764938879036, 0.10617520289389451, 0.2688457138285186, 1.0, 0.054951281751375425, 0.06169837226531822, 0.045110022061119186, 0.05094116579141481, 0.07752270029561852, 0.053399252681510995, 0.08347124035360848, 0.049189969809736174, 0.04051091849535755, 0.13697365441803558, 0.03826408324708405, 0.05431511342282528, 0.07324906113305726, 0.04917532911630974], [0.06453499565050946, 0.07723334752210768, 0.06299519049678022, 0.10778035129458147, 0.04749059155770716, 0.054951281751375425, 1.0, 0.8278534107504678, 0.0857743801861257, 0.04451726208950789, 0.08877338738582419, 0.06204467072280796, 0.10166266044566878, 0.08395217903456481, 0.07169118371521373, 0.08978349738018304, 0.05436433975986105, 0.10997482556553499, 0.1478141616799005, 0.07435947118098778], [0.08554378335979343, 0.12207047788896952, 0.09144724398377162, 0.20247342756320716, 0.075176439757491, 0.06169837226531822, 0.8278534107504678, 1.0, 0.14684336459614578, 0.10468693034914318, 0.12348520954567543, 0.08785536630711274, 0.1181780813372277, 0.07961789268060616, 0.11221657588064564, 0.12129628584874505, 0.08526811216076309, 0.07643644874152528, 0.23885908352484894, 0.09095136514832834], [0.08650397867845347, 0.0786533817484655, 0.05586543936063002, 0.09095024828510545, 0.05043049653201485, 0.045110022061119186, 0.0857743801861257, 0.14684336459614578, 1.0, 0.42076615980286847, 0.07447370503117257, 0.08561106846410697, 0.14138548684628005, 0.07565063255083894, 0.06602885757268896, 0.11591980077157635, 0.07300422008287166, 0.07387574793394476, 0.10156007099120065, 0.07539755674326518], [0.048573507706072806, 0.06601542737678887, 0.02782806183564859, 0.07215687518865203, 0.022924381064769753, 0.05094116579141481, 0.04451726208950789, 0.10468693034914318, 0.42076615980286847, 1.0, 0.06421605190645785, 0.05519762516817733, 0.05947720968723025, 0.058116713381017475, 0.0376924129261039, 0.05993689591196478, 0.02871908417998539, 0.05035504541982423, 0.07141765345187803, 0.0484401505256289], [0.09328531910219691, 0.09829044547064791, 0.07903292460143437, 0.15114852140266252, 0.06849010356608556, 0.07752270029561852, 0.08877338738582419, 0.12348520954567543, 0.07447370503117257, 0.06421605190645785, 1.0, 0.7609357443146331, 0.11076228499606891, 0.09489570764966683, 0.08009103440780929, 0.08712739755779601, 0.07922547384558723, 0.07278603359772916, 0.13918993620261322, 0.0774836564781927], [0.08072581424930136, 0.1095292443785271, 0.05560923903539945, 0.143149196082527, 0.08789928079542149, 0.053399252681510995, 0.06204467072280796, 0.08785536630711274, 0.08561106846410697, 0.05519762516817733, 0.7609357443146331, 1.0, 0.10091830316259494, 0.08924033406505982, 0.07791319161367044, 0.08631780668956127, 0.051581082866311294, 0.05898716485937727, 0.10532380894871575, 0.09691430464379176], [0.09994521836504829, 0.21188607412063115, 0.10836247154124533, 0.1772603988941448, 0.06765956898176465, 0.08347124035360848, 0.10166266044566878, 0.1181780813372277, 0.14138548684628005, 0.05947720968723025, 0.11076228499606891, 0.10091830316259494, 1.0, 0.6899589582796046, 0.09329441259580931, 0.09139644695238462, 0.06022429670549238, 0.10773310561830655, 0.1618666697187513, 0.09503539315933895], [0.06816835922845388, 0.16041357330420752, 0.04669362698004666, 0.14222629421030522, 0.0434156696935932, 0.049189969809736174, 0.08395217903456481, 0.07961789268060616, 0.07565063255083894, 0.058116713381017475, 0.09489570764966683, 0.08924033406505982, 0.6899589582796046, 1.0, 0.08064174582876218, 0.09277696412848578, 0.05368485164736178, 0.07772889568505596, 0.09775281248429306, 0.07711056511308541], [0.05772713731719277, 0.061863462195549834, 0.04682559398632792, 0.10045868526559534, 0.04425066582593972, 0.04051091849535755, 0.07169118371521373, 0.11221657588064564, 0.06602885757268896, 0.0376924129261039, 0.08009103440780929, 0.07791319161367044, 0.09329441259580931, 0.08064174582876218, 1.0, 0.823436732957909, 0.04488574259783546, 0.06884620410110556, 0.07642485495894559, 0.06377517436698082], [0.0856935577547721, 0.1097064983326818, 0.05331256165692348, 0.1405580126696424, 0.12068433464091585, 0.13697365441803558, 0.08978349738018304, 0.12129628584874505, 0.11591980077157635, 0.05993689591196478, 0.08712739755779601, 0.08631780668956127, 0.09139644695238462, 0.09277696412848578, 0.823436732957909, 1.0, 0.07018827216414053, 0.1045024994521634, 0.11498830647579836, 0.09438612108962229], [0.05352555186000174, 0.07009928077247686, 0.038746404510232466, 0.16120455878328502, 0.03584806684000564, 0.03826408324708405, 0.05436433975986105, 0.08526811216076309, 0.07300422008287166, 0.02871908417998539, 0.07922547384558723, 0.051581082866311294, 0.06022429670549238, 0.05368485164736178, 0.04488574259783546, 0.07018827216414053, 1.0, 0.5940005940767568, 0.07214028082813781, 0.05564128558663649], [0.09024561219194079, 0.1273377330680971, 0.06947650974128777, 0.17319326892247033, 0.0787295174033339, 0.05431511342282528, 0.10997482556553499, 0.07643644874152528, 0.07387574793394476, 0.05035504541982423, 0.07278603359772916, 0.05898716485937727, 0.10773310561830655, 0.07772889568505596, 0.06884620410110556, 0.1045024994521634, 0.5940005940767568, 1.0, 0.1036048923387043, 0.11083898076965333], [0.10724262383037089, 0.1377505964387031, 0.1297989588162389, 0.12497922162016134, 0.07344713227045566, 0.07324906113305726, 0.1478141616799005, 0.23885908352484894, 0.10156007099120065, 0.07141765345187803, 0.13918993620261322, 0.10532380894871575, 0.1618666697187513, 0.09775281248429306, 0.07642485495894559, 0.11498830647579836, 0.07214028082813781, 0.1036048923387043, 1.0, 1.0], [0.06523684127272145, 0.08693076889480182, 0.03839978887708426, 0.11440558393280433, 0.04184437895089522, 0.04917532911630974, 0.07435947118098778, 0.09095136514832834, 0.07539755674326518, 0.0484401505256289, 0.0774836564781927, 0.09691430464379176, 0.09503539315933895, 0.07711056511308541, 0.06377517436698082, 0.09438612108962229, 0.05564128558663649, 0.11083898076965333, 1.0, 1.0]], "meta_info": {"source": "pretrained"}}