{"model": "LSING", "dataset": "dim20_cop_gau", "N": 5000, "seed": 123450, "metrics": {"TP": 19, "FP": 0, "FN": 0, "TN": 171, "TPR": 1.0, "FDR": 0.0, "FPR": 0.0, "Hamming": 0}, "omega": [[1.0, 0.8314010070132548, 0.07752920547002533, 0.0912649201531338, 0.07302207289170351, 0.05843266316137693, 0.062000184185771946, 0.08701360910914527, 0.08517090512333458, 0.08463893801328441, 0.059345764057562055, 0.07299554858450491, 0.04786501985149719, 0.07002947040598453, 0.05937411056726215, 0.06318273901140914, 0.052665842676250116, 0.06963739316774795, 0.05338373415782605, 0.0645079408991618], [0.8314010070132548, 1.0, 0.6366641229538713, 0.07018869132118935, 0.060382668940556994, 0.05893423293082177, 0.09179812765758338, 0.08814725110583806, 0.07460876083841952, 0.09435553597677453, 0.07593572350611744, 0.07544899752109482, 0.06942743722109723, 0.07169561866627662, 0.07527135666374951, 0.09145790982480813, 0.06886300829007957, 0.08944903735021018, 0.06233292040996199, 0.06459206591464711], [0.07752920547002533, 0.6366641229538713, 1.0, 0.6385839736703067, 0.07825092050572657, 0.06176690131721081, 0.06672322046160607, 0.0885513961701917, 0.07056856935728584, 0.0627560194514589, 0.05769658036606424, 0.0714856524825332, 0.05595812240145051, 0.06018087366297427, 0.07701703007253813, 0.06434344446884967, 0.059677251356442085, 0.06906099707535816, 0.0585446535432052, 0.05510027791932265], [0.0912649201531338, 0.07018869132118935, 0.6385839736703067, 1.0, 0.6049454057210989, 0.09146357093707398, 0.09627080730040659, 0.0999177715765565, 0.0757692069561782, 0.08326503145080569, 0.06935665966831711, 0.08449539520555727, 0.101345678803054, 0.10101778813607766, 0.06967241938043804, 0.07843659406848107, 0.06811016225546247, 0.08638394601104722, 0.0691617215366646, 0.06560959198115152], [0.07302207289170351, 0.060382668940556994, 0.07825092050572657, 0.6049454057210989, 1.0, 0.5330225952564206, 0.09616651179992823, 0.08363809158316066, 0.07349323849581456, 0.05986210253941594, 0.06813459819574927, 0.07802899057297527, 0.057185541285867295, 0.07429079673900278, 0.04758224746443593, 0.06686515263341429, 0.06060661216820695, 0.06427229326218581, 0.06743676800351085, 0.056163995454294055], [0.05843266316137693, 0.05893423293082177, 0.06176690131721081, 0.09146357093707398, 0.5330225952564206, 1.0, 0.8101225137036453, 0.11205558528407276, 0.06176620007636052, 0.0716032237860678, 0.05408399907194612, 0.07098038371025762, 0.06415470489683003, 0.05988504215798569, 0.05540583125001672, 0.06223479787638473, 0.06588445450791605, 0.0573836290297087, 0.05960157194243838, 0.05629844601751706], [0.062000184185771946, 0.09179812765758338, 0.06672322046160607, 0.09627080730040659, 0.09616651179992823, 0.8101225137036453, 1.0, 1.0, 0.08159838157297106, 0.1042501501576758, 0.08404356576338383, 0.11116396863311116, 0.09775124446193759, 0.08036726197954143, 0.07180730705387009, 0.08571208561681923, 0.09099314581600193, 0.14899929757164695, 0.10238219467652616, 0.07780534933956011], [0.08701360910914527, 0.08814725110583806, 0.0885513961701917, 0.0999177715765565, 0.08363809158316066, 0.11205558528407276, 1.0, 1.0, 0.890677595623045, 0.09020010895542507, 0.08165346736881657, 0.08200596459429146, 0.08777974289009342, 0.07075845889605267, 0.06640032208350552, 0.08600346398648114, 0.09531663177592484, 0.09626956861218929, 0.09667362666125492, 0.07425032951154], [0.08517090512333458, 0.07460876083841952, 0.07056856935728584, 0.0757692069561782, 0.07349323849581456, 0.06176620007636052, 0.08159838157297106, 0.890677595623045, 1.0, 0.9574693841315891, 0.07842347011563329, 0.08150156597489581, 0.057696711742087285, 0.07217162300287289, 0.07336675580308026, 0.07874844832973506, 0.09152622876915695, 0.061247138527847106, 0.09284842095165434, 0.05759727544827956], [0.08463893801328441, 0.09435553597677453, 0.0627560194514589, 0.08326503145080569, 0.05986210253941594, 0.0716032237860678, 0.1042501501576758, 0.09020010895542507, 0.9574693841315891, 1.0, 0.6583654764394813, 0.07717553097888936, 0.0700524697409284, 0.05860148305717479, 0.07812004268785762, 0.07188292333913544, 0.05997980692515571, 0.06777581880771776, 0.06434401092131269, 0.06360151799978456], [0.059345764057562055, 0.07593572350611744, 0.05769658036606424, 0.06935665966831711, 0.06813459819574927, 0.05408399907194612, 0.08404356576338383, 0.08165346736881657, 0.07842347011563329, 0.6583654764394813, 1.0, 0.7379441308072229, 0.08599182441207558, 0.08564412326453297, 0.06216621276762559, 0.07774421342192596, 0.06409037671245404, 0.05789573959227543, 0.05743630057785795, 0.06199249271678627], [0.07299554858450491, 0.07544899752109482, 0.0714856524825332, 0.08449539520555727, 0.07802899057297527, 0.07098038371025762, 0.11116396863311116, 0.08200596459429146, 0.08150156597489581, 0.07717553097888936, 0.7379441308072229, 1.0, 0.946039765672675, 0.06379208659903415, 0.051948396508206846, 0.06353493594883135, 0.08314351033566908, 0.08715462506115638, 0.09803750769761124, 0.07786182567383138], [0.04786501985149719, 0.06942743722109723, 0.05595812240145051, 0.101345678803054, 0.057185541285867295, 0.06415470489683003, 0.09775124446193759, 0.08777974289009342, 0.057696711742087285, 0.0700524697409284, 0.08599182441207558, 0.946039765672675, 1.0, 0.8636338173922145, 0.052709237712226534, 0.07124688594464643, 0.061434630880738854, 0.07772963750809618, 0.059629967931419885, 0.06117373857315238], [0.07002947040598453, 0.07169561866627662, 0.06018087366297427, 0.10101778813607766, 0.07429079673900278, 0.05988504215798569, 0.08036726197954143, 0.07075845889605267, 0.07217162300287289, 0.05860148305717479, 0.08564412326453297, 0.06379208659903415, 0.8636338173922145, 1.0, 0.7433477597173623, 0.07305402968276424, 0.07112672636283958, 0.10066650571227043, 0.0604750041043917, 0.07877571482615478], [0.05937411056726215, 0.07527135666374951, 0.07701703007253813, 0.06967241938043804, 0.04758224746443593, 0.05540583125001672, 0.07180730705387009, 0.06640032208350552, 0.07336675580308026, 0.07812004268785762, 0.06216621276762559, 0.051948396508206846, 0.052709237712226534, 0.7433477597173623, 1.0, 0.6944180054463517, 0.06579503691550227, 0.08204503275241791, 0.06865907004775726, 0.06027663995904726], [0.06318273901140914, 0.09145790982480813, 0.06434344446884967, 0.07843659406848107, 0.06686515263341429, 0.06223479787638473, 0.08571208561681923, 0.08600346398648114, 0.07874844832973506, 0.07188292333913544, 0.07774421342192596, 0.06353493594883135, 0.07124688594464643, 0.07305402968276424, 0.6944180054463517, 1.0, 0.7518391414775494, 0.10698424216604434, 0.07836607756156493, 0.054600066270843337], [0.052665842676250116, 0.06886300829007957, 0.059677251356442085, 0.06811016225546247, 0.06060661216820695, 0.06588445450791605, 0.09099314581600193, 0.09531663177592484, 0.09152622876915695, 0.05997980692515571, 0.06409037671245404, 0.08314351033566908, 0.061434630880738854, 0.07112672636283958, 0.06579503691550227, 0.7518391414775494, 1.0, 0.687028325953618, 0.0700610518369794, 0.055618390830578734], [0.06963739316774795, 0.08944903735021018, 0.06906099707535816, 0.08638394601104722, 0.06427229326218581, 0.0573836290297087, 0.14899929757164695, 0.09626956861218929, 0.061247138527847106, 0.06777581880771776, 0.05789573959227543, 0.08715462506115638, 0.07772963750809618, 0.10066650571227043, 0.08204503275241791, 0.10698424216604434, 0.687028325953618, 1.0, 0.9554369253953988, 0.07715946215570678], [0.05338373415782605, 0.06233292040996199, 0.0585446535432052, 0.0691617215366646, 0.06743676800351085, 0.05960157194243838, 0.10238219467652616, 0.09667362666125492, 0.09284842095165434, 0.06434401092131269, 0.05743630057785795, 0.09803750769761124, 0.059629967931419885, 0.0604750041043917, 0.06865907004775726, 0.07836607756156493, 0.0700610518369794, 0.9554369253953988, 1.0, 0.7599107205400905], [0.0645079408991618, 0.06459206591464711, 0.05510027791932265, 0.06560959198115152, 0.056163995454294055, 0.05629844601751706, 0.07780534933956011, 0.07425032951154, 0.05759727544827956, 0.06360151799978456, 0.06199249271678627, 0.07786182567383138, 0.06117373857315238, 0.07877571482615478, 0.06027663995904726, 0.054600066270843337, 0.055618390830578734, 0.07715946215570678, 0.7599107205400905, 1.0]], "meta_info": {"source": "pretrained"}}