{"model": "LSING", "dataset": "dim20_cop_gau", "N": 5000, "seed": 1230, "metrics": {"TP": 19, "FP": 0, "FN": 0, "TN": 171, "TPR": 1.0, "FDR": 0.0, "FPR": 0.0, "Hamming": 0}, "omega": [[1.0, 0.8000429314289618, 0.06092180002933158, 0.07422550869883902, 0.07377197787498144, 0.05162137097233648, 0.04480700265638217, 0.05394642080477211, 0.049236946490563094, 0.06191997806905501, 0.05591037385524285, 0.06639475317657656, 0.06959590726853351, 0.0435195701102108, 0.06766325947895338, 0.054374873617192905, 0.07456152746936712, 0.07222027530198895, 0.08368213259667986, 0.06293933696146616], [0.8000429314289618, 1.0, 0.8265531675765003, 0.08475301603002637, 0.1176116761934777, 0.05869903789701529, 0.10250551437297088, 0.06867897063077538, 0.08931140857566845, 0.09703520637094845, 0.09005103187443313, 0.07729910345198408, 0.08992278499477246, 0.07190119071179374, 0.08547738215740197, 0.06410926894067066, 0.10021645295556056, 0.08723982174372909, 0.12666417703585472, 0.07368038233756065], [0.06092180002933158, 0.8265531675765003, 1.0, 0.6386583550384017, 0.0939187724079244, 0.055274378879207206, 0.04912908626365978, 0.07524188770060243, 0.06883389868991405, 0.05583858244790324, 0.0657471947151915, 0.06271321314493564, 0.051027000933559045, 0.05072428276920109, 0.09386424172179815, 0.06133998239265318, 0.0847429310036382, 0.09509930465892644, 0.0909286424883678, 0.05491157062921061], [0.07422550869883902, 0.08475301603002637, 0.6386583550384017, 1.0, 0.725827008920191, 0.08815296624091075, 0.051121500879816, 0.06631955031953617, 0.05365540888484196, 0.05179664137969094, 0.07573767521166282, 0.05508486374128395, 0.07451778083684046, 0.06836801838532144, 0.08462451973220576, 0.06388889815090829, 0.0782522369002038, 0.08720651621483211, 0.07204203649034938, 0.061622071049729624], [0.07377197787498144, 0.1176116761934777, 0.0939187724079244, 0.725827008920191, 1.0, 0.6866692242092303, 0.0950282664287935, 0.08251339848100665, 0.08256094217683664, 0.0859646500692096, 0.11295864586522714, 0.06529297470957618, 0.11125846072343974, 0.09217363128371642, 0.09125596444147686, 0.09212125182921965, 0.09654184412331171, 0.09830700269576398, 0.11672144042610494, 0.09269219297005202], [0.05162137097233648, 0.05869903789701529, 0.055274378879207206, 0.08815296624091075, 0.6866692242092303, 1.0, 0.7075720412849541, 0.07916592125642902, 0.05711524570865554, 0.0606224408055881, 0.0670940150379722, 0.06240206234949911, 0.06276285556330881, 0.06694760821899523, 0.08618646649975428, 0.05891428412813624, 0.05982516088915316, 0.0792137898522305, 0.07550230651412497, 0.0514943810289292], [0.04480700265638217, 0.10250551437297088, 0.04912908626365978, 0.051121500879816, 0.0950282664287935, 0.7075720412849541, 1.0, 0.6902909334188462, 0.0760406460759986, 0.08361234145734664, 0.09350989071651432, 0.07427253386744176, 0.06965100899097332, 0.06100396362212508, 0.08454341616659201, 0.07036234301949194, 0.05649355125409289, 0.08010821321923599, 0.11151085221039361, 0.07950192361786765], [0.05394642080477211, 0.06867897063077538, 0.07524188770060243, 0.06631955031953617, 0.08251339848100665, 0.07916592125642902, 0.6902909334188462, 1.0, 0.6373854560227739, 0.07447790674942868, 0.059914196608616646, 0.07156047565985937, 0.06321828163700018, 0.04989934369155575, 0.08945739039922816, 0.07214589289942205, 0.06687519162534683, 0.07427372188551938, 0.10455475366596124, 0.05565047685076545], [0.049236946490563094, 0.08931140857566845, 0.06883389868991405, 0.05365540888484196, 0.08256094217683664, 0.05711524570865554, 0.0760406460759986, 0.6373854560227739, 1.0, 0.7541038345127837, 0.05510214743522256, 0.05748524442165783, 0.09696305560454944, 0.07270676870477359, 0.0953310174113304, 0.05772035385558205, 0.05825197061349989, 0.09910581358024646, 0.10380443164086221, 0.06958902857822775], [0.06191997806905501, 0.09703520637094845, 0.05583858244790324, 0.05179664137969094, 0.0859646500692096, 0.0606224408055881, 0.08361234145734664, 0.07447790674942868, 0.7541038345127837, 1.0, 0.8706454411637525, 0.06960428903143472, 0.07074686049485718, 0.053001595278550986, 0.08511758661623203, 0.055417856675713806, 0.06981114857692762, 0.10046114365682624, 0.10639317554107856, 0.05250296735410337], [0.05591037385524285, 0.09005103187443313, 0.0657471947151915, 0.07573767521166282, 0.11295864586522714, 0.0670940150379722, 0.09350989071651432, 0.059914196608616646, 0.05510214743522256, 0.8706454411637525, 1.0, 0.7971291497208906, 0.07638399642770184, 0.05195431960222477, 0.089271741242784, 0.06088917055492075, 0.05470952551056816, 0.0838139927578418, 0.0969178354357884, 0.0630517556334242], [0.06639475317657656, 0.07729910345198408, 0.06271321314493564, 0.05508486374128395, 0.06529297470957618, 0.06240206234949911, 0.07427253386744176, 0.07156047565985937, 0.05748524442165783, 0.06960428903143472, 0.7971291497208906, 1.0, 0.8677150403298662, 0.07306784087310428, 0.1020775718832326, 0.06840001282796979, 0.06540477968158805, 0.08201338070668093, 0.09226756511638665, 0.06530182905425412], [0.06959590726853351, 0.08992278499477246, 0.051027000933559045, 0.07451778083684046, 0.11125846072343974, 0.06276285556330881, 0.06965100899097332, 0.06321828163700018, 0.09696305560454944, 0.07074686049485718, 0.07638399642770184, 0.8677150403298662, 1.0, 0.8583983006379381, 0.10165049907523623, 0.06651326290254582, 0.05903827777180633, 0.07175192707034007, 0.08592766069972663, 0.07654701744976705], [0.0435195701102108, 0.07190119071179374, 0.05072428276920109, 0.06836801838532144, 0.09217363128371642, 0.06694760821899523, 0.06100396362212508, 0.04989934369155575, 0.07270676870477359, 0.053001595278550986, 0.05195431960222477, 0.07306784087310428, 0.8583983006379381, 1.0, 0.6432210795836638, 0.0900987002793431, 0.053628596432648196, 0.06626797655133239, 0.07212587381026882, 0.05446230616861518], [0.06766325947895338, 0.08547738215740197, 0.09386424172179815, 0.08462451973220576, 0.09125596444147686, 0.08618646649975428, 0.08454341616659201, 0.08945739039922816, 0.0953310174113304, 0.08511758661623203, 0.089271741242784, 0.1020775718832326, 0.10165049907523623, 0.6432210795836638, 1.0, 0.723344300556129, 0.09926468310267579, 0.09221381550291917, 0.09456297028778603, 0.05369093128172632], [0.054374873617192905, 0.06410926894067066, 0.06133998239265318, 0.06388889815090829, 0.09212125182921965, 0.05891428412813624, 0.07036234301949194, 0.07214589289942205, 0.05772035385558205, 0.055417856675713806, 0.06088917055492075, 0.06840001282796979, 0.06651326290254582, 0.0900987002793431, 0.723344300556129, 1.0, 0.6829754725332058, 0.0787681091367753, 0.09328492866351826, 0.053334191113015676], [0.07456152746936712, 0.10021645295556056, 0.0847429310036382, 0.0782522369002038, 0.09654184412331171, 0.05982516088915316, 0.05649355125409289, 0.06687519162534683, 0.05825197061349989, 0.06981114857692762, 0.05470952551056816, 0.06540477968158805, 0.05903827777180633, 0.053628596432648196, 0.09926468310267579, 0.6829754725332058, 1.0, 0.7602559303368253, 0.12944092315594521, 0.06391850507103876], [0.07222027530198895, 0.08723982174372909, 0.09509930465892644, 0.08720651621483211, 0.09830700269576398, 0.0792137898522305, 0.08010821321923599, 0.07427372188551938, 0.09910581358024646, 0.10046114365682624, 0.0838139927578418, 0.08201338070668093, 0.07175192707034007, 0.06626797655133239, 0.09221381550291917, 0.0787681091367753, 0.7602559303368253, 1.0, 0.9219452694642912, 0.07530444571329735], [0.08368213259667986, 0.12666417703585472, 0.0909286424883678, 0.07204203649034938, 0.11672144042610494, 0.07550230651412497, 0.11151085221039361, 0.10455475366596124, 0.10380443164086221, 0.10639317554107856, 0.0969178354357884, 0.09226756511638665, 0.08592766069972663, 0.07212587381026882, 0.09456297028778603, 0.09328492866351826, 0.12944092315594521, 0.9219452694642912, 1.0, 1.0], [0.06293933696146616, 0.07368038233756065, 0.05491157062921061, 0.061622071049729624, 0.09269219297005202, 0.0514943810289292, 0.07950192361786765, 0.05565047685076545, 0.06958902857822775, 0.05250296735410337, 0.0630517556334242, 0.06530182905425412, 0.07654701744976705, 0.05446230616861518, 0.05369093128172632, 0.053334191113015676, 0.06391850507103876, 0.07530444571329735, 1.0, 1.0]], "meta_info": {"source": "pretrained"}}