{"model": "LSING", "dataset": "dim20_cop_gau", "N": 5000, "seed": 12340, "metrics": {"TP": 19, "FP": 0, "FN": 0, "TN": 171, "TPR": 1.0, "FDR": 0.0, "FPR": 0.0, "Hamming": 0}, "omega": [[1.0, 0.8529996600214689, 0.07011253476696852, 0.0436375923330423, 0.0427740032417069, 0.06891213446454277, 0.06730583363497317, 0.04194223623658059, 0.04334125639271825, 0.04107630442277904, 0.0398428082344763, 0.05184146409968827, 0.07379769701499338, 0.0392254162415917, 0.04947078293973153, 0.04287826902551256, 0.0424414575415924, 0.03595606623461011, 0.04115640746123587, 0.04795486971297041], [0.8529996600214689, 1.0, 1.0, 0.09025631872842736, 0.09240547709119272, 0.0947823338253636, 0.07272946901657026, 0.09176381800573374, 0.08320193218077801, 0.08343969878692126, 0.08210754356939506, 0.09661706854702606, 0.12035899171546147, 0.08348683573726945, 0.1010089669184886, 0.08460207979596239, 0.08316420684116292, 0.08375490121463428, 0.09026082092945138, 0.07336972068701154], [0.07011253476696852, 1.0, 1.0, 0.8891571851178419, 0.07958171971801777, 0.0981521307622014, 0.0753542827542276, 0.06159721325514764, 0.057336033961692984, 0.07569820357445341, 0.08135724884192903, 0.06466302636354541, 0.08611638073083616, 0.061556652725062916, 0.07744682638450037, 0.07103902105729047, 0.05460871816284707, 0.07568009296818605, 0.05655560960911509, 0.0504020959254984], [0.0436375923330423, 0.09025631872842736, 0.8891571851178419, 1.0, 0.7262304248167958, 0.0748400519915905, 0.09389330564395716, 0.044886757148029276, 0.051636621588258026, 0.044021376338479676, 0.052652277672914756, 0.05915964170603662, 0.0778845579055433, 0.06021815268721287, 0.05522001984083597, 0.04415021080379208, 0.056429778307854894, 0.067275186091315, 0.048422907740397786, 0.0311423085731314], [0.0427740032417069, 0.09240547709119272, 0.07958171971801777, 0.7262304248167958, 1.0, 0.884131659852233, 0.06025388524932553, 0.055720326611498845, 0.04584431982365583, 0.06930066245116091, 0.08050519775417894, 0.08732504227945975, 0.06658597012155139, 0.047153203064831735, 0.04508312208364775, 0.04984180604300132, 0.05862040833013776, 0.05550330728785863, 0.034915678584972624, 0.04207140410400387], [0.06891213446454277, 0.0947823338253636, 0.0981521307622014, 0.0748400519915905, 0.884131659852233, 1.0, 0.9765348031286495, 0.07187045975041446, 0.0662096405801046, 0.08612220126997801, 0.07216348203006397, 0.06251594476507377, 0.10208850513813883, 0.0701462541911445, 0.08438692726963767, 0.08121698072025688, 0.08723867331736179, 0.07799756340575173, 0.0745369843826918, 0.054965611124745815], [0.06730583363497317, 0.07272946901657026, 0.0753542827542276, 0.09389330564395716, 0.06025388524932553, 0.9765348031286495, 1.0, 0.8133613965270718, 0.06617629273385374, 0.07661520699252239, 0.09112393791321756, 0.07177090740713819, 0.09527951272431447, 0.07120990618196943, 0.058008695625882394, 0.07010949342710208, 0.07635483012414204, 0.06309405384512298, 0.07017794775211236, 0.06642215006755796], [0.04194223623658059, 0.09176381800573374, 0.06159721325514764, 0.044886757148029276, 0.055720326611498845, 0.07187045975041446, 0.8133613965270718, 1.0, 0.575242677033874, 0.07620231265621288, 0.05177928969611767, 0.057725786119420544, 0.07571849783729431, 0.056461240268883155, 0.0628548747338535, 0.07921736211191129, 0.06122267034180649, 0.06015859078186226, 0.0555398517222871, 0.05093552021499967], [0.04334125639271825, 0.08320193218077801, 0.057336033961692984, 0.051636621588258026, 0.04584431982365583, 0.0662096405801046, 0.06617629273385374, 0.575242677033874, 1.0, 0.5824519199543372, 0.05728740560953582, 0.06082768300742183, 0.06164371648697973, 0.04412156621785347, 0.04985757010922111, 0.03856671165508219, 0.06199525210961585, 0.048424343151012565, 0.045606382698875736, 0.04300691515680812], [0.04107630442277904, 0.08343969878692126, 0.07569820357445341, 0.044021376338479676, 0.06930066245116091, 0.08612220126997801, 0.07661520699252239, 0.07620231265621288, 0.5824519199543372, 1.0, 0.739046951690757, 0.09788924956040805, 0.05549258751922483, 0.06023392947870407, 0.0661184691005774, 0.05533980536565039, 0.10497067476474435, 0.061065748657443145, 0.05039731758608483, 0.0481360826679238], [0.0398428082344763, 0.08210754356939506, 0.08135724884192903, 0.052652277672914756, 0.08050519775417894, 0.07216348203006397, 0.09112393791321756, 0.05177928969611767, 0.05728740560953582, 0.739046951690757, 1.0, 0.7382241458217559, 0.08056871467388306, 0.0681273338911278, 0.0555042896788113, 0.06010589797801749, 0.07378432020968967, 0.07138657876008457, 0.03690534221349601, 0.03826515708095386], [0.05184146409968827, 0.09661706854702606, 0.06466302636354541, 0.05915964170603662, 0.08732504227945975, 0.06251594476507377, 0.07177090740713819, 0.057725786119420544, 0.06082768300742183, 0.09788924956040805, 0.7382241458217559, 1.0, 0.8011522417672889, 0.09606252412456953, 0.06309576157654588, 0.04411109840959354, 0.055788121767450204, 0.06199996046003668, 0.043409054093723885, 0.05219211531596157], [0.07379769701499338, 0.12035899171546147, 0.08611638073083616, 0.0778845579055433, 0.06658597012155139, 0.10208850513813883, 0.09527951272431447, 0.07571849783729431, 0.06164371648697973, 0.05549258751922483, 0.08056871467388306, 0.8011522417672889, 1.0, 0.5414157090441822, 0.08204584127339368, 0.06670930599708853, 0.0625044512999384, 0.08745038620282503, 0.05963259168822735, 0.05484996385819316], [0.0392254162415917, 0.08348683573726945, 0.061556652725062916, 0.06021815268721287, 0.047153203064831735, 0.0701462541911445, 0.07120990618196943, 0.056461240268883155, 0.04412156621785347, 0.06023392947870407, 0.0681273338911278, 0.09606252412456953, 0.5414157090441822, 1.0, 0.5483867145234602, 0.047435503030793164, 0.05659410482765035, 0.06165000022600082, 0.048175599725753096, 0.04625238873704756], [0.04947078293973153, 0.1010089669184886, 0.07744682638450037, 0.05522001984083597, 0.04508312208364775, 0.08438692726963767, 0.058008695625882394, 0.0628548747338535, 0.04985757010922111, 0.0661184691005774, 0.0555042896788113, 0.06309576157654588, 0.08204584127339368, 0.5483867145234602, 1.0, 0.56785320354941, 0.05655735678887936, 0.04634306647604414, 0.05117165289629417, 0.039867724315892465], [0.04287826902551256, 0.08460207979596239, 0.07103902105729047, 0.04415021080379208, 0.04984180604300132, 0.08121698072025688, 0.07010949342710208, 0.07921736211191129, 0.03856671165508219, 0.05533980536565039, 0.06010589797801749, 0.04411109840959354, 0.06670930599708853, 0.047435503030793164, 0.56785320354941, 1.0, 0.5420871554449522, 0.048138749884810844, 0.0352741800211773, 0.034842323757943265], [0.0424414575415924, 0.08316420684116292, 0.05460871816284707, 0.056429778307854894, 0.05862040833013776, 0.08723867331736179, 0.07635483012414204, 0.06122267034180649, 0.06199525210961585, 0.10497067476474435, 0.07378432020968967, 0.055788121767450204, 0.0625044512999384, 0.05659410482765035, 0.05655735678887936, 0.5420871554449522, 1.0, 0.6526746708420217, 0.06224525024663612, 0.05015718153440549], [0.03595606623461011, 0.08375490121463428, 0.07568009296818605, 0.067275186091315, 0.05550330728785863, 0.07799756340575173, 0.06309405384512298, 0.06015859078186226, 0.048424343151012565, 0.061065748657443145, 0.07138657876008457, 0.06199996046003668, 0.08745038620282503, 0.06165000022600082, 0.04634306647604414, 0.048138749884810844, 0.6526746708420217, 1.0, 0.6374000694616575, 0.03355860346844884], [0.04115640746123587, 0.09026082092945138, 0.05655560960911509, 0.048422907740397786, 0.034915678584972624, 0.0745369843826918, 0.07017794775211236, 0.0555398517222871, 0.045606382698875736, 0.05039731758608483, 0.03690534221349601, 0.043409054093723885, 0.05963259168822735, 0.048175599725753096, 0.05117165289629417, 0.0352741800211773, 0.06224525024663612, 0.6374000694616575, 1.0, 0.6286388931611867], [0.04795486971297041, 0.07336972068701154, 0.0504020959254984, 0.0311423085731314, 0.04207140410400387, 0.054965611124745815, 0.06642215006755796, 0.05093552021499967, 0.04300691515680812, 0.0481360826679238, 0.03826515708095386, 0.05219211531596157, 0.05484996385819316, 0.04625238873704756, 0.039867724315892465, 0.034842323757943265, 0.05015718153440549, 0.03355860346844884, 0.6286388931611867, 1.0]], "meta_info": {"source": "pretrained"}}