{"model": "SING", "dataset": "dim20_cop_gau", "N": 20000, "seed": 12340, "metrics": {"TP": 19, "FP": 11, "FN": 0, "TN": 160, "TPR": 1.0, "FDR": 0.36666666666666664, "FPR": 0.06432748538011696, "Hamming": 11}, "omega": [[6.619179567684891, 4.046402803723767, 0.0, 0.0, 0.0, 0.0, 0.0, 0.0, 0.0, 0.0, 0.0, 0.0, 0.0, 0.0, 0.0, 0.0, 0.0, 0.0, 0.0, 0.0], [4.046402803723767, 17.693643731260014, 4.302269166835445, 0.0, 0.0, 0.0, 0.0, 0.0, 0.0, 0.0, 0.0, 0.0, 0.0, 0.0, 0.0, 0.0, 0.0, 0.0, 0.0, 0.0], [0.0, 4.302269166835445, 19.123607579852475, 4.7651359827577675, 0.0, 0.0, 0.0, 0.0, 0.0, 0.0, 0.0, 0.0, 0.0, 0.0, 0.0, 0.0, 0.0, 0.0, 0.0, 0.0], [0.0, 0.0, 4.7651359827577675, 18.585182490638076, 4.041541831748054, 0.0, 0.0, 0.0, 0.0, 0.0, 0.0, 0.0, 0.0, 0.0, 0.0, 0.0, 0.0, 0.0, 0.0, 0.0], [0.0, 0.0, 0.0, 4.041541831748054, 18.41401062411021, 4.676407623206689, 0.0, 0.0, 0.0, 0.0, 0.0, 0.0, 0.0, 0.0, 0.0, 0.0, 0.0, 0.0, 0.0, 0.0], [0.0, 0.0, 0.0, 0.0, 4.676407623206689, 17.636995315847184, 3.6707601737496587, 0.0, 0.0, 0.0, 0.0, 0.0, 0.0, 0.0, 0.0, 0.0, 0.0, 0.0, 0.0, 0.0], [0.0, 0.0, 0.0, 0.0, 0.0, 3.6707601737496587, 17.498270559353056, 4.603221073233172, 0.0, 0.0, 0.0, 0.0, 0.0, 0.0, 0.0, 0.0, 0.0, 0.0, 0.0, 0.0], [0.0, 0.0, 0.0, 0.0, 0.0, 0.0, 4.603221073233172, 18.96374598514087, 4.3799646938081125, 0.0, 0.0, 0.0, 0.0, 0.0, 0.0, 0.0, 0.0, 0.0, 0.0, 0.0], [0.0, 0.0, 0.0, 0.0, 0.0, 0.0, 0.0, 4.3799646938081125, 18.709241683947955, 4.474897168566163, 0.0, 0.0, 0.0, 0.0, 0.0, 0.0, 0.0, 0.0, 0.0, 0.0], [0.0, 0.0, 0.0, 0.0, 0.0, 0.0, 0.0, 0.0, 4.474897168566163, 18.35831375786899, 4.20622611358569, 0.0, 0.0, 0.0, 0.0, 0.0, 0.0, 0.0, 0.0, 0.0], [0.0, 0.0, 0.0, 0.0, 0.0, 0.0, 0.0, 0.0, 0.0, 4.20622611358569, 17.508898374042147, 4.2935069727044715, 0.03387895732218706, 0.01571600926758279, 0.0, 0.0, 0.0, 0.0, 0.0, 0.0], [0.0, 0.0, 0.0, 0.0, 0.0, 0.0, 0.0, 0.0, 0.0, 0.0, 4.2935069727044715, 17.586916277126942, 3.4373331058141905, 0.05138244560228554, 0.0, 0.0, 0.0, 0.0, 0.0, 0.0], [0.0, 0.0, 0.0, 0.0, 0.0, 0.0, 0.0, 0.0, 0.0, 0.0, 0.03387895732218706, 3.4373331058141905, 11.961481514728115, 1.7046139088714924, 0.1299423382016902, 0.018793239899024445, 0.0, 0.0, 0.0, 0.0], [0.0, 0.0, 0.0, 0.0, 0.0, 0.0, 0.0, 0.0, 0.0, 0.0, 0.01571600926758279, 0.05138244560228554, 1.7046139088714924, 13.223414803594796, 2.744018923884549, 0.133184058090583, 0.02134329746456843, 0.0, 0.0, 0.0], [0.0, 0.0, 0.0, 0.0, 0.0, 0.0, 0.0, 0.0, 0.0, 0.0, 0.0, 0.0, 0.1299423382016902, 2.744018923884549, 16.378382538584912, 2.9681543130358903, 0.14163786049325305, 0.014150103650196208, 0.0, 0.0], [0.0, 0.0, 0.0, 0.0, 0.0, 0.0, 0.0, 0.0, 0.0, 0.0, 0.0, 0.0, 0.018793239899024445, 0.133184058090583, 2.9681543130358903, 15.54898277046834, 2.255392664048806, 0.18249401855506953, 0.0, 0.0], [0.0, 0.0, 0.0, 0.0, 0.0, 0.0, 0.0, 0.0, 0.0, 0.0, 0.0, 0.0, 0.0, 0.02134329746456843, 0.14163786049325305, 2.255392664048806, 11.839687312988438, 1.8697302838233656, 0.023137845924281728, 0.0], [0.0, 0.0, 0.0, 0.0, 0.0, 0.0, 0.0, 0.0, 0.0, 0.0, 0.0, 0.0, 0.0, 0.0, 0.014150103650196208, 0.18249401855506953, 1.8697302838233656, 14.736727555521412, 4.095708255617047, 0.0], [0.0, 0.0, 0.0, 0.0, 0.0, 0.0, 0.0, 0.0, 0.0, 0.0, 0.0, 0.0, 0.0, 0.0, 0.0, 0.0, 0.023137845924281728, 4.095708255617047, 19.466084845418568, 4.653896954424008], [0.0, 0.0, 0.0, 0.0, 0.0, 0.0, 0.0, 0.0, 0.0, 0.0, 0.0, 0.0, 0.0, 0.0, 0.0, 0.0, 0.0, 0.0, 4.653896954424008, 7.36837167170582]], "meta_info": {"source": "pretrained", "p_order": 1}}