{"model": "LSING", "dataset": "0.3_dim20_pair_gau", "N": 400, "seed": 12340, "metrics": {"TP": 8, "FP": 29, "FN": 2, "TN": 151, "TPR": 0.8, "FDR": 0.7837837837837838, "FPR": 0.16111111111111112, "Hamming": 31}, "omega": [[1.0, 0.25738994835949175, 0.12457258428774817, 0.11926263506841142, 0.21774425168711814, 0.09650914725658326, 0.35036858645413815, 0.13157492408853153, 0.09579749280469643, 0.17360719527735374, 0.15070127175794523, 0.09633338366572372, 0.09742300782694885, 0.09748714230251287, 0.18329935241612513, 0.16860804856865955, 0.16860674110617488, 0.13700084097035606, 0.08187495887555343, 0.16021728846829886], [0.25738994835949175, 1.0, 0.10711444078223875, 0.15461880947643566, 0.19688045021798906, 0.08232936271067186, 0.19336967751355894, 0.13705639665698555, 0.0967204744823956, 0.11163327689289765, 0.083364076724389, 0.11743279052996075, 0.10434011024890678, 0.06036083900162558, 0.2819602748987388, 0.16895515855882637, 0.14270042711751904, 0.10882776714768179, 0.08858851003279207, 0.06553331132601993], [0.12457258428774817, 0.10711444078223875, 1.0, 0.2642355139055025, 0.09834175417817824, 0.06643190342158017, 0.26047294981362595, 0.1247376948446787, 0.08361343013667603, 0.12465345362774637, 0.0919824958626513, 0.08917134338460683, 0.0749678016882847, 0.07715328585311174, 0.18385639369471465, 0.09190448393439907, 0.16305249956680065, 0.09259981476631746, 0.0927379306466847, 0.06883164759147715], [0.11926263506841142, 0.15461880947643566, 0.2642355139055025, 1.0, 0.1672017825530633, 0.12068843110006944, 0.22328092604258173, 0.19605763687854244, 0.14231652795112307, 0.19823048879304764, 0.2892626789781791, 0.13369537592135144, 0.1422996325211206, 0.1588000843329687, 0.21750197462880516, 0.14935576506413054, 0.18056455378107664, 0.13944082483777634, 0.12291739576542066, 0.10321844506468629], [0.21774425168711814, 0.19688045021798906, 0.09834175417817824, 0.1672017825530633, 1.0, 0.2016449483712884, 0.21394774108494088, 0.2019657419924968, 0.26884159610301467, 0.1784544666195325, 0.18075750771828855, 0.17875161778002177, 0.1373481246334845, 0.2001452954550638, 0.2662040674338686, 0.13111191197284358, 0.28569330639501855, 0.16696471240675073, 0.13427740972217306, 0.13945617359536586], [0.09650914725658326, 0.08232936271067186, 0.06643190342158017, 0.12068843110006944, 0.2016449483712884, 1.0, 0.13802761354213935, 0.26425743602084706, 0.05684294570576891, 0.08996113756183086, 0.10344332533520192, 0.07693295220965747, 0.04757446703372611, 0.061169376751311594, 0.16692295061317697, 0.0809361991731332, 0.17320231936635716, 0.09768376467143304, 0.05987738099076689, 0.06761629239815752], [0.35036858645413815, 0.19336967751355894, 0.26047294981362595, 0.22328092604258173, 0.21394774108494088, 0.13802761354213935, 1.0, 1.0, 0.14664466951149532, 0.1853200733699449, 0.26048693704073334, 0.2831719682140469, 0.12347908689179402, 0.19642425558525692, 0.3150231830465829, 0.2142490472891158, 0.5361139881839471, 0.13052478267286488, 0.14389750568926407, 0.1242010568622316], [0.13157492408853153, 0.13705639665698555, 0.1247376948446787, 0.19605763687854244, 0.2019657419924968, 0.26425743602084706, 1.0, 1.0, 0.10759760879202, 0.16600174826412237, 0.1478624266346427, 0.19412184527980483, 0.1653601937901889, 0.10611992550544075, 0.2872973171000888, 0.24151361163475146, 0.23998011870579694, 0.15063249071144572, 0.11152850949801042, 0.16330362739245974], [0.09579749280469643, 0.0967204744823956, 0.08361343013667603, 0.14231652795112307, 0.26884159610301467, 0.05684294570576891, 0.14664466951149532, 0.10759760879202, 1.0, 0.31492109939048, 0.10012975336342267, 0.11953166431651105, 0.07944831833454315, 0.09256414299536968, 0.17817767779458146, 0.11040683612166911, 0.26581215637329964, 0.07647978210793624, 0.08097066014862211, 0.0696563287344733], [0.17360719527735374, 0.11163327689289765, 0.12465345362774637, 0.19823048879304764, 0.1784544666195325, 0.08996113756183086, 0.1853200733699449, 0.16600174826412237, 0.31492109939048, 1.0, 0.13128595849517688, 0.13848875293900528, 0.0907113605185914, 0.12261938934751658, 0.2815646151236774, 0.10690186835406006, 0.2066114609474391, 0.15068442220381945, 0.10699700509169802, 0.1007221338128542], [0.15070127175794523, 0.083364076724389, 0.0919824958626513, 0.2892626789781791, 0.18075750771828855, 0.10344332533520192, 0.26048693704073334, 0.1478624266346427, 0.10012975336342267, 0.13128595849517688, 1.0, 0.33200004928379895, 0.1404571688397414, 0.06456886768636944, 0.1643562002295891, 0.13280702889210283, 0.17460888193672747, 0.09658003531656059, 0.07011207116213557, 0.16237475885673122], [0.09633338366572372, 0.11743279052996075, 0.08917134338460683, 0.13369537592135144, 0.17875161778002177, 0.07693295220965747, 0.2831719682140469, 0.19412184527980483, 0.11953166431651105, 0.13848875293900528, 0.33200004928379895, 1.0, 0.1625536714988383, 0.15826643483620084, 0.19987773423501715, 0.17955232877746555, 0.24203864138198064, 0.10418180898281122, 0.10939241071440274, 0.10137888139408138], [0.09742300782694885, 0.10434011024890678, 0.0749678016882847, 0.1422996325211206, 0.1373481246334845, 0.04757446703372611, 0.12347908689179402, 0.1653601937901889, 0.07944831833454315, 0.0907113605185914, 0.1404571688397414, 0.1625536714988383, 1.0, 0.10587014610287049, 0.13081325346212133, 0.13636069226435724, 0.12437329620270951, 0.09204108263398836, 0.08370421358130424, 0.0819764559758048], [0.09748714230251287, 0.06036083900162558, 0.07715328585311174, 0.1588000843329687, 0.2001452954550638, 0.061169376751311594, 0.19642425558525692, 0.10611992550544075, 0.09256414299536968, 0.12261938934751658, 0.06456886768636944, 0.15826643483620084, 0.10587014610287049, 1.0, 0.21143560920935942, 0.0675888340475552, 0.16912741919881843, 0.0774521229520681, 0.07588915313393842, 0.08411089012045957], [0.18329935241612513, 0.2819602748987388, 0.18385639369471465, 0.21750197462880516, 0.2662040674338686, 0.16692295061317697, 0.3150231830465829, 0.2872973171000888, 0.17817767779458146, 0.2815646151236774, 0.1643562002295891, 0.19987773423501715, 0.13081325346212133, 0.21143560920935942, 1.0, 0.5544066401006018, 0.23811057842664618, 0.2297363172576397, 0.19298163968771898, 0.15148520365350238], [0.16860804856865955, 0.16895515855882637, 0.09190448393439907, 0.14935576506413054, 0.13111191197284358, 0.0809361991731332, 0.2142490472891158, 0.24151361163475146, 0.11040683612166911, 0.10690186835406006, 0.13280702889210283, 0.17955232877746555, 0.13636069226435724, 0.0675888340475552, 0.5544066401006018, 1.0, 0.18405667138794973, 0.1592672744302806, 0.09600180593665301, 0.10223302140358687], [0.16860674110617488, 0.14270042711751904, 0.16305249956680065, 0.18056455378107664, 0.28569330639501855, 0.17320231936635716, 0.5361139881839471, 0.23998011870579694, 0.26581215637329964, 0.2066114609474391, 0.17460888193672747, 0.24203864138198064, 0.12437329620270951, 0.16912741919881843, 0.23811057842664618, 0.18405667138794973, 1.0, 0.6254543219139101, 0.1518827328705375, 0.11318520700899508], [0.13700084097035606, 0.10882776714768179, 0.09259981476631746, 0.13944082483777634, 0.16696471240675073, 0.09768376467143304, 0.13052478267286488, 0.15063249071144572, 0.07647978210793624, 0.15068442220381945, 0.09658003531656059, 0.10418180898281122, 0.09204108263398836, 0.0774521229520681, 0.2297363172576397, 0.1592672744302806, 0.6254543219139101, 1.0, 0.10301628973735667, 0.07394336223251415], [0.08187495887555343, 0.08858851003279207, 0.0927379306466847, 0.12291739576542066, 0.13427740972217306, 0.05987738099076689, 0.14389750568926407, 0.11152850949801042, 0.08097066014862211, 0.10699700509169802, 0.07011207116213557, 0.10939241071440274, 0.08370421358130424, 0.07588915313393842, 0.19298163968771898, 0.09600180593665301, 0.1518827328705375, 0.10301628973735667, 1.0, 0.11664852275744952], [0.16021728846829886, 0.06553331132601993, 0.06883164759147715, 0.10321844506468629, 0.13945617359536586, 0.06761629239815752, 0.1242010568622316, 0.16330362739245974, 0.0696563287344733, 0.1007221338128542, 0.16237475885673122, 0.10137888139408138, 0.0819764559758048, 0.08411089012045957, 0.15148520365350238, 0.10223302140358687, 0.11318520700899508, 0.07394336223251415, 0.11664852275744952, 1.0]], "meta_info": {"source": "pretrained"}}