{"model": "LSING", "dataset": "0.7_dim20_pair_gau", "N": 300, "seed": 12340, "metrics": {"TP": 10, "FP": 4, "FN": 0, "TN": 176, "TPR": 1.0, "FDR": 0.2857142857142857, "FPR": 0.022222222222222223, "Hamming": 4}, "omega": [[1.0, 0.5773766522426241, 0.07161785034130515, 0.08583715905496285, 0.10110499199366407, 0.08045566253630167, 0.05789382940938344, 0.04493773883233329, 0.09767395730731888, 0.11481209891408178, 0.058470472941813983, 0.06697773836001246, 0.05522246924419634, 0.12890570733564746, 0.027230025835024454, 0.09330568098811223, 0.045679597957881075, 0.04097510314412735, 0.035195516058872514, 0.05281835001619335], [0.5773766522426241, 1.0, 0.13121591367654034, 0.1124511994423769, 0.16524157876508164, 0.17369076437087683, 0.1525592755523255, 0.102117694258478, 0.12192246348600796, 0.2591221138547845, 0.0722211708420705, 0.09547280177157298, 0.16626223010403648, 0.15307554302134954, 0.09495133495008373, 0.2156585681665295, 0.08196109847597577, 0.13490029398059117, 0.08171789815311888, 0.08787787266557744], [0.07161785034130515, 0.13121591367654034, 1.0, 0.5815963924647471, 0.11722275123182196, 0.107578012427017, 0.07306178098668248, 0.12900130406606344, 0.13976283999541622, 0.19059664896909934, 0.06817961347369134, 0.1492021343566382, 0.08334220453860479, 0.18827094015531531, 0.07490225061762705, 0.10173274878414731, 0.13114045526748333, 0.07213313306764338, 0.06981736281943096, 0.07991362059449685], [0.08583715905496285, 0.1124511994423769, 0.5815963924647471, 1.0, 0.09711902701767597, 0.15690627209335792, 0.059667322088872994, 0.06081564098239602, 0.16257327730403826, 0.15199853239107225, 0.08591407568343722, 0.08216413996957372, 0.1106026062399983, 0.1290491641166203, 0.0555152379127659, 0.07531776646167895, 0.08711054693826917, 0.07860032506911782, 0.053969016287315034, 0.08506647453262467], [0.10110499199366407, 0.16524157876508164, 0.11722275123182196, 0.09711902701767597, 1.0, 0.9128546736394688, 0.10610018262597717, 0.09509331572847556, 0.19830877134628722, 0.1291661951164445, 0.14947123808021218, 0.09974788097600547, 0.06284807208455169, 0.14039498255862878, 0.1227406801818236, 0.10212129757200776, 0.09756019618670643, 0.09263923914805558, 0.06817251132271811, 0.09739790703545344], [0.08045566253630167, 0.17369076437087683, 0.107578012427017, 0.15690627209335792, 0.9128546736394688, 1.0, 0.14529148330150266, 0.1312426062051433, 0.17084312859624473, 0.17341689475945105, 0.12016247934218797, 0.0888042332251951, 0.08090666357192197, 0.15264781792402052, 0.11765862212953954, 0.11810661892195475, 0.0919160756847176, 0.12145098291457658, 0.13065426135104669, 0.11679210524986731], [0.05789382940938344, 0.1525592755523255, 0.07306178098668248, 0.059667322088872994, 0.10610018262597717, 0.14529148330150266, 1.0, 0.3276693008748392, 0.1213956105888354, 0.09943403703564337, 0.060703609274446214, 0.07021619916744919, 0.054667821262275984, 0.09508694713300192, 0.0652927080279816, 0.06526203651651726, 0.05588152662555721, 0.04552318503075883, 0.05313994519300103, 0.055998486492726936], [0.04493773883233329, 0.102117694258478, 0.12900130406606344, 0.06081564098239602, 0.09509331572847556, 0.1312426062051433, 0.3276693008748392, 1.0, 0.087228905006679, 0.09336900683378525, 0.04396851862548096, 0.058021172421215426, 0.04126350048878803, 0.07271824805464638, 0.0418245448523752, 0.10370787586441291, 0.038361830571477615, 0.056302833112264895, 0.029794323575047545, 0.05834026684063817], [0.09767395730731888, 0.12192246348600796, 0.13976283999541622, 0.16257327730403826, 0.19830877134628722, 0.17084312859624473, 0.1213956105888354, 0.087228905006679, 1.0, 1.0, 0.12576969755675693, 0.1473921950832967, 0.1681845634172867, 0.2723038305432379, 0.11604494229576802, 0.17674921955029793, 0.11888179591600401, 0.11729644021609816, 0.11391865943612718, 0.09271253356838882], [0.11481209891408178, 0.2591221138547845, 0.19059664896909934, 0.15199853239107225, 0.1291661951164445, 0.17341689475945105, 0.09943403703564337, 0.09336900683378525, 1.0, 1.0, 0.17718943954296984, 0.14081852416671475, 0.1531385865593, 0.242791354551398, 0.08658283489200391, 0.12933107616379602, 0.13341780054489036, 0.15864482974790373, 0.10405147103752169, 0.10449699485874513], [0.058470472941813983, 0.0722211708420705, 0.06817961347369134, 0.08591407568343722, 0.14947123808021218, 0.12016247934218797, 0.060703609274446214, 0.04396851862548096, 0.12576969755675693, 0.17718943954296984, 1.0, 0.32225026409776303, 0.06066123866421126, 0.12592216373300189, 0.03609192754804815, 0.04967900700557061, 0.04816022702449047, 0.052767496836908685, 0.03648477208137206, 0.07745571618810632], [0.06697773836001246, 0.09547280177157298, 0.1492021343566382, 0.08216413996957372, 0.09974788097600547, 0.0888042332251951, 0.07021619916744919, 0.058021172421215426, 0.1473921950832967, 0.14081852416671475, 0.32225026409776303, 1.0, 0.05859423486907075, 0.12088884377497867, 0.07037591420576728, 0.08804708391327194, 0.04472492771321818, 0.057951369058191565, 0.05557297317637391, 0.06555531200525017], [0.05522246924419634, 0.16626223010403648, 0.08334220453860479, 0.1106026062399983, 0.06284807208455169, 0.08090666357192197, 0.054667821262275984, 0.04126350048878803, 0.1681845634172867, 0.1531385865593, 0.06066123866421126, 0.05859423486907075, 1.0, 0.6462256906820704, 0.04146482701854379, 0.09386045345217797, 0.04556390180677654, 0.07973518210777579, 0.056914947387443425, 0.06519459831425567], [0.12890570733564746, 0.15307554302134954, 0.18827094015531531, 0.1290491641166203, 0.14039498255862878, 0.15264781792402052, 0.09508694713300192, 0.07271824805464638, 0.2723038305432379, 0.242791354551398, 0.12592216373300189, 0.12088884377497867, 0.6462256906820704, 1.0, 0.11401569104555825, 0.13425675018659874, 0.10869302901230674, 0.11207659710059033, 0.11356502789004684, 0.12925121419884608], [0.027230025835024454, 0.09495133495008373, 0.07490225061762705, 0.0555152379127659, 0.1227406801818236, 0.11765862212953954, 0.0652927080279816, 0.0418245448523752, 0.11604494229576802, 0.08658283489200391, 0.03609192754804815, 0.07037591420576728, 0.04146482701854379, 0.11401569104555825, 1.0, 0.3737611803638876, 0.061278550068959554, 0.04968741955341355, 0.03755929195729395, 0.0342464608481246], [0.09330568098811223, 0.2156585681665295, 0.10173274878414731, 0.07531776646167895, 0.10212129757200776, 0.11810661892195475, 0.06526203651651726, 0.10370787586441291, 0.17674921955029793, 0.12933107616379602, 0.04967900700557061, 0.08804708391327194, 0.09386045345217797, 0.13425675018659874, 0.3737611803638876, 1.0, 0.08904326450762937, 0.1038037271163583, 0.10945758167753704, 0.0798572479658017], [0.045679597957881075, 0.08196109847597577, 0.13114045526748333, 0.08711054693826917, 0.09756019618670643, 0.0919160756847176, 0.05588152662555721, 0.038361830571477615, 0.11888179591600401, 0.13341780054489036, 0.04816022702449047, 0.04472492771321818, 0.04556390180677654, 0.10869302901230674, 0.061278550068959554, 0.08904326450762937, 1.0, 0.32402842041191354, 0.04169034309662212, 0.035965856032415436], [0.04097510314412735, 0.13490029398059117, 0.07213313306764338, 0.07860032506911782, 0.09263923914805558, 0.12145098291457658, 0.04552318503075883, 0.056302833112264895, 0.11729644021609816, 0.15864482974790373, 0.052767496836908685, 0.057951369058191565, 0.07973518210777579, 0.11207659710059033, 0.04968741955341355, 0.1038037271163583, 0.32402842041191354, 1.0, 0.04766432461216165, 0.05231516428691185], [0.035195516058872514, 0.08171789815311888, 0.06981736281943096, 0.053969016287315034, 0.06817251132271811, 0.13065426135104669, 0.05313994519300103, 0.029794323575047545, 0.11391865943612718, 0.10405147103752169, 0.03648477208137206, 0.05557297317637391, 0.056914947387443425, 0.11356502789004684, 0.03755929195729395, 0.10945758167753704, 0.04169034309662212, 0.04766432461216165, 1.0, 0.26207420793255715], [0.05281835001619335, 0.08787787266557744, 0.07991362059449685, 0.08506647453262467, 0.09739790703545344, 0.11679210524986731, 0.055998486492726936, 0.05834026684063817, 0.09271253356838882, 0.10449699485874513, 0.07745571618810632, 0.06555531200525017, 0.06519459831425567, 0.12925121419884608, 0.0342464608481246, 0.0798572479658017, 0.035965856032415436, 0.05231516428691185, 0.26207420793255715, 1.0]], "meta_info": {"source": "pretrained"}}