{"model": "LSING", "dataset": "dim20_butterfly", "N": 300, "seed": 123450, "metrics": {"TP": 4, "FP": 39, "FN": 6, "TN": 141, "TPR": 0.4, "FDR": 0.9069767441860465, "FPR": 0.21666666666666667, "Hamming": 45}, "omega": [[1.0, 0.23057766630517162, 0.0915723175798586, 0.3453561339255792, 0.06565597805089171, 0.08533871682249028, 0.055847732162079576, 0.1935145667772505, 0.04070921126608121, 0.04137151393360333, 0.03546303641485312, 0.07162287494312924, 0.043763236898343945, 0.06332002508349474, 0.06986309203988121, 0.03924616568542983, 0.07723373201390156, 0.04563141759660309, 0.04593043377838104, 0.03980849891952218], [0.23057766630517162, 1.0, 0.24778995265340004, 0.3694148938581137, 0.19496433490054094, 0.1531602693927391, 0.20767946981914873, 0.5092206275699758, 0.27828153275975004, 0.44403124818473666, 0.15634148306615894, 0.21154677838522895, 0.19130775156162827, 0.1737618614530455, 0.23255979535837357, 0.12826293964301705, 0.378950518402153, 0.31533904035934074, 0.19598650306709625, 0.28176419705528083], [0.0915723175798586, 0.24778995265340004, 1.0, 1.0, 0.11818803665335094, 0.1792350912571767, 0.07440605447451176, 0.34153880198239667, 0.06408456884912381, 0.10630880149158761, 0.10388489840921313, 0.10445569238015535, 0.09191343060389243, 0.13641945328876828, 0.105346001473751, 0.17028188340549205, 0.14961069890679365, 0.09430727594734964, 0.13324805291897363, 0.12084793475931571], [0.3453561339255792, 0.3694148938581137, 1.0, 1.0, 0.2632700434244441, 0.3454089343913456, 0.263913134967329, 0.8491560120017567, 0.31639782855188747, 0.2617025480329197, 0.3037862063599906, 0.4657149431275168, 0.26156840470490067, 0.6420967444106221, 0.3166557892958815, 0.3915053885468933, 0.3094396908676979, 0.3678704208797863, 0.4109085309019708, 0.29441683421587594], [0.06565597805089171, 0.19496433490054094, 0.11818803665335094, 0.2632700434244441, 1.0, 0.29410004760891156, 0.11875179080200778, 0.15411805574051426, 0.09403327145915896, 0.16181890726619447, 0.11870482687771197, 0.12519589735416786, 0.0949277083994958, 0.0842417725773216, 0.07787589546575442, 0.052742411514038356, 0.09669407067676528, 0.07035743721000123, 0.0947474105288949, 0.0781490590962756], [0.08533871682249028, 0.1531602693927391, 0.1792350912571767, 0.3454089343913456, 0.29410004760891156, 1.0, 0.14345429697730247, 0.5873291573265815, 0.13226669557706203, 0.0992900222314494, 0.278822327447121, 0.15367770892109733, 0.11594404563629367, 0.15804527653968756, 0.1921126277173768, 0.09443864759265488, 0.22733824369751007, 0.13345675109460423, 0.18802377518855248, 0.12785576488349013], [0.055847732162079576, 0.20767946981914873, 0.07440605447451176, 0.263913134967329, 0.11875179080200778, 0.14345429697730247, 1.0, 0.38584199181112905, 0.03348192358535868, 0.03282846476203106, 0.04028180016507934, 0.07039708971948096, 0.043117361082363075, 0.04972148959387643, 0.07360512090702322, 0.05672978376356684, 0.053361248584895, 0.03112005961135893, 0.05498840979774623, 0.029454205456015514], [0.1935145667772505, 0.5092206275699758, 0.34153880198239667, 0.8491560120017567, 0.15411805574051426, 0.5873291573265815, 0.38584199181112905, 1.0, 0.14985860533127432, 0.24098269721038715, 0.6129542057725736, 0.1538486215610684, 0.11277617956664998, 0.20360066801258572, 0.16937726444319365, 0.2329341901584853, 0.2949065011596893, 0.16190835833459488, 0.5174347691937607, 0.20541425411561248], [0.04070921126608121, 0.27828153275975004, 0.06408456884912381, 0.31639782855188747, 0.09403327145915896, 0.13226669557706203, 0.03348192358535868, 0.14985860533127432, 1.0, 0.030632477275115522, 0.08338078108803147, 0.12016513854679621, 0.05009504983150975, 0.05559759903857251, 0.07116693763327549, 0.045832592119545955, 0.07090060608373312, 0.04994165670839378, 0.05149564891499036, 0.032808232017808185], [0.04137151393360333, 0.44403124818473666, 0.10630880149158761, 0.2617025480329197, 0.16181890726619447, 0.0992900222314494, 0.03282846476203106, 0.24098269721038715, 0.030632477275115522, 1.0, 0.050500199338125766, 0.04040105446681364, 0.031417348212834095, 0.05588026481041553, 0.06510508767560867, 0.03769992735565296, 0.06579991130039756, 0.025506476722836607, 0.025539248588434694, 0.023339114369204658], [0.03546303641485312, 0.15634148306615894, 0.10388489840921313, 0.3037862063599906, 0.11870482687771197, 0.278822327447121, 0.04028180016507934, 0.6129542057725736, 0.08338078108803147, 0.050500199338125766, 1.0, 0.1156100407823344, 0.042759806817779744, 0.05079440419527076, 0.08250655530840516, 0.03293719890010997, 0.0822838368428628, 0.04500751379621708, 0.05627175824889108, 0.04138874117372838], [0.07162287494312924, 0.21154677838522895, 0.10445569238015535, 0.4657149431275168, 0.12519589735416786, 0.15367770892109733, 0.07039708971948096, 0.1538486215610684, 0.12016513854679621, 0.04040105446681364, 0.1156100407823344, 1.0, 0.0758872266083037, 0.04275234701631611, 0.1358030101891589, 0.061589338553550414, 0.07642295456614528, 0.09886279279167667, 0.0869491867857737, 0.09354507759006501], [0.043763236898343945, 0.19130775156162827, 0.09191343060389243, 0.26156840470490067, 0.0949277083994958, 0.11594404563629367, 0.043117361082363075, 0.11277617956664998, 0.05009504983150975, 0.031417348212834095, 0.042759806817779744, 0.0758872266083037, 1.0, 0.06985298556021294, 0.06972790910601624, 0.04106848052058511, 0.1111502683988903, 0.033257592651579536, 0.04422267793170611, 0.029653819670876474], [0.06332002508349474, 0.1737618614530455, 0.13641945328876828, 0.6420967444106221, 0.0842417725773216, 0.15804527653968756, 0.04972148959387643, 0.20360066801258572, 0.05559759903857251, 0.05588026481041553, 0.05079440419527076, 0.04275234701631611, 0.06985298556021294, 1.0, 0.060652874917372916, 0.03823568948738913, 0.11571874973964888, 0.0503709087031384, 0.03904707037417882, 0.036642352336364134], [0.06986309203988121, 0.23255979535837357, 0.105346001473751, 0.3166557892958815, 0.07787589546575442, 0.1921126277173768, 0.07360512090702322, 0.16937726444319365, 0.07116693763327549, 0.06510508767560867, 0.08250655530840516, 0.1358030101891589, 0.06972790910601624, 0.060652874917372916, 1.0, 0.059755603342411215, 0.07484748406679936, 0.05931082470845387, 0.07071004345437323, 0.04318464948080933], [0.03924616568542983, 0.12826293964301705, 0.17028188340549205, 0.3915053885468933, 0.052742411514038356, 0.09443864759265488, 0.05672978376356684, 0.2329341901584853, 0.045832592119545955, 0.03769992735565296, 0.03293719890010997, 0.061589338553550414, 0.04106848052058511, 0.03823568948738913, 0.059755603342411215, 1.0, 0.04770424956192305, 0.03264327103137375, 0.032956129439086386, 0.032563704312326774], [0.07723373201390156, 0.378950518402153, 0.14961069890679365, 0.3094396908676979, 0.09669407067676528, 0.22733824369751007, 0.053361248584895, 0.2949065011596893, 0.07090060608373312, 0.06579991130039756, 0.0822838368428628, 0.07642295456614528, 0.1111502683988903, 0.11571874973964888, 0.07484748406679936, 0.04770424956192305, 1.0, 0.1608062286505788, 0.04910884878969663, 0.10541853286707767], [0.04563141759660309, 0.31533904035934074, 0.09430727594734964, 0.3678704208797863, 0.07035743721000123, 0.13345675109460423, 0.03112005961135893, 0.16190835833459488, 0.04994165670839378, 0.025506476722836607, 0.04500751379621708, 0.09886279279167667, 0.033257592651579536, 0.0503709087031384, 0.05931082470845387, 0.03264327103137375, 0.1608062286505788, 1.0, 0.04289109033040947, 0.04288640670822471], [0.04593043377838104, 0.19598650306709625, 0.13324805291897363, 0.4109085309019708, 0.0947474105288949, 0.18802377518855248, 0.05498840979774623, 0.5174347691937607, 0.05149564891499036, 0.025539248588434694, 0.05627175824889108, 0.0869491867857737, 0.04422267793170611, 0.03904707037417882, 0.07071004345437323, 0.032956129439086386, 0.04910884878969663, 0.04289109033040947, 1.0, 0.037202771832359476], [0.03980849891952218, 0.28176419705528083, 0.12084793475931571, 0.29441683421587594, 0.0781490590962756, 0.12785576488349013, 0.029454205456015514, 0.20541425411561248, 0.032808232017808185, 0.023339114369204658, 0.04138874117372838, 0.09354507759006501, 0.029653819670876474, 0.036642352336364134, 0.04318464948080933, 0.032563704312326774, 0.10541853286707767, 0.04288640670822471, 0.037202771832359476, 1.0]], "meta_info": {"source": "pretrained"}}