{"model": "LSING", "dataset": "dim20_butterfly", "N": 300, "seed": 1230, "metrics": {"TP": 9, "FP": 105, "FN": 1, "TN": 75, "TPR": 0.9, "FDR": 0.9210526315789473, "FPR": 0.5833333333333334, "Hamming": 106}, "omega": [[1.0, 0.23583967693455493, 0.10600485188495797, 0.18164181554858932, 0.08581232875249578, 0.32925384245711947, 0.13891099586060415, 0.07355626155288349, 0.15392913009953613, 0.5055010715397076, 0.31673939670764323, 0.5668389615028967, 0.13889234334021525, 0.13417198917606263, 0.1581312445180019, 0.10617888646023138, 0.1623640622211981, 0.37920278179874395, 0.19225288895271472, 0.3686038122460277], [0.23583967693455493, 1.0, 0.18811750497820184, 0.23991818190808512, 0.12353560840843333, 0.2283629170876471, 0.19504164361929546, 0.10193662305093865, 0.14313118263364882, 0.3150769789781886, 0.42578199677388373, 0.22679506638522634, 0.18120737373908355, 0.08831848579059415, 0.18268766111545817, 0.1347115244197174, 0.13761277437444172, 0.48403599072632636, 0.1335547458412653, 0.28420264013211216], [0.10600485188495797, 0.18811750497820184, 1.0, 0.23356582132033665, 0.11539159720906421, 0.1812956196131415, 0.13196446585279034, 0.13342550916716583, 0.08006915364107209, 0.3181061915173904, 0.267812444087942, 0.19554306993229184, 0.1972157713851241, 0.10177008891992814, 0.2162811157712456, 0.11885509988043579, 0.16319477623861683, 0.7498265948856708, 0.12837891222111011, 0.22685576765507506], [0.18164181554858932, 0.23991818190808512, 0.23356582132033665, 1.0, 0.24719666914143407, 0.32457326946625414, 0.25817324700587424, 0.19925385216446895, 0.3704041388012649, 0.425271230928926, 0.29081850975561324, 0.4945329269351465, 0.46122755683546957, 0.18181380247982737, 0.21575401806913902, 0.1867722369743599, 0.27474943359132437, 0.4018398127161061, 0.2435202607855175, 0.41127870850024667], [0.08581232875249578, 0.12353560840843333, 0.11539159720906421, 0.24719666914143407, 1.0, 0.279695024807435, 0.19203168651789304, 0.1347463116167184, 0.10579541581947291, 0.22045235247604453, 0.3561306682351317, 0.230502697520749, 0.15631356607553154, 0.09835135381426334, 0.12404270366186099, 0.13559749449062414, 0.18649376496941547, 0.30825587095947504, 0.13375955953993715, 0.3088433514090248], [0.32925384245711947, 0.2283629170876471, 0.1812956196131415, 0.32457326946625414, 0.279695024807435, 1.0, 0.3116202676595344, 0.19877185951014167, 0.2284605669565342, 0.6042928811698473, 0.34726084685582287, 0.3123263104906659, 0.2561068253163064, 0.30768284156810827, 0.4640449936862792, 0.2743595697508554, 0.26548935021853975, 0.6574738976955784, 0.26897903619003033, 0.6150125252110484], [0.13891099586060415, 0.19504164361929546, 0.13196446585279034, 0.25817324700587424, 0.19203168651789304, 0.3116202676595344, 1.0, 0.20498323980605443, 0.15848652213393993, 0.35938478034421895, 0.4481107131704525, 0.5402914613486408, 0.1905494387119512, 0.22202661533784276, 0.42664407766437773, 0.18686424065441612, 0.14742038259455248, 0.4048189224393089, 0.2512822650304201, 0.3697936147724503], [0.07355626155288349, 0.10193662305093865, 0.13342550916716583, 0.19925385216446895, 0.1347463116167184, 0.19877185951014167, 0.20498323980605443, 1.0, 0.15985694582394983, 0.2709224096408056, 0.18053804440711968, 0.35196223756104783, 0.10917076362318812, 0.12665202404000836, 0.14444650953137345, 0.0799376683504671, 0.13247526582514868, 0.44080907997563695, 0.1729373035058032, 0.26607895415079286], [0.15392913009953613, 0.14313118263364882, 0.08006915364107209, 0.3704041388012649, 0.10579541581947291, 0.2284605669565342, 0.15848652213393993, 0.15985694582394983, 1.0, 0.414739651616574, 0.2532223129556046, 0.44562547243698214, 0.1597009798113219, 0.1726012168647967, 0.23050484375505276, 0.1105204416455729, 0.22561880864490436, 0.3302360100864215, 0.18082233323789795, 0.3810210290312241], [0.5055010715397076, 0.3150769789781886, 0.3181061915173904, 0.425271230928926, 0.22045235247604453, 0.6042928811698473, 0.35938478034421895, 0.2709224096408056, 0.414739651616574, 1.0, 0.28337505825168086, 0.8739526452436384, 0.29670683628561134, 0.2370153090058661, 0.40182116398765055, 0.2568265949463417, 0.3693916925837731, 1.0, 0.24719188372148473, 0.3675682883218705], [0.31673939670764323, 0.42578199677388373, 0.267812444087942, 0.29081850975561324, 0.3561306682351317, 0.34726084685582287, 0.4481107131704525, 0.18053804440711968, 0.2532223129556046, 0.28337505825168086, 1.0, 0.756951979016108, 0.3475347609568219, 0.20404128942238056, 0.4190825074350713, 0.2693301502630965, 0.34492209609341673, 0.4758345241520979, 0.20535584655762523, 0.4211572410426494], [0.5668389615028967, 0.22679506638522634, 0.19554306993229184, 0.4945329269351465, 0.230502697520749, 0.3123263104906659, 0.5402914613486408, 0.35196223756104783, 0.44562547243698214, 0.8739526452436384, 0.756951979016108, 1.0, 0.273914169253827, 0.18442901173054316, 0.6681426084873662, 0.25586022071964587, 0.21027415102099778, 0.5601367874752379, 0.25200107909323893, 0.2603458200790093], [0.13889234334021525, 0.18120737373908355, 0.1972157713851241, 0.46122755683546957, 0.15631356607553154, 0.2561068253163064, 0.1905494387119512, 0.10917076362318812, 0.1597009798113219, 0.29670683628561134, 0.3475347609568219, 0.273914169253827, 1.0, 0.19838747122150066, 0.29941402646478293, 0.13580415486086123, 0.16573847720929719, 0.38371963427318073, 0.14303145478525917, 0.26900072604907177], [0.13417198917606263, 0.08831848579059415, 0.10177008891992814, 0.18181380247982737, 0.09835135381426334, 0.30768284156810827, 0.22202661533784276, 0.12665202404000836, 0.1726012168647967, 0.2370153090058661, 0.20404128942238056, 0.18442901173054316, 0.19838747122150066, 1.0, 0.13176110825654364, 0.14108438040748664, 0.13741744430120037, 0.669459258769847, 0.19319213947980862, 0.2912451401823174], [0.1581312445180019, 0.18268766111545817, 0.2162811157712456, 0.21575401806913902, 0.12404270366186099, 0.4640449936862792, 0.42664407766437773, 0.14444650953137345, 0.23050484375505276, 0.40182116398765055, 0.4190825074350713, 0.6681426084873662, 0.29941402646478293, 0.13176110825654364, 1.0, 0.2825819450458451, 0.18504048753464084, 0.5631250357579319, 0.20772479627761975, 0.3110554060927087], [0.10617888646023138, 0.1347115244197174, 0.11885509988043579, 0.1867722369743599, 0.13559749449062414, 0.2743595697508554, 0.18686424065441612, 0.0799376683504671, 0.1105204416455729, 0.2568265949463417, 0.2693301502630965, 0.25586022071964587, 0.13580415486086123, 0.14108438040748664, 0.2825819450458451, 1.0, 0.17148085980664052, 0.49356679918412155, 0.1318496916126741, 0.274976130537641], [0.1623640622211981, 0.13761277437444172, 0.16319477623861683, 0.27474943359132437, 0.18649376496941547, 0.26548935021853975, 0.14742038259455248, 0.13247526582514868, 0.22561880864490436, 0.3693916925837731, 0.34492209609341673, 0.21027415102099778, 0.16573847720929719, 0.13741744430120037, 0.18504048753464084, 0.17148085980664052, 1.0, 0.6536492626631009, 0.1715361158601285, 0.33471041186645817], [0.37920278179874395, 0.48403599072632636, 0.7498265948856708, 0.4018398127161061, 0.30825587095947504, 0.6574738976955784, 0.4048189224393089, 0.44080907997563695, 0.3302360100864215, 1.0, 0.4758345241520979, 0.5601367874752379, 0.38371963427318073, 0.669459258769847, 0.5631250357579319, 0.49356679918412155, 0.6536492626631009, 1.0, 0.24153389439386613, 0.4144464441584417], [0.19225288895271472, 0.1335547458412653, 0.12837891222111011, 0.2435202607855175, 0.13375955953993715, 0.26897903619003033, 0.2512822650304201, 0.1729373035058032, 0.18082233323789795, 0.24719188372148473, 0.20535584655762523, 0.25200107909323893, 0.14303145478525917, 0.19319213947980862, 0.20772479627761975, 0.1318496916126741, 0.1715361158601285, 0.24153389439386613, 1.0, 0.4585765858608693], [0.3686038122460277, 0.28420264013211216, 0.22685576765507506, 0.41127870850024667, 0.3088433514090248, 0.6150125252110484, 0.3697936147724503, 0.26607895415079286, 0.3810210290312241, 0.3675682883218705, 0.4211572410426494, 0.2603458200790093, 0.26900072604907177, 0.2912451401823174, 0.3110554060927087, 0.274976130537641, 0.33471041186645817, 0.4144464441584417, 0.4585765858608693, 1.0]], "meta_info": {"source": "pretrained"}}