{"model": "LSING", "dataset": "dim20_butterfly", "N": 300, "seed": 12340, "metrics": {"TP": 6, "FP": 83, "FN": 4, "TN": 97, "TPR": 0.6, "FDR": 0.9325842696629213, "FPR": 0.46111111111111114, "Hamming": 87}, "omega": [[1.0, 0.1711827498141627, 0.09245944769774514, 0.11036234860018586, 0.13066611815208143, 0.22313561091148962, 0.1405284124459237, 0.11356577078491042, 0.2404203705175579, 0.12955326306391407, 0.06723214355842361, 0.1500128080031314, 0.126839074214293, 0.05645344437031663, 0.08789430786872834, 0.7400479705546492, 0.15301755264257072, 0.05907850802567456, 0.2234675192381614, 0.09194777599550591], [0.1711827498141627, 1.0, 0.12254238151457784, 0.15589682193298696, 0.17085953841542237, 0.2825390246615862, 0.1968940156460884, 0.15499810763054242, 0.24355189834227614, 0.14124997904531264, 0.13791833761981245, 0.38123022419698416, 0.24134849098702263, 0.07322985315248177, 0.17178584549848183, 0.5066176514549118, 0.11790864439174609, 0.14471663899475645, 0.2822946314618541, 0.08873052444981197], [0.09245944769774514, 0.12254238151457784, 1.0, 0.12667508546874787, 0.08599411703746791, 0.19689182859218146, 0.05959753218552055, 0.10008191670854673, 0.42925989341127185, 0.2046162795236891, 0.0860470825741289, 0.34447002064168586, 0.1322131895308389, 0.06931278831744822, 0.09424974181773678, 0.49664528643797395, 0.08905593389267988, 0.09321240236727595, 0.2452444765788727, 0.07981043642488533], [0.11036234860018586, 0.15589682193298696, 0.12667508546874787, 1.0, 0.07237396590815974, 0.12561691771847475, 0.2049410185630981, 0.08802506585047133, 0.3204781931455957, 0.2547456651932151, 0.1095838966187751, 0.23842525715064786, 0.16614663873333574, 0.05844697239789968, 0.14870189814884827, 0.5183458654086586, 0.07534919814177936, 0.10987003067649, 0.16240497781968324, 0.1348154722905179], [0.13066611815208143, 0.17085953841542237, 0.08599411703746791, 0.07237396590815974, 1.0, 0.5069317153266745, 0.09302307749975353, 0.13071520047745036, 0.546661820858583, 0.1945877984401741, 0.07623749737846604, 0.2901588560194347, 0.16048686193856238, 0.04565778727176536, 0.1458097263394031, 0.6301691477016489, 0.07148392838490883, 0.06611396370835718, 0.24406435035018068, 0.11166536014923722], [0.22313561091148962, 0.2825390246615862, 0.19689182859218146, 0.12561691771847475, 0.5069317153266745, 1.0, 0.23674010830320255, 0.24787223100658345, 0.4019576850715056, 0.39237649131432606, 0.2842969067892132, 0.232553969896291, 0.3743905116706765, 0.2618162089869877, 0.24420251574063362, 0.4466754494648554, 0.1636150304191723, 0.22333812770718442, 0.32150594362855, 0.19699996869985162], [0.1405284124459237, 0.1968940156460884, 0.05959753218552055, 0.2049410185630981, 0.09302307749975353, 0.23674010830320255, 1.0, 0.15220660257873364, 0.42209578437409845, 0.30061213477445314, 0.16909066973056433, 0.21735807023917417, 0.17092299594938568, 0.0918656790473407, 0.15276760571800957, 0.42691135469738445, 0.08510374431248756, 0.06795950383579215, 0.2131918827461273, 0.1390904593044732], [0.11356577078491042, 0.15499810763054242, 0.10008191670854673, 0.08802506585047133, 0.13071520047745036, 0.24787223100658345, 0.15220660257873364, 1.0, 0.4734266649246434, 0.21873020661263112, 0.1545109514471395, 0.1750892750276045, 0.2707278418688369, 0.055052449509167954, 0.07947633371749284, 0.49156698390011805, 0.07943427231140811, 0.06874584862732437, 0.2951151561179891, 0.1371823298705053], [0.2404203705175579, 0.24355189834227614, 0.42925989341127185, 0.3204781931455957, 0.546661820858583, 0.4019576850715056, 0.42209578437409845, 0.4734266649246434, 1.0, 0.7603680422671577, 0.7483606510653598, 0.4123698127770488, 0.4707862497627578, 0.22710948236529713, 0.35345407541413204, 1.0, 0.32228675118058414, 0.33669692333022794, 0.46632432275915847, 0.41704966486567724], [0.12955326306391407, 0.14124997904531264, 0.2046162795236891, 0.2547456651932151, 0.1945877984401741, 0.39237649131432606, 0.30061213477445314, 0.21873020661263112, 0.7603680422671577, 1.0, 0.3111933983122069, 0.2982822006724022, 0.22140292569637848, 0.10289317576610044, 0.19488215318292615, 0.8011699251058959, 0.22135832738102984, 0.23928050146706256, 0.30937538502406303, 0.2737712391142597], [0.06723214355842361, 0.13791833761981245, 0.0860470825741289, 0.1095838966187751, 0.07623749737846604, 0.2842969067892132, 0.16909066973056433, 0.1545109514471395, 0.7483606510653598, 0.3111933983122069, 1.0, 0.3636520843143937, 0.18649419698765965, 0.06448352234754395, 0.09803186322866775, 0.7283968713157117, 0.14675587443412086, 0.08958069861110574, 0.2192562571868716, 0.1282456319587879], [0.1500128080031314, 0.38123022419698416, 0.34447002064168586, 0.23842525715064786, 0.2901588560194347, 0.232553969896291, 0.21735807023917417, 0.1750892750276045, 0.4123698127770488, 0.2982822006724022, 0.3636520843143937, 1.0, 0.45536238362235565, 0.2600396782866416, 0.15368333654540847, 0.49733895985738386, 0.1822236976471315, 0.3223472358598649, 0.4127142902527235, 0.21002472828950786], [0.126839074214293, 0.24134849098702263, 0.1322131895308389, 0.16614663873333574, 0.16048686193856238, 0.3743905116706765, 0.17092299594938568, 0.2707278418688369, 0.4707862497627578, 0.22140292569637848, 0.18649419698765965, 0.45536238362235565, 1.0, 0.23648715188989006, 0.2220114175790308, 0.37987013310534634, 0.19714136521517212, 0.1167841469965163, 0.4827670556208326, 0.3566885486355656], [0.05645344437031663, 0.07322985315248177, 0.06931278831744822, 0.05844697239789968, 0.04565778727176536, 0.2618162089869877, 0.0918656790473407, 0.055052449509167954, 0.22710948236529713, 0.10289317576610044, 0.06448352234754395, 0.2600396782866416, 0.23648715188989006, 1.0, 0.06597816762630343, 0.457906773563121, 0.05765036365614337, 0.03699949729265439, 0.16834497318591315, 0.10340214570576618], [0.08789430786872834, 0.17178584549848183, 0.09424974181773678, 0.14870189814884827, 0.1458097263394031, 0.24420251574063362, 0.15276760571800957, 0.07947633371749284, 0.35345407541413204, 0.19488215318292615, 0.09803186322866775, 0.15368333654540847, 0.2220114175790308, 0.06597816762630343, 1.0, 0.5930714088267122, 0.130293102736817, 0.06212282661792753, 0.23501561080246663, 0.12946818043914227], [0.7400479705546492, 0.5066176514549118, 0.49664528643797395, 0.5183458654086586, 0.6301691477016489, 0.4466754494648554, 0.42691135469738445, 0.49156698390011805, 1.0, 0.8011699251058959, 0.7283968713157117, 0.49733895985738386, 0.37987013310534634, 0.457906773563121, 0.5930714088267122, 1.0, 0.4559051979464758, 0.33771004582951314, 0.7733237686175803, 0.45062917034912325], [0.15301755264257072, 0.11790864439174609, 0.08905593389267988, 0.07534919814177936, 0.07148392838490883, 0.1636150304191723, 0.08510374431248756, 0.07943427231140811, 0.32228675118058414, 0.22135832738102984, 0.14675587443412086, 0.1822236976471315, 0.19714136521517212, 0.05765036365614337, 0.130293102736817, 0.4559051979464758, 1.0, 0.15936782668298963, 0.2555791268923255, 0.11291628171587179], [0.05907850802567456, 0.14471663899475645, 0.09321240236727595, 0.10987003067649, 0.06611396370835718, 0.22333812770718442, 0.06795950383579215, 0.06874584862732437, 0.33669692333022794, 0.23928050146706256, 0.08958069861110574, 0.3223472358598649, 0.1167841469965163, 0.03699949729265439, 0.06212282661792753, 0.33771004582951314, 0.15936782668298963, 1.0, 0.12824499818939777, 0.07958410748447507], [0.2234675192381614, 0.2822946314618541, 0.2452444765788727, 0.16240497781968324, 0.24406435035018068, 0.32150594362855, 0.2131918827461273, 0.2951151561179891, 0.46632432275915847, 0.30937538502406303, 0.2192562571868716, 0.4127142902527235, 0.4827670556208326, 0.16834497318591315, 0.23501561080246663, 0.7733237686175803, 0.2555791268923255, 0.12824499818939777, 1.0, 0.471226957610338], [0.09194777599550591, 0.08873052444981197, 0.07981043642488533, 0.1348154722905179, 0.11166536014923722, 0.19699996869985162, 0.1390904593044732, 0.1371823298705053, 0.41704966486567724, 0.2737712391142597, 0.1282456319587879, 0.21002472828950786, 0.3566885486355656, 0.10340214570576618, 0.12946818043914227, 0.45062917034912325, 0.11291628171587179, 0.07958410748447507, 0.471226957610338, 1.0]], "meta_info": {"source": "pretrained"}}