{"model": "LSING", "dataset": "0.3_dim20_pair_gau", "N": 1000, "seed": 123450, "metrics": {"TP": 9, "FP": 2, "FN": 1, "TN": 178, "TPR": 0.9, "FDR": 0.18181818181818182, "FPR": 0.011111111111111112, "Hamming": 3}, "omega": [[1.0, 0.7944439652703152, 0.19252849700863361, 0.09973778236167878, 0.15327647111867707, 0.12575852045915392, 0.10740914912015426, 0.12753702859699312, 0.08282471169471904, 0.1785662487007901, 0.10206007213437403, 0.1061991868831183, 0.10408635000795097, 0.10194223676557321, 0.11687978203593549, 0.13481523699536277, 0.1554340299217253, 0.18458416151388016, 0.16606130654875986, 0.10420500802836635], [0.7944439652703152, 1.0, 0.13646798198895027, 0.10635834656174965, 0.10122666585480539, 0.10684786217235101, 0.08075786751008923, 0.08523384137443406, 0.08001032911557844, 0.16840176599803683, 0.08078427484985738, 0.1446392489412808, 0.1348914604606792, 0.1492043099560803, 0.13749787492813278, 0.1080743688474131, 0.13841851794937537, 0.12999153787999906, 0.07879923322448827, 0.08443691713015171], [0.19252849700863361, 0.13646798198895027, 1.0, 0.3377385725352751, 0.07655719880178406, 0.1763810452364396, 0.06616519607769698, 0.11450145608889896, 0.10726728741951035, 0.14241939155634306, 0.10328647402725215, 0.15402792435393356, 0.13847753484243935, 0.1051462909104425, 0.13316897066191594, 0.16580070211019013, 0.10051002705752436, 0.11132138591711753, 0.08270895636374039, 0.06878204751949626], [0.09973778236167878, 0.10635834656174965, 0.3377385725352751, 1.0, 0.05232547827225932, 0.07504485078767309, 0.06553028961331932, 0.10867560010138992, 0.1201413348469053, 0.23303041383594253, 0.07384465112901153, 0.1307453587467316, 0.08725507186791516, 0.08280186694920581, 0.1042956245528253, 0.10027763354993192, 0.14487479037320863, 0.09216493983843961, 0.04708347753145374, 0.1306051646433985], [0.15327647111867707, 0.10122666585480539, 0.07655719880178406, 0.05232547827225932, 1.0, 0.42313184334672904, 0.052884767670342656, 0.08438284060559144, 0.06456076235914332, 0.12599234970560755, 0.08628374102253, 0.06666023393233429, 0.1748749061240808, 0.06888747288772137, 0.22158494441068824, 0.13878758309539305, 0.08417054521264737, 0.0806348509967024, 0.060732589856028744, 0.06624442255581778], [0.12575852045915392, 0.10684786217235101, 0.1763810452364396, 0.07504485078767309, 0.42313184334672904, 1.0, 0.08023449833643347, 0.08937544860151188, 0.0853583136913556, 0.11698787266162727, 0.056941791151468274, 0.09480383455351518, 0.08031412164920844, 0.09081876299165317, 0.1095172730264512, 0.10012860207261479, 0.0867402346393242, 0.16868305934441988, 0.08874684244462132, 0.05486732796441907], [0.10740914912015426, 0.08075786751008923, 0.06616519607769698, 0.06553028961331932, 0.052884767670342656, 0.08023449833643347, 1.0, 0.3935056483928678, 0.07454587133939204, 0.11528599597079953, 0.0661017382035593, 0.09864362227319304, 0.07545560363705292, 0.09196770632708892, 0.10158351830287034, 0.1548502660807568, 0.08077650090357022, 0.0785036215041364, 0.047874618690944316, 0.053748010119444196], [0.12753702859699312, 0.08523384137443406, 0.11450145608889896, 0.10867560010138992, 0.08438284060559144, 0.08937544860151188, 0.3935056483928678, 1.0, 0.10881348453785938, 0.07860179126347375, 0.09506863027944365, 0.12579473050664353, 0.19270691208562526, 0.09395225859736482, 0.13122849379115176, 0.15105883868309253, 0.11611774802950638, 0.09939806960362121, 0.05606902912948281, 0.05148112782798643], [0.08282471169471904, 0.08001032911557844, 0.10726728741951035, 0.1201413348469053, 0.06456076235914332, 0.0853583136913556, 0.07454587133939204, 0.10881348453785938, 1.0, 0.710379885444804, 0.058979236130566416, 0.09840553262772743, 0.18308306532280083, 0.057491215418401416, 0.10377731613571438, 0.09011109756225454, 0.08038261798580927, 0.08165573712688001, 0.06271668286822171, 0.06791029430470752], [0.1785662487007901, 0.16840176599803683, 0.14241939155634306, 0.23303041383594253, 0.12599234970560755, 0.11698787266162727, 0.11528599597079953, 0.07860179126347375, 0.710379885444804, 1.0, 0.14895858458763403, 0.15882289085680829, 0.1485165776651255, 0.08634721673193303, 0.18957931103511386, 0.15254871203344642, 0.12950626260373616, 0.09485246240450909, 0.07667514564099337, 0.14229340547127442], [0.10206007213437403, 0.08078427484985738, 0.10328647402725215, 0.07384465112901153, 0.08628374102253, 0.056941791151468274, 0.0661017382035593, 0.09506863027944365, 0.058979236130566416, 0.14895858458763403, 1.0, 0.27933220735736086, 0.11545824004597789, 0.06495340795537018, 0.10548399051292297, 0.12174886744281462, 0.10092196818145856, 0.07476236247851117, 0.06754226694819276, 0.04934937665390875], [0.1061991868831183, 0.1446392489412808, 0.15402792435393356, 0.1307453587467316, 0.06666023393233429, 0.09480383455351518, 0.09864362227319304, 0.12579473050664353, 0.09840553262772743, 0.15882289085680829, 0.27933220735736086, 1.0, 0.09765532786104587, 0.08554385395685707, 0.11294227935618688, 0.17084338261359833, 0.10768909144518655, 0.10926452948108724, 0.05475498585734798, 0.08976023330453295], [0.10408635000795097, 0.1348914604606792, 0.13847753484243935, 0.08725507186791516, 0.1748749061240808, 0.08031412164920844, 0.07545560363705292, 0.19270691208562526, 0.18308306532280083, 0.1485165776651255, 0.11545824004597789, 0.09765532786104587, 1.0, 0.4555233961940828, 0.1126968326637618, 0.09576729558806188, 0.11822056594435983, 0.09642868073326911, 0.10628077430449064, 0.13984873233711248], [0.10194223676557321, 0.1492043099560803, 0.1051462909104425, 0.08280186694920581, 0.06888747288772137, 0.09081876299165317, 0.09196770632708892, 0.09395225859736482, 0.057491215418401416, 0.08634721673193303, 0.06495340795537018, 0.08554385395685707, 0.4555233961940828, 1.0, 0.10889796573103579, 0.08168216453132168, 0.10196488978198386, 0.11320502402659938, 0.05287496719202938, 0.060640528675075925], [0.11687978203593549, 0.13749787492813278, 0.13316897066191594, 0.1042956245528253, 0.22158494441068824, 0.1095172730264512, 0.10158351830287034, 0.13122849379115176, 0.10377731613571438, 0.18957931103511386, 0.10548399051292297, 0.11294227935618688, 0.1126968326637618, 0.10889796573103579, 1.0, 1.0, 0.14403445955186542, 0.09197784121662764, 0.07849534594101107, 0.08780201257414744], [0.13481523699536277, 0.1080743688474131, 0.16580070211019013, 0.10027763354993192, 0.13878758309539305, 0.10012860207261479, 0.1548502660807568, 0.15105883868309253, 0.09011109756225454, 0.15254871203344642, 0.12174886744281462, 0.17084338261359833, 0.09576729558806188, 0.08168216453132168, 1.0, 1.0, 0.10230926646193209, 0.18010551235973188, 0.10647475956813832, 0.0822976818328489], [0.1554340299217253, 0.13841851794937537, 0.10051002705752436, 0.14487479037320863, 0.08417054521264737, 0.0867402346393242, 0.08077650090357022, 0.11611774802950638, 0.08038261798580927, 0.12950626260373616, 0.10092196818145856, 0.10768909144518655, 0.11822056594435983, 0.10196488978198386, 0.14403445955186542, 0.10230926646193209, 1.0, 0.5959884172079492, 0.05507019407551009, 0.08407983282363712], [0.18458416151388016, 0.12999153787999906, 0.11132138591711753, 0.09216493983843961, 0.0806348509967024, 0.16868305934441988, 0.0785036215041364, 0.09939806960362121, 0.08165573712688001, 0.09485246240450909, 0.07476236247851117, 0.10926452948108724, 0.09642868073326911, 0.11320502402659938, 0.09197784121662764, 0.18010551235973188, 0.5959884172079492, 1.0, 0.07207464706863502, 0.13708831481212366], [0.16606130654875986, 0.07879923322448827, 0.08270895636374039, 0.04708347753145374, 0.060732589856028744, 0.08874684244462132, 0.047874618690944316, 0.05606902912948281, 0.06271668286822171, 0.07667514564099337, 0.06754226694819276, 0.05475498585734798, 0.10628077430449064, 0.05287496719202938, 0.07849534594101107, 0.10647475956813832, 0.05507019407551009, 0.07207464706863502, 1.0, 0.185948385419799], [0.10420500802836635, 0.08443691713015171, 0.06878204751949626, 0.1306051646433985, 0.06624442255581778, 0.05486732796441907, 0.053748010119444196, 0.05148112782798643, 0.06791029430470752, 0.14229340547127442, 0.04934937665390875, 0.08976023330453295, 0.13984873233711248, 0.060640528675075925, 0.08780201257414744, 0.0822976818328489, 0.08407983282363712, 0.13708831481212366, 0.185948385419799, 1.0]], "meta_info": {"source": "pretrained"}}