{"model": "LSING", "dataset": "0.3_dim20_pair_gau", "N": 1000, "seed": 12340, "metrics": {"TP": 10, "FP": 24, "FN": 0, "TN": 156, "TPR": 1.0, "FDR": 0.7058823529411765, "FPR": 0.13333333333333333, "Hamming": 24}, "omega": [[1.0, 0.8240841735465452, 0.11700596767995562, 0.15892115153228115, 0.16794476068014555, 0.1650239705505402, 0.16078957563518262, 0.11291488595092886, 0.27556158648121826, 0.12583439476917996, 0.1452316171535829, 0.10908868398607804, 0.10721568108410828, 0.15371787306055615, 0.10474418830016663, 0.20219296314681556, 0.07282472837618072, 0.10756672234600982, 0.16155920619359748, 0.17821941381569426], [0.8240841735465452, 1.0, 0.17920736495315823, 0.12020126272529949, 0.22449671259424264, 0.3132305280443059, 0.12644015591305252, 0.10233226021044246, 0.17950197197912549, 0.1730726501925632, 0.18121488351320203, 0.1194104390986619, 0.21959258232831202, 0.23677940021085692, 0.17078418039109736, 0.21069109598564434, 0.11267839259130534, 0.16183593870583105, 0.2732683067910598, 0.14398554427991053], [0.11700596767995562, 0.17920736495315823, 1.0, 0.575644211232856, 0.11686331014325665, 0.13287066807988898, 0.15212846012106776, 0.06440586062204426, 0.14216603056470908, 0.23588574976265483, 0.15344797650186115, 0.09771564574351829, 0.18756149671096048, 0.09126903254146049, 0.15931369219137195, 0.08230389981690822, 0.052368428961157766, 0.08427922436777534, 0.1271795352273883, 0.14970974175831214], [0.15892115153228115, 0.12020126272529949, 0.575644211232856, 1.0, 0.1800212464875452, 0.1502914964521401, 0.10301112091408823, 0.07590243776552198, 0.1108008350740652, 0.15625177079142372, 0.3107914039303035, 0.10223800251459907, 0.11835004673814523, 0.11527884413398228, 0.0945116928985277, 0.1042354471792749, 0.08322951318466267, 0.1024905082355183, 0.11195253470708197, 0.13400801597239892], [0.16794476068014555, 0.22449671259424264, 0.11686331014325665, 0.1800212464875452, 1.0, 1.0, 0.12598128178342202, 0.12543950828169323, 0.2615924336570709, 0.1552191279954482, 0.20877861437715392, 0.19629945758643375, 0.1689220924432446, 0.16600265123214408, 0.21965336427369025, 0.12179586174589221, 0.17893419820756998, 0.1271941906089132, 0.1363870970904032, 0.24414804757858058], [0.1650239705505402, 0.3132305280443059, 0.13287066807988898, 0.1502914964521401, 1.0, 1.0, 0.14434890853038435, 0.1256906650841076, 0.197226895487385, 0.23124369125325556, 0.16162374468891552, 0.15440250025645574, 0.19447691283522936, 0.13140095150454179, 0.12466495766395089, 0.1618183597718494, 0.11744633583001847, 0.21496667859590718, 0.1525811055791957, 0.2033198743869891], [0.16078957563518262, 0.12644015591305252, 0.15212846012106776, 0.10301112091408823, 0.12598128178342202, 0.14434890853038435, 1.0, 0.2653105582291252, 0.1195550635842564, 0.12032253372339255, 0.18993895214032847, 0.11335101924927128, 0.13509139368927126, 0.1230569823160331, 0.1786647020250846, 0.11719856475930951, 0.0960100619002042, 0.14347422355390993, 0.14151747215982682, 0.19992179819628852], [0.11291488595092886, 0.10233226021044246, 0.06440586062204426, 0.07590243776552198, 0.12543950828169323, 0.1256906650841076, 0.2653105582291252, 1.0, 0.095925120340728, 0.08868954297738194, 0.139479001025565, 0.09735081702972745, 0.09816799562189421, 0.0883832605512083, 0.15132605782941536, 0.09403760447293208, 0.04864053682184224, 0.10443177662477073, 0.10992357855374783, 0.1309774851421195], [0.27556158648121826, 0.17950197197912549, 0.14216603056470908, 0.1108008350740652, 0.2615924336570709, 0.197226895487385, 0.1195550635842564, 0.095925120340728, 1.0, 0.8723579576991195, 0.1596590798187432, 0.24183184164801683, 0.17088417233413075, 0.12620108563540877, 0.16412887982281896, 0.23011467333557645, 0.08233775982105107, 0.11451069684850504, 0.19980663495070847, 0.21185604565281937], [0.12583439476917996, 0.1730726501925632, 0.23588574976265483, 0.15625177079142372, 0.1552191279954482, 0.23124369125325556, 0.12032253372339255, 0.08868954297738194, 0.8723579576991195, 1.0, 0.12112290726311035, 0.11112636780336392, 0.21285842645636122, 0.1541381122295037, 0.16487344521825908, 0.19311249520300933, 0.097991726636753, 0.18845323932621746, 0.15039200431619526, 0.16951843265429242], [0.1452316171535829, 0.18121488351320203, 0.15344797650186115, 0.3107914039303035, 0.20877861437715392, 0.16162374468891552, 0.18993895214032847, 0.139479001025565, 0.1596590798187432, 0.12112290726311035, 1.0, 0.7628855144596755, 0.15094532961205231, 0.13249670863884816, 0.10814395735671992, 0.17368785914014712, 0.16759987016417552, 0.10438783197690531, 0.1412543336290994, 0.25144544410352576], [0.10908868398607804, 0.1194104390986619, 0.09771564574351829, 0.10223800251459907, 0.19629945758643375, 0.15440250025645574, 0.11335101924927128, 0.09735081702972745, 0.24183184164801683, 0.11112636780336392, 0.7628855144596755, 1.0, 0.11710763636630978, 0.11457313404049481, 0.11498108246593396, 0.16164154396416688, 0.06812885151165289, 0.13357598854552147, 0.13134372726454288, 0.18188358164755422], [0.10721568108410828, 0.21959258232831202, 0.18756149671096048, 0.11835004673814523, 0.1689220924432446, 0.19447691283522936, 0.13509139368927126, 0.09816799562189421, 0.17088417233413075, 0.21285842645636122, 0.15094532961205231, 0.11710763636630978, 1.0, 0.8380868289920442, 0.11727610876371823, 0.13684870130210727, 0.10172964296029635, 0.12276691109571565, 0.13984044132056175, 0.21883460836048296], [0.15371787306055615, 0.23677940021085692, 0.09126903254146049, 0.11527884413398228, 0.16600265123214408, 0.13140095150454179, 0.1230569823160331, 0.0883832605512083, 0.12620108563540877, 0.1541381122295037, 0.13249670863884816, 0.11457313404049481, 0.8380868289920442, 1.0, 0.1590990905430215, 0.12377033448965566, 0.0951715773820912, 0.1500158495237232, 0.13314450122346372, 0.1701080551437025], [0.10474418830016663, 0.17078418039109736, 0.15931369219137195, 0.0945116928985277, 0.21965336427369025, 0.12466495766395089, 0.1786647020250846, 0.15132605782941536, 0.16412887982281896, 0.16487344521825908, 0.10814395735671992, 0.11498108246593396, 0.11727610876371823, 0.1590990905430215, 1.0, 0.6326621688098742, 0.09041581471625161, 0.13521231805292783, 0.12367492671986786, 0.25739774853785835], [0.20219296314681556, 0.21069109598564434, 0.08230389981690822, 0.1042354471792749, 0.12179586174589221, 0.1618183597718494, 0.11719856475930951, 0.09403760447293208, 0.23011467333557645, 0.19311249520300933, 0.17368785914014712, 0.16164154396416688, 0.13684870130210727, 0.12377033448965566, 0.6326621688098742, 1.0, 0.08117862232663699, 0.15927886214822462, 0.0891558630296757, 0.13462315774276642], [0.07282472837618072, 0.11267839259130534, 0.052368428961157766, 0.08322951318466267, 0.17893419820756998, 0.11744633583001847, 0.0960100619002042, 0.04864053682184224, 0.08233775982105107, 0.097991726636753, 0.16759987016417552, 0.06812885151165289, 0.10172964296029635, 0.0951715773820912, 0.09041581471625161, 0.08117862232663699, 1.0, 0.21515378057896142, 0.12555733980630776, 0.1478775852909885], [0.10756672234600982, 0.16183593870583105, 0.08427922436777534, 0.1024905082355183, 0.1271941906089132, 0.21496667859590718, 0.14347422355390993, 0.10443177662477073, 0.11451069684850504, 0.18845323932621746, 0.10438783197690531, 0.13357598854552147, 0.12276691109571565, 0.1500158495237232, 0.13521231805292783, 0.15927886214822462, 0.21515378057896142, 1.0, 0.14990670804381923, 0.16804255995883638], [0.16155920619359748, 0.2732683067910598, 0.1271795352273883, 0.11195253470708197, 0.1363870970904032, 0.1525811055791957, 0.14151747215982682, 0.10992357855374783, 0.19980663495070847, 0.15039200431619526, 0.1412543336290994, 0.13134372726454288, 0.13984044132056175, 0.13314450122346372, 0.12367492671986786, 0.0891558630296757, 0.12555733980630776, 0.14990670804381923, 1.0, 0.9729628364030778], [0.17821941381569426, 0.14398554427991053, 0.14970974175831214, 0.13400801597239892, 0.24414804757858058, 0.2033198743869891, 0.19992179819628852, 0.1309774851421195, 0.21185604565281937, 0.16951843265429242, 0.25144544410352576, 0.18188358164755422, 0.21883460836048296, 0.1701080551437025, 0.25739774853785835, 0.13462315774276642, 0.1478775852909885, 0.16804255995883638, 0.9729628364030778, 1.0]], "meta_info": {"source": "pretrained"}}