{"model": "LSING", "dataset": "0.3_dim20_pair_gau", "N": 1000, "seed": 1234560, "metrics": {"TP": 10, "FP": 22, "FN": 0, "TN": 158, "TPR": 1.0, "FDR": 0.6875, "FPR": 0.12222222222222222, "Hamming": 22}, "omega": [[1.0, 0.40355127929613854, 0.11493358568372238, 0.07375645664763045, 0.10812831381887512, 0.10345825999644664, 0.11943938106837865, 0.11727572875179641, 0.1042168389451144, 0.09958369807852972, 0.09298073754143053, 0.20602187405441114, 0.1193746982378507, 0.12188362918333905, 0.07742371243765268, 0.10664182622034671, 0.10176218640175946, 0.11007056934246306, 0.13016361494832726, 0.09822086635263842], [0.40355127929613854, 1.0, 0.18753923835402145, 0.13272427799337597, 0.1401120663174556, 0.13115626486888937, 0.12535803037728852, 0.11195855320908996, 0.10276538239933605, 0.1927941795637735, 0.17725067853061546, 0.3003062173356596, 0.23654597799535906, 0.1498258936105545, 0.07322145655522158, 0.15142389239885176, 0.27304534684957954, 0.18837894486347703, 0.14246978398855265, 0.09311164110178884], [0.11493358568372238, 0.18753923835402145, 1.0, 0.2657894300180946, 0.08921601738311864, 0.11516375120080931, 0.1669281162932472, 0.1402093856645391, 0.081359227105772, 0.15297950452391967, 0.13879860250820583, 0.1399330359521735, 0.14007953097848574, 0.13667988990259836, 0.07514568054674749, 0.11089752410353623, 0.14816853730532253, 0.0877990725118172, 0.1387419295698779, 0.07646303126158062], [0.07375645664763045, 0.13272427799337597, 0.2657894300180946, 1.0, 0.0755054107074755, 0.2063245501745718, 0.09874470992993249, 0.10680900194517282, 0.10733328395867152, 0.11988839707588683, 0.1335440727539689, 0.17680419870792177, 0.15742439774716638, 0.22929270527144666, 0.08237505006604198, 0.13086219221609804, 0.10866583997833991, 0.1177467913552252, 0.0952019666494395, 0.0991346281096425], [0.10812831381887512, 0.1401120663174556, 0.08921601738311864, 0.0755054107074755, 1.0, 0.5424985656390936, 0.10981213143534975, 0.13356867914280732, 0.11364732178209073, 0.12474613194717343, 0.12807794356961807, 0.18129542114765332, 0.1286461872440966, 0.22547518053116614, 0.0991039021631633, 0.19709126582468028, 0.09854986550800794, 0.09457283430389618, 0.09175699464257939, 0.09094706132400449], [0.10345825999644664, 0.13115626486888937, 0.11516375120080931, 0.2063245501745718, 0.5424985656390936, 1.0, 0.13867679481280057, 0.12118743970659039, 0.11543966584955649, 0.22027911118593757, 0.1713700686213367, 0.1970463362314641, 0.09922420399883497, 0.21877406761819465, 0.11530753298153212, 0.17949374513420127, 0.16319660599114305, 0.11461936520103515, 0.1265350089960364, 0.11067689626019314], [0.11943938106837865, 0.12535803037728852, 0.1669281162932472, 0.09874470992993249, 0.10981213143534975, 0.13867679481280057, 1.0, 0.5828576030706183, 0.13260792376983907, 0.24339885054168456, 0.3179113735612716, 0.1674474608405645, 0.11167458145193612, 0.20135977279021744, 0.1008123986790794, 0.1054871572592422, 0.15561607099374872, 0.10007215985411001, 0.13655808557977928, 0.10761051391603259], [0.11727572875179641, 0.11195855320908996, 0.1402093856645391, 0.10680900194517282, 0.13356867914280732, 0.12118743970659039, 0.5828576030706183, 1.0, 0.14763081553585874, 0.14982201176385043, 0.13148906155630824, 0.18534023796158733, 0.2649583438389393, 0.15231186061667873, 0.09747196672633446, 0.17251934481712422, 0.09928557832231105, 0.11746611124219229, 0.2537253721952393, 0.08627077158971166], [0.1042168389451144, 0.10276538239933605, 0.081359227105772, 0.10733328395867152, 0.11364732178209073, 0.11543966584955649, 0.13260792376983907, 0.14763081553585874, 1.0, 0.5749704190465321, 0.09548239550480128, 0.13985370935241084, 0.13322406154079433, 0.17035143629677085, 0.07005724223087673, 0.14203814017250643, 0.09246734560873764, 0.14053841180059815, 0.15691492813221186, 0.10681311650032398], [0.09958369807852972, 0.1927941795637735, 0.15297950452391967, 0.11988839707588683, 0.12474613194717343, 0.22027911118593757, 0.24339885054168456, 0.14982201176385043, 0.5749704190465321, 1.0, 0.12270167019911345, 0.23117930975032205, 0.16020329409936368, 0.26877424973784886, 0.08766901041171318, 0.15001295747613996, 0.1449090811469869, 0.14278686105174235, 0.11122531924563611, 0.08455765294442288], [0.09298073754143053, 0.17725067853061546, 0.13879860250820583, 0.1335440727539689, 0.12807794356961807, 0.1713700686213367, 0.3179113735612716, 0.13148906155630824, 0.09548239550480128, 0.12270167019911345, 1.0, 1.0, 0.1115945095106256, 0.1870996015087062, 0.09834215129718434, 0.09728137513559483, 0.18321060492189833, 0.2054443119242911, 0.11745068503296163, 0.16343983690712802], [0.20602187405441114, 0.3003062173356596, 0.1399330359521735, 0.17680419870792177, 0.18129542114765332, 0.1970463362314641, 0.1674474608405645, 0.18534023796158733, 0.13985370935241084, 0.23117930975032205, 1.0, 1.0, 0.22733229511640077, 0.4874678204688731, 0.1511644764417435, 0.2087819716111883, 0.14635126982591654, 0.11777983932729587, 0.2138401730055773, 0.13822602506047385], [0.1193746982378507, 0.23654597799535906, 0.14007953097848574, 0.15742439774716638, 0.1286461872440966, 0.09922420399883497, 0.11167458145193612, 0.2649583438389393, 0.13322406154079433, 0.16020329409936368, 0.1115945095106256, 0.22733229511640077, 1.0, 0.9220346030041109, 0.16931607931729142, 0.16532687982220806, 0.11164835284914058, 0.12486277284053643, 0.09750353413306795, 0.08730636465022436], [0.12188362918333905, 0.1498258936105545, 0.13667988990259836, 0.22929270527144666, 0.22547518053116614, 0.21877406761819465, 0.20135977279021744, 0.15231186061667873, 0.17035143629677085, 0.26877424973784886, 0.1870996015087062, 0.4874678204688731, 0.9220346030041109, 1.0, 0.18697137578178233, 0.13561371423051952, 0.1260012432701729, 0.15437312458913469, 0.16818264415883585, 0.1475470033964641], [0.07742371243765268, 0.07322145655522158, 0.07514568054674749, 0.08237505006604198, 0.0991039021631633, 0.11530753298153212, 0.1008123986790794, 0.09747196672633446, 0.07005724223087673, 0.08766901041171318, 0.09834215129718434, 0.1511644764417435, 0.16931607931729142, 0.18697137578178233, 1.0, 0.49193901986439775, 0.09244365993592896, 0.1329084650429418, 0.0730518036658393, 0.121230062450853], [0.10664182622034671, 0.15142389239885176, 0.11089752410353623, 0.13086219221609804, 0.19709126582468028, 0.17949374513420127, 0.1054871572592422, 0.17251934481712422, 0.14203814017250643, 0.15001295747613996, 0.09728137513559483, 0.2087819716111883, 0.16532687982220806, 0.13561371423051952, 0.49193901986439775, 1.0, 0.19978714259523744, 0.12929126854972994, 0.09453452172478374, 0.2030779368244457], [0.10176218640175946, 0.27304534684957954, 0.14816853730532253, 0.10866583997833991, 0.09854986550800794, 0.16319660599114305, 0.15561607099374872, 0.09928557832231105, 0.09246734560873764, 0.1449090811469869, 0.18321060492189833, 0.14635126982591654, 0.11164835284914058, 0.1260012432701729, 0.09244365993592896, 0.19978714259523744, 1.0, 0.5797529621087244, 0.10936073775457798, 0.11577142715301518], [0.11007056934246306, 0.18837894486347703, 0.0877990725118172, 0.1177467913552252, 0.09457283430389618, 0.11461936520103515, 0.10007215985411001, 0.11746611124219229, 0.14053841180059815, 0.14278686105174235, 0.2054443119242911, 0.11777983932729587, 0.12486277284053643, 0.15437312458913469, 0.1329084650429418, 0.12929126854972994, 0.5797529621087244, 1.0, 0.14869578719466797, 0.15536044919610362], [0.13016361494832726, 0.14246978398855265, 0.1387419295698779, 0.0952019666494395, 0.09175699464257939, 0.1265350089960364, 0.13655808557977928, 0.2537253721952393, 0.15691492813221186, 0.11122531924563611, 0.11745068503296163, 0.2138401730055773, 0.09750353413306795, 0.16818264415883585, 0.0730518036658393, 0.09453452172478374, 0.10936073775457798, 0.14869578719466797, 1.0, 0.3859062860824565], [0.09822086635263842, 0.09311164110178884, 0.07646303126158062, 0.0991346281096425, 0.09094706132400449, 0.11067689626019314, 0.10761051391603259, 0.08627077158971166, 0.10681311650032398, 0.08455765294442288, 0.16343983690712802, 0.13822602506047385, 0.08730636465022436, 0.1475470033964641, 0.121230062450853, 0.2030779368244457, 0.11577142715301518, 0.15536044919610362, 0.3859062860824565, 1.0]], "meta_info": {"source": "pretrained"}}