{"model": "LSING", "dataset": "0.3_dim20_pair_gau", "N": 500, "seed": 12340, "metrics": {"TP": 10, "FP": 51, "FN": 0, "TN": 129, "TPR": 1.0, "FDR": 0.8360655737704918, "FPR": 0.2833333333333333, "Hamming": 51}, "omega": [[1.0, 0.49972586502153077, 0.2056836878766748, 0.09170866793350996, 0.2013895504010312, 0.2098765528691914, 0.21560334634406825, 0.11588149929567294, 0.10014671714479732, 0.263331577813225, 0.17777574705775157, 0.11602364426414367, 0.1767696033893763, 0.22783905254726455, 0.13458573474466065, 0.1388244478261706, 0.132101184788622, 0.18300150417266103, 0.12536736744030172, 0.1474921490597943], [0.49972586502153077, 1.0, 0.30226068446702115, 0.13281606615490893, 0.13665719142210822, 0.3379258032767753, 0.19373686823688732, 0.11975946685001013, 0.11719435164257676, 0.16218264939769522, 0.10907623048593514, 0.10222062698637019, 0.339689701633302, 0.13524649164929892, 0.17350691547781932, 0.14310572452776182, 0.17025883245035725, 0.12884875778614732, 0.11109456108248271, 0.12121874090251011], [0.2056836878766748, 0.30226068446702115, 1.0, 0.47206301648884896, 0.24861130127887276, 0.4387290556019022, 0.2630271328102307, 0.17587182274495536, 0.2643857293330295, 0.36894652819410934, 0.21750857873939639, 0.31582764378557293, 0.3051650922406011, 0.3292173884837229, 0.4769321886755424, 0.15034173961773672, 0.2069646063022031, 0.25075674408233245, 0.22197352897357983, 0.2855452968198191], [0.09170866793350996, 0.13281606615490893, 0.47206301648884896, 1.0, 0.125262223684884, 0.25614847282790654, 0.17857450463199767, 0.07494691874435813, 0.07235078649582864, 0.1979921625888722, 0.13674915655164344, 0.07036161880470108, 0.3081263465915037, 0.25961875873481277, 0.10441955447279465, 0.09885244894240101, 0.10295990959315944, 0.13730106550453516, 0.09072067238213158, 0.10709867864919166], [0.2013895504010312, 0.13665719142210822, 0.24861130127887276, 0.125262223684884, 1.0, 1.0, 0.15763996809093628, 0.14110357584938973, 0.14273403348756483, 0.1921436074128915, 0.16004798095627434, 0.13285626218635768, 0.2223320413878943, 0.15848965938345874, 0.24431399750999766, 0.13336442576236354, 0.2091351186500132, 0.1862739925156489, 0.1488899024830585, 0.1645157266565541], [0.2098765528691914, 0.3379258032767753, 0.4387290556019022, 0.25614847282790654, 1.0, 1.0, 0.233301010247217, 0.2576933834985022, 0.16990268762467534, 0.24359425056569475, 0.3808598918912575, 0.1560127643589972, 0.48276093923748814, 0.31424802614013453, 0.1908366414373814, 0.19860958569399442, 0.1783000925519329, 0.2844416500650211, 0.19848734517763353, 0.1755095979842652], [0.21560334634406825, 0.19373686823688732, 0.2630271328102307, 0.17857450463199767, 0.15763996809093628, 0.233301010247217, 1.0, 0.5395341661377286, 0.13196006265104074, 0.21843211353210973, 0.1582466535092309, 0.25680850030334473, 0.14449432544832594, 0.1389863851836059, 0.3053781344672983, 0.1102054887632043, 0.2920041601099539, 0.17003061483628024, 0.12055140691000099, 0.1404274398061984], [0.11588149929567294, 0.11975946685001013, 0.17587182274495536, 0.07494691874435813, 0.14110357584938973, 0.2576933834985022, 0.5395341661377286, 1.0, 0.10922688817842213, 0.12196093307605266, 0.14450889773223313, 0.10569158119712453, 0.16895978832046116, 0.1893155900291674, 0.2189978816398025, 0.10104288407992654, 0.18216886277831187, 0.14980839239672342, 0.0932916067230715, 0.11403218844734107], [0.10014671714479732, 0.11719435164257676, 0.2643857293330295, 0.07235078649582864, 0.14273403348756483, 0.16990268762467534, 0.13196006265104074, 0.10922688817842213, 1.0, 0.4478399930626801, 0.09069842071650648, 0.11572789128619802, 0.18315790764823223, 0.22816474472260012, 0.16143820781120058, 0.12257598044249539, 0.14680006337476492, 0.1349290228713137, 0.09008057788396745, 0.08906376172914003], [0.263331577813225, 0.16218264939769522, 0.36894652819410934, 0.1979921625888722, 0.1921436074128915, 0.24359425056569475, 0.21843211353210973, 0.12196093307605266, 0.4478399930626801, 1.0, 0.1770799571763934, 0.11790877864374744, 0.20091705143038213, 0.28863464545828854, 0.15855194204208228, 0.19542008112882714, 0.27302129085659277, 0.1496530280521355, 0.11319941461472935, 0.25071649507557864], [0.17777574705775157, 0.10907623048593514, 0.21750857873939639, 0.13674915655164344, 0.16004798095627434, 0.3808598918912575, 0.1582466535092309, 0.14450889773223313, 0.09069842071650648, 0.1770799571763934, 1.0, 0.34389197993002046, 0.2540445096882868, 0.12822191730179983, 0.1255062157147901, 0.09681686469650692, 0.20267350471904017, 0.11110211210096148, 0.11148539047037832, 0.2031212071719109], [0.11602364426414367, 0.10222062698637019, 0.31582764378557293, 0.07036161880470108, 0.13285626218635768, 0.1560127643589972, 0.25680850030334473, 0.10569158119712453, 0.11572789128619802, 0.11790877864374744, 0.34389197993002046, 1.0, 0.17867189361776345, 0.16700164582047664, 0.12240052215720658, 0.09093415674887456, 0.1297474553108477, 0.12482609837367444, 0.09704516788607669, 0.20664584981680326], [0.1767696033893763, 0.339689701633302, 0.3051650922406011, 0.3081263465915037, 0.2223320413878943, 0.48276093923748814, 0.14449432544832594, 0.16895978832046116, 0.18315790764823223, 0.20091705143038213, 0.2540445096882868, 0.17867189361776345, 1.0, 0.930814349429024, 0.1552343554144185, 0.1710806913326207, 0.14924305624151785, 0.13271066567301296, 0.16061497972105324, 0.17695079523267895], [0.22783905254726455, 0.13524649164929892, 0.3292173884837229, 0.25961875873481277, 0.15848965938345874, 0.31424802614013453, 0.1389863851836059, 0.1893155900291674, 0.22816474472260012, 0.28863464545828854, 0.12822191730179983, 0.16700164582047664, 0.930814349429024, 1.0, 0.15958474043893545, 0.16946878320125366, 0.19111729645339298, 0.18444701279589967, 0.16815800096626957, 0.20485761949517306], [0.13458573474466065, 0.17350691547781932, 0.4769321886755424, 0.10441955447279465, 0.24431399750999766, 0.1908366414373814, 0.3053781344672983, 0.2189978816398025, 0.16143820781120058, 0.15855194204208228, 0.1255062157147901, 0.12240052215720658, 0.1552343554144185, 0.15958474043893545, 1.0, 0.43908478070016727, 0.10838353762240963, 0.17091892105114742, 0.12261252932794386, 0.19881450232390438], [0.1388244478261706, 0.14310572452776182, 0.15034173961773672, 0.09885244894240101, 0.13336442576236354, 0.19860958569399442, 0.1102054887632043, 0.10104288407992654, 0.12257598044249539, 0.19542008112882714, 0.09681686469650692, 0.09093415674887456, 0.1710806913326207, 0.16946878320125366, 0.43908478070016727, 1.0, 0.09433687876674794, 0.1715763119864044, 0.08533793110080728, 0.11440500011899069], [0.132101184788622, 0.17025883245035725, 0.2069646063022031, 0.10295990959315944, 0.2091351186500132, 0.1783000925519329, 0.2920041601099539, 0.18216886277831187, 0.14680006337476492, 0.27302129085659277, 0.20267350471904017, 0.1297474553108477, 0.14924305624151785, 0.19111729645339298, 0.10838353762240963, 0.09433687876674794, 1.0, 0.5947794711401948, 0.10384293865264076, 0.15956177360669244], [0.18300150417266103, 0.12884875778614732, 0.25075674408233245, 0.13730106550453516, 0.1862739925156489, 0.2844416500650211, 0.17003061483628024, 0.14980839239672342, 0.1349290228713137, 0.1496530280521355, 0.11110211210096148, 0.12482609837367444, 0.13271066567301296, 0.18444701279589967, 0.17091892105114742, 0.1715763119864044, 0.5947794711401948, 1.0, 0.13322501105961368, 0.19220653392522233], [0.12536736744030172, 0.11109456108248271, 0.22197352897357983, 0.09072067238213158, 0.1488899024830585, 0.19848734517763353, 0.12055140691000099, 0.0932916067230715, 0.09008057788396745, 0.11319941461472935, 0.11148539047037832, 0.09704516788607669, 0.16061497972105324, 0.16815800096626957, 0.12261252932794386, 0.08533793110080728, 0.10384293865264076, 0.13322501105961368, 1.0, 0.2600011507866262], [0.1474921490597943, 0.12121874090251011, 0.2855452968198191, 0.10709867864919166, 0.1645157266565541, 0.1755095979842652, 0.1404274398061984, 0.11403218844734107, 0.08906376172914003, 0.25071649507557864, 0.2031212071719109, 0.20664584981680326, 0.17695079523267895, 0.20485761949517306, 0.19881450232390438, 0.11440500011899069, 0.15956177360669244, 0.19220653392522233, 0.2600011507866262, 1.0]], "meta_info": {"source": "pretrained"}}