{"model": "LSING", "dataset": "0.3_dim20_pair_gau", "N": 500, "seed": 123450, "metrics": {"TP": 10, "FP": 82, "FN": 0, "TN": 98, "TPR": 1.0, "FDR": 0.8913043478260869, "FPR": 0.45555555555555555, "Hamming": 82}, "omega": [[1.0, 0.34466649654612413, 0.25903011924754044, 0.27632601922780636, 0.3456385166759122, 0.2629464576407245, 0.1355781622943096, 0.2145378471999233, 0.2778592109816806, 0.1581495734505733, 0.3030189780432363, 0.2626657277874793, 0.14511053386467998, 0.22186852104822918, 0.19563510956401592, 0.14731065788286504, 0.23223837826564625, 0.22586055201817118, 0.14722333021676903, 0.20247905744115474], [0.34466649654612413, 1.0, 0.08867390956854268, 0.13178908752796506, 0.2532070924133611, 0.12401380578595364, 0.122294800881398, 0.12834763147934736, 0.2799322132643596, 0.16282743403059136, 0.12633062252664057, 0.18902033338925286, 0.06932164083963482, 0.12271379953929518, 0.178062134507274, 0.07630856573385184, 0.1585891356024687, 0.08012051510303392, 0.08915682597239506, 0.10350282233041432], [0.25903011924754044, 0.08867390956854268, 1.0, 0.5598188751109633, 0.5022322258574304, 0.2803096055135429, 0.16591743169600595, 0.18116311370194557, 0.2811414714038398, 0.13463937053495922, 0.19044629829245732, 0.18868250302366132, 0.09702313960425149, 0.2456380282257464, 0.19392575756986824, 0.2965037579876651, 0.16497553982600785, 0.09132456006893064, 0.11422770026345007, 0.20202698735323404], [0.27632601922780636, 0.13178908752796506, 0.5598188751109633, 1.0, 0.27991001372028995, 0.1514964479181583, 0.17981060551206382, 0.1603743994599805, 0.14290420532546208, 0.26291206834119535, 0.28777191152186177, 0.273369751994244, 0.180328457282092, 0.32907092341125477, 0.16655199553735417, 0.19083057442117882, 0.19612861622102412, 0.15766297217179012, 0.1374317962758289, 0.2435038449799517], [0.3456385166759122, 0.2532070924133611, 0.5022322258574304, 0.27991001372028995, 1.0, 0.9805873909066334, 0.3443711690844893, 0.40591765287449655, 0.6197565175677122, 0.33496530438718025, 0.45231231792547094, 0.35177812027383615, 0.34130559822710477, 0.6396806148197913, 0.7352886119598124, 0.2860295719425694, 0.3699436765361921, 0.2019642498851884, 0.40458713784129036, 0.4399274403838833], [0.2629464576407245, 0.12401380578595364, 0.2803096055135429, 0.1514964479181583, 0.9805873909066334, 1.0, 0.29616376055443633, 0.22186202844479222, 0.19253321022554598, 0.17504122072227127, 0.18467279153363136, 0.21211731004439632, 0.10326266479904421, 0.2029711666835159, 0.1887237719029912, 0.15787825572244307, 0.26082299793994423, 0.12469309334561292, 0.14777730408048861, 0.1672241562823136], [0.1355781622943096, 0.122294800881398, 0.16591743169600595, 0.17981060551206382, 0.3443711690844893, 0.29616376055443633, 1.0, 0.8789975819308937, 0.20000818326017303, 0.1627762370576615, 0.30026428249783643, 0.24459783575987007, 0.20769321566454177, 0.1846766784962188, 0.16633672488591336, 0.1871690728627648, 0.19403325100425525, 0.2659902632275143, 0.232258724622907, 0.18480952318217164], [0.2145378471999233, 0.12834763147934736, 0.18116311370194557, 0.1603743994599805, 0.40591765287449655, 0.22186202844479222, 0.8789975819308937, 1.0, 0.24603334608004812, 0.23748238096615648, 0.3758098598344092, 0.21323832897345696, 0.16695091012197047, 0.28715246555712576, 0.15834390868073292, 0.2209034449943025, 0.2713550240522149, 0.14507914148210158, 0.1932033586934137, 0.1749870483310776], [0.2778592109816806, 0.2799322132643596, 0.2811414714038398, 0.14290420532546208, 0.6197565175677122, 0.19253321022554598, 0.20000818326017303, 0.24603334608004812, 1.0, 0.6701006891859851, 0.35921660573709485, 0.1742794362514573, 0.14724948551922407, 0.2484599802631735, 0.2058261923008352, 0.23519020817023714, 0.23984934339398498, 0.16996070693598891, 0.2818175492095483, 0.16695399518353737], [0.1581495734505733, 0.16282743403059136, 0.13463937053495922, 0.26291206834119535, 0.33496530438718025, 0.17504122072227127, 0.1627762370576615, 0.23748238096615648, 0.6701006891859851, 1.0, 0.238139656020322, 0.22290602187850847, 0.16543672105742718, 0.2718665294098769, 0.3019019320715106, 0.2176223068035983, 0.18027607788138386, 0.14735889233674318, 0.18863886498903756, 0.18277496485136685], [0.3030189780432363, 0.12633062252664057, 0.19044629829245732, 0.28777191152186177, 0.45231231792547094, 0.18467279153363136, 0.30026428249783643, 0.3758098598344092, 0.35921660573709485, 0.238139656020322, 1.0, 1.0, 0.20807593958807072, 0.2400378524800008, 0.22878313510913403, 0.1574675706067614, 0.31882442565914026, 0.1361491265702684, 0.13687878125354405, 0.16287515251598444], [0.2626657277874793, 0.18902033338925286, 0.18868250302366132, 0.273369751994244, 0.35177812027383615, 0.21211731004439632, 0.24459783575987007, 0.21323832897345696, 0.1742794362514573, 0.22290602187850847, 1.0, 1.0, 0.15268106856247707, 0.2741583238289072, 0.17562592050927603, 0.3015100540071093, 0.3535206232431488, 0.11642857458580716, 0.12945215876570432, 0.2454323287897034], [0.14511053386467998, 0.06932164083963482, 0.09702313960425149, 0.180328457282092, 0.34130559822710477, 0.10326266479904421, 0.20769321566454177, 0.16695091012197047, 0.14724948551922407, 0.16543672105742718, 0.20807593958807072, 0.15268106856247707, 1.0, 0.5140022753522233, 0.1593563334426384, 0.10781317575747527, 0.13802597268400923, 0.07868186812444046, 0.07448330571927331, 0.10944840457900704], [0.22186852104822918, 0.12271379953929518, 0.2456380282257464, 0.32907092341125477, 0.6396806148197913, 0.2029711666835159, 0.1846766784962188, 0.28715246555712576, 0.2484599802631735, 0.2718665294098769, 0.2400378524800008, 0.2741583238289072, 0.5140022753522233, 1.0, 0.26798871666357715, 0.16698866826573328, 0.2584463009066977, 0.268149754727501, 0.1384114269407716, 0.14595800350191251], [0.19563510956401592, 0.178062134507274, 0.19392575756986824, 0.16655199553735417, 0.7352886119598124, 0.1887237719029912, 0.16633672488591336, 0.15834390868073292, 0.2058261923008352, 0.3019019320715106, 0.22878313510913403, 0.17562592050927603, 0.1593563334426384, 0.26798871666357715, 1.0, 0.7946815722853101, 0.19541697528748303, 0.238155264066995, 0.16313376022043274, 0.1513895306485796], [0.14731065788286504, 0.07630856573385184, 0.2965037579876651, 0.19083057442117882, 0.2860295719425694, 0.15787825572244307, 0.1871690728627648, 0.2209034449943025, 0.23519020817023714, 0.2176223068035983, 0.1574675706067614, 0.3015100540071093, 0.10781317575747527, 0.16698866826573328, 0.7946815722853101, 1.0, 0.13466921071234506, 0.10702531122961034, 0.17804569661128755, 0.1519849926782352], [0.23223837826564625, 0.1585891356024687, 0.16497553982600785, 0.19612861622102412, 0.3699436765361921, 0.26082299793994423, 0.19403325100425525, 0.2713550240522149, 0.23984934339398498, 0.18027607788138386, 0.31882442565914026, 0.3535206232431488, 0.13802597268400923, 0.2584463009066977, 0.19541697528748303, 0.13466921071234506, 1.0, 0.5759112871993068, 0.1845907138468708, 0.23673269595631716], [0.22586055201817118, 0.08012051510303392, 0.09132456006893064, 0.15766297217179012, 0.2019642498851884, 0.12469309334561292, 0.2659902632275143, 0.14507914148210158, 0.16996070693598891, 0.14735889233674318, 0.1361491265702684, 0.11642857458580716, 0.07868186812444046, 0.268149754727501, 0.238155264066995, 0.10702531122961034, 0.5759112871993068, 1.0, 0.07646725829103738, 0.10326235306808448], [0.14722333021676903, 0.08915682597239506, 0.11422770026345007, 0.1374317962758289, 0.40458713784129036, 0.14777730408048861, 0.232258724622907, 0.1932033586934137, 0.2818175492095483, 0.18863886498903756, 0.13687878125354405, 0.12945215876570432, 0.07448330571927331, 0.1384114269407716, 0.16313376022043274, 0.17804569661128755, 0.1845907138468708, 0.07646725829103738, 1.0, 0.37453624322589274], [0.20247905744115474, 0.10350282233041432, 0.20202698735323404, 0.2435038449799517, 0.4399274403838833, 0.1672241562823136, 0.18480952318217164, 0.1749870483310776, 0.16695399518353737, 0.18277496485136685, 0.16287515251598444, 0.2454323287897034, 0.10944840457900704, 0.14595800350191251, 0.1513895306485796, 0.1519849926782352, 0.23673269595631716, 0.10326235306808448, 0.37453624322589274, 1.0]], "meta_info": {"source": "pretrained"}}