{"model": "LSING", "dataset": "0.5_dim20_pair_gau", "N": 50000, "seed": 12340, "metrics": {"TP": 10, "FP": 0, "FN": 0, "TN": 180, "TPR": 1.0, "FDR": 0.0, "FPR": 0.0, "Hamming": 0}, "omega": [[1.0, 0.9724019698972006, 0.05544169495333776, 0.05445652386866763, 0.05115837651716287, 0.059000758502171076, 0.06409495312785007, 0.04586601912678818, 0.05147769758938918, 0.05755793383125221, 0.05412034017736737, 0.04699229421356582, 0.0475753918009521, 0.04853734142332345, 0.049651403103288236, 0.06282106896831154, 0.04964322530018113, 0.054661556589282345, 0.051075010483549996, 0.04961448272749588], [0.9724019698972006, 1.0, 0.048230911597204974, 0.04742326334402089, 0.04606496769308591, 0.0671618752830799, 0.061840169911133516, 0.04233419624462162, 0.05277572840719967, 0.05208474914282848, 0.05784934459718569, 0.05420621530966083, 0.05213924004244236, 0.05453153990612669, 0.051645644574222244, 0.05811428683193963, 0.05457038447088543, 0.053501379971475645, 0.05051880097706817, 0.0449922337109423], [0.05544169495333776, 0.048230911597204974, 1.0, 1.0, 0.04976178704589632, 0.054398024697577624, 0.052299614633054756, 0.045891883615692755, 0.04459277317481165, 0.0467446601132289, 0.048541117370847674, 0.042603100286061305, 0.04276992254964484, 0.0510496653070085, 0.04944147244712274, 0.05215647847967381, 0.04858307917639639, 0.04718487027052391, 0.05016611681873663, 0.04905390963055266], [0.05445652386866763, 0.04742326334402089, 1.0, 1.0, 0.05326317959019761, 0.05170936420117273, 0.049414752459430555, 0.0477160461878821, 0.045840962305269344, 0.0478104940740009, 0.050260020793485675, 0.046276897701849284, 0.044729982334196026, 0.06024270221815694, 0.050590702506960204, 0.0548702436289994, 0.054090955297285664, 0.05868686971058493, 0.04276587191321278, 0.04380782297172881], [0.05115837651716287, 0.04606496769308591, 0.04976178704589632, 0.05326317959019761, 1.0, 0.9731661790378242, 0.05264193440990832, 0.044783030092085126, 0.052805878589711176, 0.053025443856823375, 0.05608516123632115, 0.047891894920302935, 0.04525817220546647, 0.05407686826613125, 0.0484139555390775, 0.056091649907636744, 0.056101361048826424, 0.04482308274139377, 0.05352614297152589, 0.04988882588263313], [0.059000758502171076, 0.0671618752830799, 0.054398024697577624, 0.05170936420117273, 0.9731661790378242, 1.0, 0.057737115729077165, 0.04806509242644908, 0.0528756933038705, 0.0593126520409938, 0.057000662467649024, 0.05249472848753456, 0.05190986250489083, 0.057007091008059424, 0.04885402356877841, 0.05662870635420112, 0.055172401427625764, 0.04988424363433465, 0.04688066665450929, 0.04780249666360939], [0.06409495312785007, 0.061840169911133516, 0.052299614633054756, 0.049414752459430555, 0.05264193440990832, 0.057737115729077165, 1.0, 0.9786950736433035, 0.04673044872042964, 0.05351576492393309, 0.06019554045591996, 0.0552810771058816, 0.050946383644271336, 0.057981818447785625, 0.050852155782601105, 0.05012860606678414, 0.05856666803109157, 0.049050767790756, 0.04953778712452568, 0.060454816719470346], [0.04586601912678818, 0.04233419624462162, 0.045891883615692755, 0.0477160461878821, 0.044783030092085126, 0.04806509242644908, 0.9786950736433035, 1.0, 0.050181085314296804, 0.05774825634587682, 0.044661662692997796, 0.048798714068886924, 0.04453042835901185, 0.05586108341809604, 0.05323636393970169, 0.044393825975125395, 0.05877764277842916, 0.05593193129053561, 0.052376489262129074, 0.05541763849142361], [0.05147769758938918, 0.05277572840719967, 0.04459277317481165, 0.045840962305269344, 0.052805878589711176, 0.0528756933038705, 0.04673044872042964, 0.050181085314296804, 1.0, 0.99040201424101, 0.05938104821243501, 0.05411947921213383, 0.04532712185455782, 0.04913526127884135, 0.04968750624541447, 0.05201918869021201, 0.05799355490719134, 0.05183528651632891, 0.04589364791111576, 0.050115332169461395], [0.05755793383125221, 0.05208474914282848, 0.0467446601132289, 0.0478104940740009, 0.053025443856823375, 0.0593126520409938, 0.05351576492393309, 0.05774825634587682, 0.99040201424101, 1.0, 0.05877091358349277, 0.05259607366180201, 0.049840110283141344, 0.04852051296953654, 0.04954540871675969, 0.04646707398904533, 0.0673254422781138, 0.060934081899692294, 0.05708381257664777, 0.05594468177566082], [0.05412034017736737, 0.05784934459718569, 0.048541117370847674, 0.050260020793485675, 0.05608516123632115, 0.057000662467649024, 0.06019554045591996, 0.044661662692997796, 0.05938104821243501, 0.05877091358349277, 1.0, 0.9350333892703813, 0.05108386339272911, 0.05897710792386701, 0.0545662409048726, 0.05745009451922324, 0.05759964828012273, 0.04935948942432945, 0.05155130738363347, 0.053327169806221486], [0.04699229421356582, 0.05420621530966083, 0.042603100286061305, 0.046276897701849284, 0.047891894920302935, 0.05249472848753456, 0.0552810771058816, 0.048798714068886924, 0.05411947921213383, 0.05259607366180201, 0.9350333892703813, 1.0, 0.046746656732603815, 0.05566714758271356, 0.04240596521319992, 0.04784876056210283, 0.05300016154441004, 0.05236525844897162, 0.06686240697584972, 0.05424091630840673], [0.0475753918009521, 0.05213924004244236, 0.04276992254964484, 0.044729982334196026, 0.04525817220546647, 0.05190986250489083, 0.050946383644271336, 0.04453042835901185, 0.04532712185455782, 0.049840110283141344, 0.05108386339272911, 0.046746656732603815, 1.0, 0.910781086464437, 0.054119203156614504, 0.05148861818174026, 0.05631916885357303, 0.04671182590576713, 0.04274028621305049, 0.04643781620383144], [0.04853734142332345, 0.05453153990612669, 0.0510496653070085, 0.06024270221815694, 0.05407686826613125, 0.057007091008059424, 0.057981818447785625, 0.05586108341809604, 0.04913526127884135, 0.04852051296953654, 0.05897710792386701, 0.05566714758271356, 0.910781086464437, 1.0, 0.05740251730709579, 0.05532475127561702, 0.05672444022172429, 0.05185377676967769, 0.05631909778977597, 0.055612649850042266], [0.049651403103288236, 0.051645644574222244, 0.04944147244712274, 0.050590702506960204, 0.0484139555390775, 0.04885402356877841, 0.050852155782601105, 0.05323636393970169, 0.04968750624541447, 0.04954540871675969, 0.0545662409048726, 0.04240596521319992, 0.054119203156614504, 0.05740251730709579, 1.0, 0.9424166335290715, 0.057225830841836606, 0.0486481490154909, 0.048748715221213726, 0.0479352657022894], [0.06282106896831154, 0.05811428683193963, 0.05215647847967381, 0.0548702436289994, 0.056091649907636744, 0.05662870635420112, 0.05012860606678414, 0.044393825975125395, 0.05201918869021201, 0.04646707398904533, 0.05745009451922324, 0.04784876056210283, 0.05148861818174026, 0.05532475127561702, 0.9424166335290715, 1.0, 0.04996129045645567, 0.05321399524296756, 0.047648409852424765, 0.04817512788312931], [0.04964322530018113, 0.05457038447088543, 0.04858307917639639, 0.054090955297285664, 0.056101361048826424, 0.055172401427625764, 0.05856666803109157, 0.05877764277842916, 0.05799355490719134, 0.0673254422781138, 0.05759964828012273, 0.05300016154441004, 0.05631916885357303, 0.05672444022172429, 0.057225830841836606, 0.04996129045645567, 1.0, 0.9882811206843886, 0.04654264213754304, 0.05023600396330449], [0.054661556589282345, 0.053501379971475645, 0.04718487027052391, 0.05868686971058493, 0.04482308274139377, 0.04988424363433465, 0.049050767790756, 0.05593193129053561, 0.05183528651632891, 0.060934081899692294, 0.04935948942432945, 0.05236525844897162, 0.04671182590576713, 0.05185377676967769, 0.0486481490154909, 0.05321399524296756, 0.9882811206843886, 1.0, 0.048987128793882936, 0.051209933301925324], [0.051075010483549996, 0.05051880097706817, 0.05016611681873663, 0.04276587191321278, 0.05352614297152589, 0.04688066665450929, 0.04953778712452568, 0.052376489262129074, 0.04589364791111576, 0.05708381257664777, 0.05155130738363347, 0.06686240697584972, 0.04274028621305049, 0.05631909778977597, 0.048748715221213726, 0.047648409852424765, 0.04654264213754304, 0.048987128793882936, 1.0, 0.9131610895580081], [0.04961448272749588, 0.0449922337109423, 0.04905390963055266, 0.04380782297172881, 0.04988882588263313, 0.04780249666360939, 0.060454816719470346, 0.05541763849142361, 0.050115332169461395, 0.05594468177566082, 0.053327169806221486, 0.05424091630840673, 0.04643781620383144, 0.055612649850042266, 0.0479352657022894, 0.04817512788312931, 0.05023600396330449, 0.051209933301925324, 0.9131610895580081, 1.0]], "meta_info": {"source": "pretrained"}}