{"model": "LSING", "dataset": "0.5_dim20_pair_gau", "N": 50000, "seed": 120, "metrics": {"TP": 10, "FP": 0, "FN": 0, "TN": 180, "TPR": 1.0, "FDR": 0.0, "FPR": 0.0, "Hamming": 0}, "omega": [[1.0, 0.971649709578474, 0.053308095515944995, 0.05027881260688038, 0.052876581140717874, 0.05204412411642556, 0.05492064163460603, 0.05723032347979651, 0.050296544646830414, 0.05783557125974292, 0.05183797886819104, 0.05086499282206145, 0.05090037737378978, 0.0510606376092739, 0.05558919932396886, 0.05044173292259208, 0.06175605234616663, 0.0484297853559874, 0.054897482482521576, 0.05108476481117313], [0.971649709578474, 1.0, 0.04649528725926658, 0.05137452707612845, 0.055742504957950766, 0.043773911378895206, 0.049521342421498346, 0.05448344236627398, 0.06117447653789494, 0.052833586565658064, 0.04459192307061145, 0.052379409403832254, 0.05042204284420648, 0.04376368378177277, 0.06261621808243778, 0.06425740531233269, 0.05277531709692029, 0.049807076173201785, 0.0496315794369502, 0.052858967021850084], [0.053308095515944995, 0.04649528725926658, 1.0, 0.940771629929551, 0.04597660863662343, 0.05061948935586174, 0.05641310569862241, 0.05324183483712148, 0.04582159177577347, 0.04407469926504122, 0.05952333183242649, 0.04514857913761713, 0.042803281012059935, 0.04764604756394569, 0.055210919461502354, 0.04266763200338244, 0.0456203114577696, 0.0474101903165094, 0.05835381796214292, 0.05251462923461737], [0.05027881260688038, 0.05137452707612845, 0.940771629929551, 1.0, 0.05750788776861545, 0.050898024436846205, 0.050905760608312194, 0.04937383411700211, 0.0539940369667126, 0.05155833587750354, 0.054877847251150975, 0.04749019017259083, 0.047257568899039634, 0.04469909139557396, 0.056194109794773, 0.0496842819336653, 0.04847464884308339, 0.055189710120801205, 0.05042649367947387, 0.05794281911287717], [0.052876581140717874, 0.055742504957950766, 0.04597660863662343, 0.05750788776861545, 1.0, 0.9471238795742082, 0.0508517280714833, 0.05124158888116741, 0.05207901504501887, 0.05363100731676731, 0.05140161327448702, 0.06165172235423046, 0.058316105154627776, 0.05402205830667695, 0.05349462198691341, 0.049309346367938524, 0.05050108287752539, 0.048562305342459054, 0.05329133701051123, 0.05849749520264129], [0.05204412411642556, 0.043773911378895206, 0.05061948935586174, 0.050898024436846205, 0.9471238795742082, 1.0, 0.04846731991070379, 0.046813490443851004, 0.053177013892441755, 0.0487731688051591, 0.05280869424789956, 0.05133668263577729, 0.05604414708635544, 0.05167318552691703, 0.05332168660626241, 0.0544693713645753, 0.04999507802887375, 0.049876467245406515, 0.05129605196706406, 0.04369717766255712], [0.05492064163460603, 0.049521342421498346, 0.05641310569862241, 0.050905760608312194, 0.0508517280714833, 0.04846731991070379, 1.0, 0.9551202672181673, 0.045806777597021515, 0.049693630607372336, 0.05299919986980635, 0.05331701912528576, 0.04896263918965773, 0.048601867865555134, 0.057318396816486185, 0.050981579750675125, 0.044317740100267365, 0.0588051129133304, 0.05064579946895804, 0.052657631856831214], [0.05723032347979651, 0.05448344236627398, 0.05324183483712148, 0.04937383411700211, 0.05124158888116741, 0.046813490443851004, 0.9551202672181673, 1.0, 0.046167692894538495, 0.04517126386302182, 0.04794976702304356, 0.058956071095070235, 0.0521358639760681, 0.0585537188777195, 0.06518618740672168, 0.054487750599302366, 0.05144681269954989, 0.0528774970858684, 0.05097644744124634, 0.06093831626070076], [0.050296544646830414, 0.06117447653789494, 0.04582159177577347, 0.0539940369667126, 0.05207901504501887, 0.053177013892441755, 0.045806777597021515, 0.046167692894538495, 1.0, 0.930642132178147, 0.047620656138350675, 0.0477998427075365, 0.0480376333122516, 0.04961788139495353, 0.05263844088628213, 0.047719973113115696, 0.04517625219903622, 0.052510496512036986, 0.05265706419022594, 0.055144313246484326], [0.05783557125974292, 0.052833586565658064, 0.04407469926504122, 0.05155833587750354, 0.05363100731676731, 0.0487731688051591, 0.049693630607372336, 0.04517126386302182, 0.930642132178147, 1.0, 0.053660131081733196, 0.0448047144058888, 0.04591640718178223, 0.05271598633844224, 0.05013109862607789, 0.05387883766757847, 0.05094764453131822, 0.043022415404622226, 0.04654510480299259, 0.048934860547734764], [0.05183797886819104, 0.04459192307061145, 0.05952333183242649, 0.054877847251150975, 0.05140161327448702, 0.05280869424789956, 0.05299919986980635, 0.04794976702304356, 0.047620656138350675, 0.053660131081733196, 1.0, 0.9763823488089378, 0.0547207928236937, 0.04674374423722413, 0.05014404252161828, 0.046479882103927984, 0.05212457646038075, 0.04502130801048113, 0.049096094317735164, 0.05423971868571107], [0.05086499282206145, 0.052379409403832254, 0.04514857913761713, 0.04749019017259083, 0.06165172235423046, 0.05133668263577729, 0.05331701912528576, 0.058956071095070235, 0.0477998427075365, 0.0448047144058888, 0.9763823488089378, 1.0, 0.05024403274349244, 0.04815788127911663, 0.05685243303113652, 0.048956803467261556, 0.04935056527088765, 0.053464039291348485, 0.05800642519617461, 0.058060529034123], [0.05090037737378978, 0.05042204284420648, 0.042803281012059935, 0.047257568899039634, 0.058316105154627776, 0.05604414708635544, 0.04896263918965773, 0.0521358639760681, 0.0480376333122516, 0.04591640718178223, 0.0547207928236937, 0.05024403274349244, 1.0, 0.9700348818239888, 0.051885380400906234, 0.04604121567794465, 0.048688328700003766, 0.05071169541513179, 0.0575654277720537, 0.04063354955269846], [0.0510606376092739, 0.04376368378177277, 0.04764604756394569, 0.04469909139557396, 0.05402205830667695, 0.05167318552691703, 0.048601867865555134, 0.0585537188777195, 0.04961788139495353, 0.05271598633844224, 0.04674374423722413, 0.04815788127911663, 0.9700348818239888, 1.0, 0.05270379521818274, 0.04567094347966839, 0.05598373035698035, 0.0525405307374519, 0.05050928799096964, 0.04775895288667738], [0.05558919932396886, 0.06261621808243778, 0.055210919461502354, 0.056194109794773, 0.05349462198691341, 0.05332168660626241, 0.057318396816486185, 0.06518618740672168, 0.05263844088628213, 0.05013109862607789, 0.05014404252161828, 0.05685243303113652, 0.051885380400906234, 0.05270379521818274, 1.0, 0.948434679355136, 0.046131236083666885, 0.0627188313628044, 0.05690834407822922, 0.061942746100530806], [0.05044173292259208, 0.06425740531233269, 0.04266763200338244, 0.0496842819336653, 0.049309346367938524, 0.0544693713645753, 0.050981579750675125, 0.054487750599302366, 0.047719973113115696, 0.05387883766757847, 0.046479882103927984, 0.048956803467261556, 0.04604121567794465, 0.04567094347966839, 0.948434679355136, 1.0, 0.047897381267840086, 0.05942330184646644, 0.04670896026031007, 0.05061639049951414], [0.06175605234616663, 0.05277531709692029, 0.0456203114577696, 0.04847464884308339, 0.05050108287752539, 0.04999507802887375, 0.044317740100267365, 0.05144681269954989, 0.04517625219903622, 0.05094764453131822, 0.05212457646038075, 0.04935056527088765, 0.048688328700003766, 0.05598373035698035, 0.046131236083666885, 0.047897381267840086, 1.0, 0.9153721089151147, 0.06195104993860206, 0.048781738651253105], [0.0484297853559874, 0.049807076173201785, 0.0474101903165094, 0.055189710120801205, 0.048562305342459054, 0.049876467245406515, 0.0588051129133304, 0.0528774970858684, 0.052510496512036986, 0.043022415404622226, 0.04502130801048113, 0.053464039291348485, 0.05071169541513179, 0.0525405307374519, 0.0627188313628044, 0.05942330184646644, 0.9153721089151147, 1.0, 0.053711322543185, 0.050898958207276614], [0.054897482482521576, 0.0496315794369502, 0.05835381796214292, 0.05042649367947387, 0.05329133701051123, 0.05129605196706406, 0.05064579946895804, 0.05097644744124634, 0.05265706419022594, 0.04654510480299259, 0.049096094317735164, 0.05800642519617461, 0.0575654277720537, 0.05050928799096964, 0.05690834407822922, 0.04670896026031007, 0.06195104993860206, 0.053711322543185, 1.0, 1.0], [0.05108476481117313, 0.052858967021850084, 0.05251462923461737, 0.05794281911287717, 0.05849749520264129, 0.04369717766255712, 0.052657631856831214, 0.06093831626070076, 0.055144313246484326, 0.048934860547734764, 0.05423971868571107, 0.058060529034123, 0.04063354955269846, 0.04775895288667738, 0.061942746100530806, 0.05061639049951414, 0.048781738651253105, 0.050898958207276614, 1.0, 1.0]], "meta_info": {"source": "pretrained"}}