{"model": "LSING", "dataset": "dim20_cop_gau", "N": 400, "seed": 12340, "metrics": {"TP": 19, "FP": 30, "FN": 0, "TN": 141, "TPR": 1.0, "FDR": 0.6122448979591837, "FPR": 0.17543859649122806, "Hamming": 30}, "omega": [[1.0, 0.9813948338018218, 0.14004497592293147, 0.0864780723763389, 0.16367209267857216, 0.13199808263151336, 0.08987025972016655, 0.11126541699127694, 0.10497298090127785, 0.16666056810106755, 0.09832717172830496, 0.1451009078704699, 0.09296761935503305, 0.09701648358419032, 0.10511397243562448, 0.08994968512232958, 0.12293162783437825, 0.13268212176684743, 0.12329095258111378, 0.12310095716102815], [0.9813948338018218, 1.0, 0.7975832223154787, 0.2518468513259845, 0.1103404788098521, 0.18294376392287123, 0.19898733147078917, 0.14668999995550158, 0.17420029064314593, 0.2080758429370053, 0.10709762645424262, 0.361032442087017, 0.2581936781778376, 0.2140249480395365, 0.11017960418312538, 0.1684556900130483, 0.18966831390692027, 0.20504720768987475, 0.16915765687747053, 0.09507011838633665], [0.14004497592293147, 0.7975832223154787, 1.0, 0.7089779328909049, 0.20968668148578173, 0.1875793098774171, 0.14347906451997158, 0.12383527523300057, 0.07437345367988248, 0.1717333238745665, 0.0945208581212356, 0.24506576695424057, 0.18266359502055826, 0.13664917522177328, 0.13547896302934295, 0.09647793716959922, 0.08270642688977947, 0.13262859102254632, 0.14441306497590925, 0.08325044147567716], [0.0864780723763389, 0.2518468513259845, 0.7089779328909049, 1.0, 0.8957855545803936, 0.1624683077113709, 0.18060899169317174, 0.12672096358249255, 0.10341827026423847, 0.14272857726226548, 0.09840511670224258, 0.21070650827054493, 0.24517645677560337, 0.08444471704481196, 0.10503771754593264, 0.17238139630567265, 0.11010402960582615, 0.14820847219122546, 0.1488723458403561, 0.12571981329831877], [0.16367209267857216, 0.1103404788098521, 0.20968668148578173, 0.8957855545803936, 1.0, 0.8853046019582044, 0.20555431853749437, 0.22419170330369967, 0.14632647994901166, 0.2036206824551627, 0.13485538612306483, 0.14951827464562142, 0.1453828481522202, 0.11959831746337095, 0.09685862543694027, 0.11226863388479427, 0.1842427583954828, 0.1645987252229371, 0.17067370095418305, 0.09306237959754259], [0.13199808263151336, 0.18294376392287123, 0.1875793098774171, 0.1624683077113709, 0.8853046019582044, 1.0, 0.8060226900869841, 0.17831055841410368, 0.08209972943248768, 0.14798910353481762, 0.093848080509281, 0.14904811032322285, 0.21058160462674042, 0.14638990303451846, 0.12375386665603269, 0.14365226178626245, 0.14804870146762636, 0.13062611502773278, 0.12113313003260023, 0.10971387686670875], [0.08987025972016655, 0.19898733147078917, 0.14347906451997158, 0.18060899169317174, 0.20555431853749437, 0.8060226900869841, 1.0, 0.6022539990388341, 0.10994166171479114, 0.16812092497155523, 0.14122916447027026, 0.12174134214767178, 0.12458513780133988, 0.11589629702969619, 0.0703939321097865, 0.16988154349275633, 0.23607646129390453, 0.13905732919794678, 0.13619384299314177, 0.10832973209896997], [0.11126541699127694, 0.14668999995550158, 0.12383527523300057, 0.12672096358249255, 0.22419170330369967, 0.17831055841410368, 0.6022539990388341, 1.0, 0.7160607122759505, 0.3098710675376491, 0.11246245873627224, 0.22221694469051692, 0.21336424490287706, 0.14732667180566375, 0.09845831584773598, 0.1357710652100394, 0.17338654716901047, 0.16799938010277082, 0.15129453179446384, 0.11980026541596439], [0.10497298090127785, 0.17420029064314593, 0.07437345367988248, 0.10341827026423847, 0.14632647994901166, 0.08209972943248768, 0.10994166171479114, 0.7160607122759505, 1.0, 0.6385111752649025, 0.15549481045726576, 0.1152252565676246, 0.1836660909540872, 0.07492343490497191, 0.12201143044623017, 0.0701711875635814, 0.07424978230003437, 0.1003232510751503, 0.1731242803236199, 0.09842878429972493], [0.16666056810106755, 0.2080758429370053, 0.1717333238745665, 0.14272857726226548, 0.2036206824551627, 0.14798910353481762, 0.16812092497155523, 0.3098710675376491, 0.6385111752649025, 1.0, 0.759364110723024, 0.2608319424724418, 0.14198567612954108, 0.1793801763643558, 0.13341769777494206, 0.12047461758741886, 0.1181821359721125, 0.0753567639482011, 0.17423357460605207, 0.07303489198179536], [0.09832717172830496, 0.10709762645424262, 0.0945208581212356, 0.09840511670224258, 0.13485538612306483, 0.093848080509281, 0.14122916447027026, 0.11246245873627224, 0.15549481045726576, 0.759364110723024, 1.0, 0.9782802181928713, 0.1974582395158298, 0.15823983245317738, 0.1148364323630852, 0.12960960423104675, 0.12063023369885933, 0.16791925299474372, 0.20796542267338297, 0.087724918122906], [0.1451009078704699, 0.361032442087017, 0.24506576695424057, 0.21070650827054493, 0.14951827464562142, 0.14904811032322285, 0.12174134214767178, 0.22221694469051692, 0.1152252565676246, 0.2608319424724418, 0.9782802181928713, 1.0, 1.0, 0.29387973428966147, 0.19476167801148195, 0.1338723603879167, 0.21245132557372157, 0.25190950424651853, 0.2579279926557068, 0.20773242209695728], [0.09296761935503305, 0.2581936781778376, 0.18266359502055826, 0.24517645677560337, 0.1453828481522202, 0.21058160462674042, 0.12458513780133988, 0.21336424490287706, 0.1836660909540872, 0.14198567612954108, 0.1974582395158298, 1.0, 1.0, 0.7047089426764499, 0.1488359940536418, 0.21555689602293654, 0.12777842148356366, 0.09551865818777786, 0.16525903044102727, 0.18960800998955313], [0.09701648358419032, 0.2140249480395365, 0.13664917522177328, 0.08444471704481196, 0.11959831746337095, 0.14638990303451846, 0.11589629702969619, 0.14732667180566375, 0.07492343490497191, 0.1793801763643558, 0.15823983245317738, 0.29387973428966147, 0.7047089426764499, 1.0, 0.5075640469191347, 0.2599241746912152, 0.22723708963898773, 0.12283068059992086, 0.09161056727955824, 0.10682206998437763], [0.10511397243562448, 0.11017960418312538, 0.13547896302934295, 0.10503771754593264, 0.09685862543694027, 0.12375386665603269, 0.0703939321097865, 0.09845831584773598, 0.12201143044623017, 0.13341769777494206, 0.1148364323630852, 0.19476167801148195, 0.1488359940536418, 0.5075640469191347, 1.0, 0.5735429334454237, 0.14743692520020865, 0.12343844345209164, 0.11212462159227672, 0.1124364528323587], [0.08994968512232958, 0.1684556900130483, 0.09647793716959922, 0.17238139630567265, 0.11226863388479427, 0.14365226178626245, 0.16988154349275633, 0.1357710652100394, 0.0701711875635814, 0.12047461758741886, 0.12960960423104675, 0.1338723603879167, 0.21555689602293654, 0.2599241746912152, 0.5735429334454237, 1.0, 0.5870468520448051, 0.20883014679002085, 0.16413734078122796, 0.12822630664477802], [0.12293162783437825, 0.18966831390692027, 0.08270642688977947, 0.11010402960582615, 0.1842427583954828, 0.14804870146762636, 0.23607646129390453, 0.17338654716901047, 0.07424978230003437, 0.1181821359721125, 0.12063023369885933, 0.21245132557372157, 0.12777842148356366, 0.22723708963898773, 0.14743692520020865, 0.5870468520448051, 1.0, 0.8461278158942882, 0.2973383012967524, 0.07824317325768146], [0.13268212176684743, 0.20504720768987475, 0.13262859102254632, 0.14820847219122546, 0.1645987252229371, 0.13062611502773278, 0.13905732919794678, 0.16799938010277082, 0.1003232510751503, 0.0753567639482011, 0.16791925299474372, 0.25190950424651853, 0.09551865818777786, 0.12283068059992086, 0.12343844345209164, 0.20883014679002085, 0.8461278158942882, 1.0, 0.6524677626057179, 0.17530715890591392], [0.12329095258111378, 0.16915765687747053, 0.14441306497590925, 0.1488723458403561, 0.17067370095418305, 0.12113313003260023, 0.13619384299314177, 0.15129453179446384, 0.1731242803236199, 0.17423357460605207, 0.20796542267338297, 0.2579279926557068, 0.16525903044102727, 0.09161056727955824, 0.11212462159227672, 0.16413734078122796, 0.2973383012967524, 0.6524677626057179, 1.0, 0.810951061321562], [0.12310095716102815, 0.09507011838633665, 0.08325044147567716, 0.12571981329831877, 0.09306237959754259, 0.10971387686670875, 0.10832973209896997, 0.11980026541596439, 0.09842878429972493, 0.07303489198179536, 0.087724918122906, 0.20773242209695728, 0.18960800998955313, 0.10682206998437763, 0.1124364528323587, 0.12822630664477802, 0.07824317325768146, 0.17530715890591392, 0.810951061321562, 1.0]], "meta_info": {"source": "pretrained"}}