{"model": "LSING", "dataset": "0.7_dim20_pair_gau", "N": 400, "seed": 123450, "metrics": {"TP": 10, "FP": 3, "FN": 0, "TN": 177, "TPR": 1.0, "FDR": 0.23076923076923078, "FPR": 0.016666666666666666, "Hamming": 3}, "omega": [[1.0, 0.7095612156482636, 0.08498143728187045, 0.07266280525716805, 0.09266613598629572, 0.07541361180701099, 0.06542058013267647, 0.04989597113614882, 0.059533462819473734, 0.07760712319141846, 0.12620650239702413, 0.10802832038737123, 0.04377469998515022, 0.06628636634532832, 0.14723668210864607, 0.10745975515098055, 0.07983056632559139, 0.06936585184006304, 0.05511367505417022, 0.03922002349467816], [0.7095612156482636, 1.0, 0.09583070615321763, 0.10334222772555818, 0.09196434726752756, 0.12275000431075647, 0.09851560927355262, 0.10139898376229771, 0.10833925094931625, 0.14354206140666917, 0.134265228230282, 0.11803141861166754, 0.08140587382865544, 0.1701734562353006, 0.2049035731673708, 0.2174028957047947, 0.10191919099749086, 0.13898317056317377, 0.14753455253974346, 0.0861726571947792], [0.08498143728187045, 0.09583070615321763, 1.0, 0.5956294969267635, 0.06712261251066283, 0.1366433654178094, 0.07551205292381483, 0.04197037644090891, 0.08288404318368087, 0.06690268680764665, 0.18643867511343298, 0.08108364884119884, 0.04899385705836771, 0.09400419154904038, 0.11621501520747209, 0.21727643872999236, 0.07968887760533272, 0.06845481486169583, 0.09736040366086, 0.07407824742274402], [0.07266280525716805, 0.10334222772555818, 0.5956294969267635, 1.0, 0.08269506400361175, 0.09402602134972367, 0.10774929835334948, 0.052721719700228535, 0.08695930733563459, 0.10106143975889119, 0.13438153747326803, 0.13542750478250423, 0.0740632592228513, 0.06198139813598019, 0.16176088102315375, 0.12251651311984822, 0.052663767018598664, 0.06274833123391646, 0.06903484297594624, 0.07362267312103542], [0.09266613598629572, 0.09196434726752756, 0.06712261251066283, 0.08269506400361175, 1.0, 0.819778620979424, 0.07357167873911201, 0.05558835347579623, 0.11104543995190917, 0.07877089754885679, 0.10583630274908712, 0.09675043161956598, 0.07263382232032743, 0.09022344907668467, 0.17156486451284278, 0.16251908707172796, 0.08908243202261766, 0.06170838558874006, 0.0749155448930947, 0.0570341718617912], [0.07541361180701099, 0.12275000431075647, 0.1366433654178094, 0.09402602134972367, 0.819778620979424, 1.0, 0.0921571704084087, 0.05458867504524021, 0.06915072804374234, 0.08768814990742509, 0.1618062210889091, 0.17548106499812194, 0.0823829420979515, 0.13017595614932903, 0.13432280646060785, 0.1371865694428447, 0.09495157364368095, 0.0764074786315558, 0.0968861067939503, 0.06993603462490525], [0.06542058013267647, 0.09851560927355262, 0.07551205292381483, 0.10774929835334948, 0.07357167873911201, 0.0921571704084087, 1.0, 0.33985330244049866, 0.09117035219838351, 0.0685966030297263, 0.1301654654241773, 0.07530016625394353, 0.05090554867909167, 0.054890234176852855, 0.13309546062243297, 0.08985617424860268, 0.07347740631053833, 0.07935649676787435, 0.06192597528389213, 0.0470937703837489], [0.04989597113614882, 0.10139898376229771, 0.04197037644090891, 0.052721719700228535, 0.05558835347579623, 0.05458867504524021, 0.33985330244049866, 1.0, 0.04989215558898588, 0.05152896139117642, 0.16305065875178223, 0.06912987141054024, 0.024831558611399317, 0.06173714831980026, 0.12947914692256313, 0.09128164338798636, 0.06026666891594525, 0.053904964510702834, 0.08631087742030304, 0.052324960637354194], [0.059533462819473734, 0.10833925094931625, 0.08288404318368087, 0.08695930733563459, 0.11104543995190917, 0.06915072804374234, 0.09117035219838351, 0.04989215558898588, 1.0, 0.4801862532557577, 0.1411548338809807, 0.08662861913984318, 0.09685494310954235, 0.057462663896828386, 0.1757578829447932, 0.10405176119324856, 0.06321169087547454, 0.06413189531476463, 0.07640862126615831, 0.06435332085254326], [0.07760712319141846, 0.14354206140666917, 0.06690268680764665, 0.10106143975889119, 0.07877089754885679, 0.08768814990742509, 0.0685966030297263, 0.05152896139117642, 0.4801862532557577, 1.0, 0.10682979004846199, 0.07744541705537891, 0.05179872970855487, 0.1097083017441207, 0.1398625547364595, 0.12691525043027194, 0.06878537722561272, 0.052576123088447405, 0.12351455472126227, 0.06859693587532988], [0.12620650239702413, 0.134265228230282, 0.18643867511343298, 0.13438153747326803, 0.10583630274908712, 0.1618062210889091, 0.1301654654241773, 0.16305065875178223, 0.1411548338809807, 0.10682979004846199, 1.0, 1.0, 0.16377088082539476, 0.11145839175044282, 0.18510448380696395, 0.19259079841347276, 0.1499054564240322, 0.11030229110780401, 0.10165884079001115, 0.10053081080312266], [0.10802832038737123, 0.11803141861166754, 0.08108364884119884, 0.13542750478250423, 0.09675043161956598, 0.17548106499812194, 0.07530016625394353, 0.06912987141054024, 0.08662861913984318, 0.07744541705537891, 1.0, 1.0, 0.07548358853607003, 0.072461015580454, 0.15197276858602543, 0.12958581683509682, 0.10387369488397473, 0.07918966501249437, 0.0901583858793711, 0.07408347959326851], [0.04377469998515022, 0.08140587382865544, 0.04899385705836771, 0.0740632592228513, 0.07263382232032743, 0.0823829420979515, 0.05090554867909167, 0.024831558611399317, 0.09685494310954235, 0.05179872970855487, 0.16377088082539476, 0.07548358853607003, 1.0, 0.29211954099519666, 0.0949824389847735, 0.08705237624321487, 0.05370097886482374, 0.05597581417200727, 0.041106494957518995, 0.057016839535848914], [0.06628636634532832, 0.1701734562353006, 0.09400419154904038, 0.06198139813598019, 0.09022344907668467, 0.13017595614932903, 0.054890234176852855, 0.06173714831980026, 0.057462663896828386, 0.1097083017441207, 0.11145839175044282, 0.072461015580454, 0.29211954099519666, 1.0, 0.11583337119113817, 0.13653960485998745, 0.04649705939839245, 0.09668878617832816, 0.04885069996131522, 0.042728193831354566], [0.14723668210864607, 0.2049035731673708, 0.11621501520747209, 0.16176088102315375, 0.17156486451284278, 0.13432280646060785, 0.13309546062243297, 0.12947914692256313, 0.1757578829447932, 0.1398625547364595, 0.18510448380696395, 0.15197276858602543, 0.0949824389847735, 0.11583337119113817, 1.0, 0.8796590063360489, 0.09562332710581915, 0.14616583053144985, 0.17976934627727129, 0.11079864711413608], [0.10745975515098055, 0.2174028957047947, 0.21727643872999236, 0.12251651311984822, 0.16251908707172796, 0.1371865694428447, 0.08985617424860268, 0.09128164338798636, 0.10405176119324856, 0.12691525043027194, 0.19259079841347276, 0.12958581683509682, 0.08705237624321487, 0.13653960485998745, 0.8796590063360489, 1.0, 0.10001965331516331, 0.16209648680978334, 0.18110520181175818, 0.08076526781455427], [0.07983056632559139, 0.10191919099749086, 0.07968887760533272, 0.052663767018598664, 0.08908243202261766, 0.09495157364368095, 0.07347740631053833, 0.06026666891594525, 0.06321169087547454, 0.06878537722561272, 0.1499054564240322, 0.10387369488397473, 0.05370097886482374, 0.04649705939839245, 0.09562332710581915, 0.10001965331516331, 1.0, 0.5399153318719084, 0.0855205172686956, 0.07630806536204396], [0.06936585184006304, 0.13898317056317377, 0.06845481486169583, 0.06274833123391646, 0.06170838558874006, 0.0764074786315558, 0.07935649676787435, 0.053904964510702834, 0.06413189531476463, 0.052576123088447405, 0.11030229110780401, 0.07918966501249437, 0.05597581417200727, 0.09668878617832816, 0.14616583053144985, 0.16209648680978334, 0.5399153318719084, 1.0, 0.05473235576525442, 0.07900283207770441], [0.05511367505417022, 0.14753455253974346, 0.09736040366086, 0.06903484297594624, 0.0749155448930947, 0.0968861067939503, 0.06192597528389213, 0.08631087742030304, 0.07640862126615831, 0.12351455472126227, 0.10165884079001115, 0.0901583858793711, 0.041106494957518995, 0.04885069996131522, 0.17976934627727129, 0.18110520181175818, 0.0855205172686956, 0.05473235576525442, 1.0, 0.35193598752319327], [0.03922002349467816, 0.0861726571947792, 0.07407824742274402, 0.07362267312103542, 0.0570341718617912, 0.06993603462490525, 0.0470937703837489, 0.052324960637354194, 0.06435332085254326, 0.06859693587532988, 0.10053081080312266, 0.07408347959326851, 0.057016839535848914, 0.042728193831354566, 0.11079864711413608, 0.08076526781455427, 0.07630806536204396, 0.07900283207770441, 0.35193598752319327, 1.0]], "meta_info": {"source": "pretrained"}}