{"model": "LSING", "dataset": "0.7_dim20_pair_gau", "N": 400, "seed": 12340, "metrics": {"TP": 10, "FP": 0, "FN": 0, "TN": 180, "TPR": 1.0, "FDR": 0.0, "FPR": 0.0, "Hamming": 0}, "omega": [[1.0, 0.6167523035715261, 0.07544961385409608, 0.0902672714473077, 0.11086223393420672, 0.09655799616599405, 0.09816785845700372, 0.09459286614124812, 0.10236803483743549, 0.11714415047788931, 0.06382430022883302, 0.050004570526477526, 0.053603668442190285, 0.07904031969224423, 0.09291250572344364, 0.06626211811325076, 0.09641022079682304, 0.11850973552061327, 0.08999610682405036, 0.07276971492107838], [0.6167523035715261, 1.0, 0.08549195256332105, 0.08299199707172128, 0.11632092273319279, 0.15497591197899083, 0.08023986315574431, 0.09704839271190281, 0.10023025710221291, 0.14337377357851203, 0.06300715031189916, 0.07780469497046849, 0.16398096652497038, 0.07006398755769541, 0.08029614851607872, 0.08684263757752222, 0.10815770811061991, 0.08043106226665349, 0.1349259763590827, 0.06354154799318355], [0.07544961385409608, 0.08549195256332105, 1.0, 0.5389815415809818, 0.07767089159227343, 0.07640598810406408, 0.08115897097102294, 0.07347143520066893, 0.12062392427123853, 0.12582950660830056, 0.06085471098601217, 0.06895110690521274, 0.08893492043431521, 0.07950162681943047, 0.09630360167210954, 0.048600755947126414, 0.13939932538355956, 0.049515243444492374, 0.0859481636656909, 0.05142263293667996], [0.0902672714473077, 0.08299199707172128, 0.5389815415809818, 1.0, 0.09936281549816905, 0.08804013094296544, 0.08952603359912951, 0.08053766970323668, 0.1087700960102296, 0.1109062000051914, 0.136311078241803, 0.10103863157090791, 0.1496568729609823, 0.08749742767628076, 0.08287295112685919, 0.05484113930414894, 0.15442203018447498, 0.09680289054756029, 0.09014026588570258, 0.07548094973146474], [0.11086223393420672, 0.11632092273319279, 0.07767089159227343, 0.09936281549816905, 1.0, 0.6004132511456425, 0.06944313745173925, 0.0816158927117158, 0.16948690342193298, 0.1065484465895083, 0.1384025966948735, 0.06736871172043818, 0.07683084462805677, 0.09836845949993653, 0.12071921759767892, 0.05328180772251414, 0.1346536242217856, 0.05981484842121972, 0.07773476254918085, 0.10066433322339634], [0.09655799616599405, 0.15497591197899083, 0.07640598810406408, 0.08804013094296544, 0.6004132511456425, 1.0, 0.10368556997644346, 0.10830194898918431, 0.07907290619955637, 0.09961312849694834, 0.09504280071763999, 0.06268585529773016, 0.0874712369138758, 0.06754210045837668, 0.08202533492945194, 0.05303045915538915, 0.12607998791615635, 0.10433897620057295, 0.11041835614694295, 0.08829687708866889], [0.09816785845700372, 0.08023986315574431, 0.08115897097102294, 0.08952603359912951, 0.06944313745173925, 0.10368556997644346, 1.0, 0.6168415821861075, 0.09364328970787004, 0.13571731888428587, 0.0825699129722388, 0.09459521078018887, 0.06307967749811624, 0.06714140096211453, 0.08048652478261387, 0.06735058693676209, 0.11667145443652627, 0.05971757278787827, 0.06304755617839057, 0.05843063951165533], [0.09459286614124812, 0.09704839271190281, 0.07347143520066893, 0.08053766970323668, 0.0816158927117158, 0.10830194898918431, 0.6168415821861075, 1.0, 0.08582730839825638, 0.09993637075362745, 0.06593757263004177, 0.05565023200845166, 0.08028673022067265, 0.08147050405875468, 0.08539494341935074, 0.0617912645045957, 0.1420606962924054, 0.0779540739511184, 0.06165567985534097, 0.06552918234403378], [0.10236803483743549, 0.10023025710221291, 0.12062392427123853, 0.1087700960102296, 0.16948690342193298, 0.07907290619955637, 0.09364328970787004, 0.08582730839825638, 1.0, 1.0, 0.10596527901568065, 0.0627577723635449, 0.11873614395527676, 0.11388004606507218, 0.09591887049948075, 0.09380207763342178, 0.1255034638755985, 0.11104195997640082, 0.10464326966038894, 0.06467661037937389], [0.11714415047788931, 0.14337377357851203, 0.12582950660830056, 0.1109062000051914, 0.1065484465895083, 0.09961312849694834, 0.13571731888428587, 0.09993637075362745, 1.0, 1.0, 0.09691048679996796, 0.07140121953390653, 0.1566969985180573, 0.1254207773665135, 0.1153328455985643, 0.10313682628401312, 0.12075665234144481, 0.08984190532083337, 0.10012703221054224, 0.07897936375503684], [0.06382430022883302, 0.06300715031189916, 0.06085471098601217, 0.136311078241803, 0.1384025966948735, 0.09504280071763999, 0.0825699129722388, 0.06593757263004177, 0.10596527901568065, 0.09691048679996796, 1.0, 0.33630638849639627, 0.05970814747959402, 0.06971741813053797, 0.07244883600434851, 0.03440378716367265, 0.1146616383519684, 0.07461046453828743, 0.09772048825640249, 0.09788729190172275], [0.050004570526477526, 0.07780469497046849, 0.06895110690521274, 0.10103863157090791, 0.06736871172043818, 0.06268585529773016, 0.09459521078018887, 0.05565023200845166, 0.0627577723635449, 0.07140121953390653, 0.33630638849639627, 1.0, 0.054670820453637095, 0.07123604521395188, 0.06565206199563847, 0.04340562279856403, 0.0915453848603966, 0.08042758855432453, 0.08165696480163503, 0.05170281612128666], [0.053603668442190285, 0.16398096652497038, 0.08893492043431521, 0.1496568729609823, 0.07683084462805677, 0.0874712369138758, 0.06307967749811624, 0.08028673022067265, 0.11873614395527676, 0.1566969985180573, 0.05970814747959402, 0.054670820453637095, 1.0, 0.54701037075647, 0.06719444637272622, 0.07774183153039403, 0.12558360237227528, 0.07707150089357159, 0.07423949029503683, 0.08314109319961763], [0.07904031969224423, 0.07006398755769541, 0.07950162681943047, 0.08749742767628076, 0.09836845949993653, 0.06754210045837668, 0.06714140096211453, 0.08147050405875468, 0.11388004606507218, 0.1254207773665135, 0.06971741813053797, 0.07123604521395188, 0.54701037075647, 1.0, 0.08340894306911825, 0.050545763686725795, 0.1281838817616021, 0.07081757742198819, 0.09453885295344654, 0.10923938379279342], [0.09291250572344364, 0.08029614851607872, 0.09630360167210954, 0.08287295112685919, 0.12071921759767892, 0.08202533492945194, 0.08048652478261387, 0.08539494341935074, 0.09591887049948075, 0.1153328455985643, 0.07244883600434851, 0.06565206199563847, 0.06719444637272622, 0.08340894306911825, 1.0, 0.48711240570296976, 0.09868775350619598, 0.062238644055701176, 0.08623118472833756, 0.05659379606759681], [0.06626211811325076, 0.08684263757752222, 0.048600755947126414, 0.05484113930414894, 0.05328180772251414, 0.05303045915538915, 0.06735058693676209, 0.0617912645045957, 0.09380207763342178, 0.10313682628401312, 0.03440378716367265, 0.04340562279856403, 0.07774183153039403, 0.050545763686725795, 0.48711240570296976, 1.0, 0.07448188224790311, 0.05232007095835861, 0.09067410721198409, 0.08349477602288345], [0.09641022079682304, 0.10815770811061991, 0.13939932538355956, 0.15442203018447498, 0.1346536242217856, 0.12607998791615635, 0.11667145443652627, 0.1420606962924054, 0.1255034638755985, 0.12075665234144481, 0.1146616383519684, 0.0915453848603966, 0.12558360237227528, 0.1281838817616021, 0.09868775350619598, 0.07448188224790311, 1.0, 0.7935563692904606, 0.1448089731253791, 0.09293177009982524], [0.11850973552061327, 0.08043106226665349, 0.049515243444492374, 0.09680289054756029, 0.05981484842121972, 0.10433897620057295, 0.05971757278787827, 0.0779540739511184, 0.11104195997640082, 0.08984190532083337, 0.07461046453828743, 0.08042758855432453, 0.07707150089357159, 0.07081757742198819, 0.062238644055701176, 0.05232007095835861, 0.7935563692904606, 1.0, 0.0728961711405588, 0.04594054683843368], [0.08999610682405036, 0.1349259763590827, 0.0859481636656909, 0.09014026588570258, 0.07773476254918085, 0.11041835614694295, 0.06304755617839057, 0.06165567985534097, 0.10464326966038894, 0.10012703221054224, 0.09772048825640249, 0.08165696480163503, 0.07423949029503683, 0.09453885295344654, 0.08623118472833756, 0.09067410721198409, 0.1448089731253791, 0.0728961711405588, 1.0, 0.5791584142232988], [0.07276971492107838, 0.06354154799318355, 0.05142263293667996, 0.07548094973146474, 0.10066433322339634, 0.08829687708866889, 0.05843063951165533, 0.06552918234403378, 0.06467661037937389, 0.07897936375503684, 0.09788729190172275, 0.05170281612128666, 0.08314109319961763, 0.10923938379279342, 0.05659379606759681, 0.08349477602288345, 0.09293177009982524, 0.04594054683843368, 0.5791584142232988, 1.0]], "meta_info": {"source": "pretrained"}}