{"model": "LSING", "dataset": "dim20_pair_gau", "N": 200, "seed": 1234560, "metrics": {"TP": 10, "FP": 11, "FN": 0, "TN": 169, "TPR": 1.0, "FDR": 0.5238095238095238, "FPR": 0.06111111111111111, "Hamming": 11}, "omega": [[1.0, 1.0, 0.13100636420537076, 0.04389914333942659, 0.09926757072916041, 0.07355959403861853, 0.10948115927250013, 0.10458373195084929, 0.1347835314477439, 0.09952045447125123, 0.09839055083731134, 0.08349072536810653, 0.11421157736894194, 0.07934269542926686, 0.11717669576027116, 0.05096859224533728, 0.046044387018621534, 0.08200492049649909, 0.07690459241086244, 0.13260232504636096], [1.0, 1.0, 0.1703477070635411, 0.1904955331215866, 0.21390790519766256, 0.22005418866660695, 0.1337249320211365, 0.15685086924062352, 0.2471980426155267, 0.15026193424546425, 0.16414125851258687, 0.09636155470184292, 0.2260751720751832, 0.1785655845468988, 0.1528901437084644, 0.1351710453102459, 0.1859383150500587, 0.14542895307683867, 0.13638747058298795, 0.19360922063949174], [0.13100636420537076, 0.1703477070635411, 1.0, 0.37797724114197084, 0.10014469128441932, 0.06935526017856056, 0.14239691221260223, 0.11507168005574384, 0.18390365156461655, 0.11139923727276846, 0.09649514798913277, 0.06209906770496698, 0.17353751193781758, 0.05022528356077243, 0.09951304564428735, 0.0697950600541797, 0.057044327920571666, 0.1048795889025988, 0.07703746595477197, 0.11502202998591564], [0.04389914333942659, 0.1904955331215866, 0.37797724114197084, 1.0, 0.10627427181757462, 0.07409888531437275, 0.0582657892399029, 0.0772374122476791, 0.1287633576605925, 0.06811595339373859, 0.09383069107029962, 0.03520477272951608, 0.07278687438179723, 0.04416161742837729, 0.06816437896508858, 0.05442942472230301, 0.027477678981786043, 0.05395163591386074, 0.05080427504731698, 0.1105955032193769], [0.09926757072916041, 0.21390790519766256, 0.10014469128441932, 0.10627427181757462, 1.0, 0.7052706510064926, 0.16469496191253208, 0.1802198712055963, 0.19152221505703268, 0.1590331110370791, 0.11949900637736639, 0.1396606305128029, 0.2320094871639887, 0.1761495893703673, 0.1405688186724344, 0.08371429017305847, 0.11256509212450667, 0.08156569871646215, 0.1130518888700805, 0.2030730997434498], [0.07355959403861853, 0.22005418866660695, 0.06935526017856056, 0.07409888531437275, 0.7052706510064926, 1.0, 0.07228946915087549, 0.09399205164016819, 0.1897454310949066, 0.12060725874989943, 0.09653087774742945, 0.07132271645745052, 0.1031063094651837, 0.05166200926789032, 0.10149429712447089, 0.06473601762803828, 0.05405116470326233, 0.07718864945390617, 0.0788270312938497, 0.1383458024428007], [0.10948115927250013, 0.1337249320211365, 0.14239691221260223, 0.0582657892399029, 0.16469496191253208, 0.07228946915087549, 1.0, 0.6628374458957181, 0.19849346105445417, 0.12404487393041101, 0.15601502643559195, 0.11116913222227466, 0.10056602805262596, 0.13012273504164162, 0.08643102447671651, 0.06324040814031287, 0.0917463933335651, 0.08468879538708947, 0.08800242056960948, 0.11168948152039529], [0.10458373195084929, 0.15685086924062352, 0.11507168005574384, 0.0772374122476791, 0.1802198712055963, 0.09399205164016819, 0.6628374458957181, 1.0, 0.2127772940437564, 0.08507407308384439, 0.09181666933606855, 0.05855262818817988, 0.08322351722279615, 0.11369090522888547, 0.12018226933796448, 0.06387899092743121, 0.06366684279120331, 0.0836549663495451, 0.07837807967622781, 0.11394104014086343], [0.1347835314477439, 0.2471980426155267, 0.18390365156461655, 0.1287633576605925, 0.19152221505703268, 0.1897454310949066, 0.19849346105445417, 0.2127772940437564, 1.0, 0.9779802990087518, 0.2246984590169117, 0.14604627431375108, 0.20538811082528327, 0.19161252164004464, 0.1840846673842798, 0.14264713412652727, 0.11316276817796536, 0.16158193733508314, 0.18104356249901207, 0.2848776914260844], [0.09952045447125123, 0.15026193424546425, 0.11139923727276846, 0.06811595339373859, 0.1590331110370791, 0.12060725874989943, 0.12404487393041101, 0.08507407308384439, 0.9779802990087518, 1.0, 0.10293465534263513, 0.08114477179213841, 0.12863257719658316, 0.11021691963937603, 0.1251864430155021, 0.051754593720061984, 0.04865418082981669, 0.08169400573668693, 0.08662334192120685, 0.17303900372353379], [0.09839055083731134, 0.16414125851258687, 0.09649514798913277, 0.09383069107029962, 0.11949900637736639, 0.09653087774742945, 0.15601502643559195, 0.09181666933606855, 0.2246984590169117, 0.10293465534263513, 1.0, 0.25539639283542503, 0.07594164982749974, 0.05788951804223082, 0.10074390029780493, 0.07004455862960263, 0.05704834726672152, 0.05169236791424794, 0.05351012188417698, 0.21110731108336814], [0.08349072536810653, 0.09636155470184292, 0.06209906770496698, 0.03520477272951608, 0.1396606305128029, 0.07132271645745052, 0.11116913222227466, 0.05855262818817988, 0.14604627431375108, 0.08114477179213841, 0.25539639283542503, 1.0, 0.07027477440984724, 0.032628937000604506, 0.05746203936797552, 0.022244432053705437, 0.037788680225847734, 0.03409598827895964, 0.0351260927703401, 0.12595271158580165], [0.11421157736894194, 0.2260751720751832, 0.17353751193781758, 0.07278687438179723, 0.2320094871639887, 0.1031063094651837, 0.10056602805262596, 0.08322351722279615, 0.20538811082528327, 0.12863257719658316, 0.07594164982749974, 0.07027477440984724, 1.0, 0.41779081618836056, 0.10363052423824201, 0.06918530151544335, 0.06068825707368684, 0.0800313870237525, 0.06639089388670767, 0.15563029663539626], [0.07934269542926686, 0.1785655845468988, 0.05022528356077243, 0.04416161742837729, 0.1761495893703673, 0.05166200926789032, 0.13012273504164162, 0.11369090522888547, 0.19161252164004464, 0.11021691963937603, 0.05788951804223082, 0.032628937000604506, 0.41779081618836056, 1.0, 0.11037757844147318, 0.026283269515799335, 0.02452771402875881, 0.0422165486918347, 0.0307352166694189, 0.1184426992004058], [0.11717669576027116, 0.1528901437084644, 0.09951304564428735, 0.06816437896508858, 0.1405688186724344, 0.10149429712447089, 0.08643102447671651, 0.12018226933796448, 0.1840846673842798, 0.1251864430155021, 0.10074390029780493, 0.05746203936797552, 0.10363052423824201, 0.11037757844147318, 1.0, 0.5267783767448794, 0.06495591468975043, 0.04287397279317678, 0.06276001646370201, 0.19393404708254314], [0.05096859224533728, 0.1351710453102459, 0.0697950600541797, 0.05442942472230301, 0.08371429017305847, 0.06473601762803828, 0.06324040814031287, 0.06387899092743121, 0.14264713412652727, 0.051754593720061984, 0.07004455862960263, 0.022244432053705437, 0.06918530151544335, 0.026283269515799335, 0.5267783767448794, 1.0, 0.029412311079801787, 0.030544988709706997, 0.023655737373742488, 0.06577512861850157], [0.046044387018621534, 0.1859383150500587, 0.057044327920571666, 0.027477678981786043, 0.11256509212450667, 0.05405116470326233, 0.0917463933335651, 0.06366684279120331, 0.11316276817796536, 0.04865418082981669, 0.05704834726672152, 0.037788680225847734, 0.06068825707368684, 0.02452771402875881, 0.06495591468975043, 0.029412311079801787, 1.0, 0.21330847472477532, 0.02637396365293916, 0.08786375672256136], [0.08200492049649909, 0.14542895307683867, 0.1048795889025988, 0.05395163591386074, 0.08156569871646215, 0.07718864945390617, 0.08468879538708947, 0.0836549663495451, 0.16158193733508314, 0.08169400573668693, 0.05169236791424794, 0.03409598827895964, 0.0800313870237525, 0.0422165486918347, 0.04287397279317678, 0.030544988709706997, 0.21330847472477532, 1.0, 0.0279848766054117, 0.09099621077615723], [0.07690459241086244, 0.13638747058298795, 0.07703746595477197, 0.05080427504731698, 0.1130518888700805, 0.0788270312938497, 0.08800242056960948, 0.07837807967622781, 0.18104356249901207, 0.08662334192120685, 0.05351012188417698, 0.0351260927703401, 0.06639089388670767, 0.0307352166694189, 0.06276001646370201, 0.023655737373742488, 0.02637396365293916, 0.0279848766054117, 1.0, 0.49165888030398097], [0.13260232504636096, 0.19360922063949174, 0.11502202998591564, 0.1105955032193769, 0.2030730997434498, 0.1383458024428007, 0.11168948152039529, 0.11394104014086343, 0.2848776914260844, 0.17303900372353379, 0.21110731108336814, 0.12595271158580165, 0.15563029663539626, 0.1184426992004058, 0.19393404708254314, 0.06577512861850157, 0.08786375672256136, 0.09099621077615723, 0.49165888030398097, 1.0]], "meta_info": {"source": "pretrained"}}