{"model": "LSING", "dataset": "dim20_pair_gau", "N": 200, "seed": 120, "metrics": {"TP": 10, "FP": 23, "FN": 0, "TN": 157, "TPR": 1.0, "FDR": 0.696969696969697, "FPR": 0.12777777777777777, "Hamming": 23}, "omega": [[1.0, 0.33555852550992515, 0.03946039890097361, 0.07242736891536732, 0.05312753072382553, 0.04460082504948365, 0.03454859012039161, 0.07695923508660918, 0.03289900150813229, 0.16011393938454702, 0.24790379122335623, 0.049005678642841694, 0.02785952488271264, 0.050511646296069045, 0.045977891901547586, 0.04341985172902565, 0.029266178167512553, 0.07086060303335033, 0.06275656638645985, 0.06507188136885586], [0.33555852550992515, 1.0, 0.05934993366649777, 0.07467644243417447, 0.09627403821965168, 0.0884238527438549, 0.040772552146505714, 0.09719075819441905, 0.03665565297987633, 0.21867297939502067, 0.3075177033246962, 0.05387027506281013, 0.050476858399444394, 0.04303036255803059, 0.07310849556527979, 0.04962472213819072, 0.04473683135460388, 0.08044035282971145, 0.08726231900969382, 0.07888509403794802], [0.03946039890097361, 0.05934993366649777, 1.0, 0.5350254858775841, 0.043315079062190856, 0.05200504487466939, 0.03092445094986112, 0.09596216127684541, 0.03411801797093271, 0.16750765686214172, 0.2135297619599234, 0.03798012675050123, 0.02956458447874499, 0.05348409687288292, 0.05249308619552031, 0.03395837460510902, 0.030301066122647873, 0.08589038583528195, 0.07132824295652497, 0.05936403395689159], [0.07242736891536732, 0.07467644243417447, 0.5350254858775841, 1.0, 0.08437213682234294, 0.10756858849424498, 0.0532561784563723, 0.18463776607800053, 0.07505830565355169, 0.23353023116118957, 0.3265137868709376, 0.06241896607322357, 0.059678974084411904, 0.09332626183296129, 0.126303193411414, 0.08285072294533499, 0.06260192263217584, 0.18327052069843996, 0.11477580645225433, 0.09629546168313985], [0.05312753072382553, 0.09627403821965168, 0.043315079062190856, 0.08437213682234294, 1.0, 0.3016604542940785, 0.07862557970337634, 0.08467843721741801, 0.06017775726422317, 0.32814076500738776, 0.22425752590214534, 0.12268769246696795, 0.041307194245479954, 0.049963010105138324, 0.08421772278808298, 0.04632377795243797, 0.061047386893602854, 0.11784385369900817, 0.08466658215781656, 0.0939360065630092], [0.04460082504948365, 0.0884238527438549, 0.05200504487466939, 0.10756858849424498, 0.3016604542940785, 1.0, 0.06203383329770087, 0.1064535064084867, 0.035353249654708964, 0.24079513520654805, 0.18192179150599772, 0.04073649137499374, 0.05066810220241158, 0.06616065938209055, 0.09573032632221995, 0.03883703215009013, 0.048279422929320574, 0.10599995321845858, 0.10145242466065939, 0.08863636108924444], [0.03454859012039161, 0.040772552146505714, 0.03092445094986112, 0.0532561784563723, 0.07862557970337634, 0.06203383329770087, 1.0, 0.5813955979822815, 0.021009728686702703, 0.18183967450579647, 0.1429346715899037, 0.05673757487622504, 0.023020785146106212, 0.06474214049316349, 0.043519917771498974, 0.0338067541169775, 0.0238567235095334, 0.09891930572143433, 0.07711723953186789, 0.09081089686228297], [0.07695923508660918, 0.09719075819441905, 0.09596216127684541, 0.18463776607800053, 0.08467843721741801, 0.1064535064084867, 0.5813955979822815, 1.0, 0.15072359337141952, 0.2455173805296502, 0.21910216267980961, 0.14612282550339234, 0.07389395577784996, 0.0648052419476368, 0.13702147179959395, 0.08654840792303851, 0.09493703755250255, 0.1614636944087032, 0.12503199962275904, 0.13502345891847367], [0.03289900150813229, 0.03665565297987633, 0.03411801797093271, 0.07505830565355169, 0.06017775726422317, 0.035353249654708964, 0.021009728686702703, 0.15072359337141952, 1.0, 1.0, 0.11904720476252963, 0.038991248097903136, 0.022476027081089582, 0.04176030607178976, 0.0803718179317842, 0.059029488543384884, 0.03500079135158971, 0.09126679470291715, 0.06466279444367848, 0.048732784058345], [0.16011393938454702, 0.21867297939502067, 0.16750765686214172, 0.23353023116118957, 0.32814076500738776, 0.24079513520654805, 0.18183967450579647, 0.2455173805296502, 1.0, 1.0, 0.3327971733247794, 0.2578386422328837, 0.2503865690905583, 0.31131762952988756, 0.20915362562911202, 0.20034875536696775, 0.23478999317763163, 0.2485134297549668, 0.2566624802288637, 0.19425862747368094], [0.24790379122335623, 0.3075177033246962, 0.2135297619599234, 0.3265137868709376, 0.22425752590214534, 0.18192179150599772, 0.1429346715899037, 0.21910216267980961, 0.11904720476252963, 0.3327971733247794, 1.0, 0.9399828735211136, 0.2911383718700398, 0.16296881096807098, 0.16755601104425186, 0.18822173889062213, 0.11559027616136894, 0.25766570447970133, 0.22953442231490612, 0.1175126531596876], [0.049005678642841694, 0.05387027506281013, 0.03798012675050123, 0.06241896607322357, 0.12268769246696795, 0.04073649137499374, 0.05673757487622504, 0.14612282550339234, 0.038991248097903136, 0.2578386422328837, 0.9399828735211136, 1.0, 0.04099330329826618, 0.10062543257410297, 0.04739692144679039, 0.04441518114284028, 0.04701127048314788, 0.09261074044659645, 0.07634338131028252, 0.055652043823723636], [0.02785952488271264, 0.050476858399444394, 0.02956458447874499, 0.059678974084411904, 0.041307194245479954, 0.05066810220241158, 0.023020785146106212, 0.07389395577784996, 0.022476027081089582, 0.2503865690905583, 0.2911383718700398, 0.04099330329826618, 1.0, 0.2888718607184567, 0.06725177828002928, 0.02662141906250442, 0.028623280695502937, 0.14198918238314162, 0.07003620640647541, 0.06196773569156971], [0.050511646296069045, 0.04303036255803059, 0.05348409687288292, 0.09332626183296129, 0.049963010105138324, 0.06616065938209055, 0.06474214049316349, 0.0648052419476368, 0.04176030607178976, 0.31131762952988756, 0.16296881096807098, 0.10062543257410297, 0.2888718607184567, 1.0, 0.051035234719394564, 0.06373022152771089, 0.03800658296546697, 0.12340899526613461, 0.05338777714975252, 0.10023711384545994], [0.045977891901547586, 0.07310849556527979, 0.05249308619552031, 0.126303193411414, 0.08421772278808298, 0.09573032632221995, 0.043519917771498974, 0.13702147179959395, 0.0803718179317842, 0.20915362562911202, 0.16755601104425186, 0.04739692144679039, 0.06725177828002928, 0.051035234719394564, 1.0, 0.3667507629747647, 0.06282451907593271, 0.17597560693295694, 0.07625580149259147, 0.12726682447463225], [0.04341985172902565, 0.04962472213819072, 0.03395837460510902, 0.08285072294533499, 0.04632377795243797, 0.03883703215009013, 0.0338067541169775, 0.08654840792303851, 0.059029488543384884, 0.20034875536696775, 0.18822173889062213, 0.04441518114284028, 0.02662141906250442, 0.06373022152771089, 0.3667507629747647, 1.0, 0.047675308975993154, 0.09868853275118232, 0.06983597038263265, 0.07876989358838248], [0.029266178167512553, 0.04473683135460388, 0.030301066122647873, 0.06260192263217584, 0.061047386893602854, 0.048279422929320574, 0.0238567235095334, 0.09493703755250255, 0.03500079135158971, 0.23478999317763163, 0.11559027616136894, 0.04701127048314788, 0.028623280695502937, 0.03800658296546697, 0.06282451907593271, 0.047675308975993154, 1.0, 0.7038222290821224, 0.05883374373430726, 0.06517842099692477], [0.07086060303335033, 0.08044035282971145, 0.08589038583528195, 0.18327052069843996, 0.11784385369900817, 0.10599995321845858, 0.09891930572143433, 0.1614636944087032, 0.09126679470291715, 0.2485134297549668, 0.25766570447970133, 0.09261074044659645, 0.14198918238314162, 0.12340899526613461, 0.17597560693295694, 0.09868853275118232, 0.7038222290821224, 1.0, 0.13255954671409864, 0.10965088075651416], [0.06275656638645985, 0.08726231900969382, 0.07132824295652497, 0.11477580645225433, 0.08466658215781656, 0.10145242466065939, 0.07711723953186789, 0.12503199962275904, 0.06466279444367848, 0.2566624802288637, 0.22953442231490612, 0.07634338131028252, 0.07003620640647541, 0.05338777714975252, 0.07625580149259147, 0.06983597038263265, 0.05883374373430726, 0.13255954671409864, 1.0, 0.6143359249929686], [0.06507188136885586, 0.07888509403794802, 0.05936403395689159, 0.09629546168313985, 0.0939360065630092, 0.08863636108924444, 0.09081089686228297, 0.13502345891847367, 0.048732784058345, 0.19425862747368094, 0.1175126531596876, 0.055652043823723636, 0.06196773569156971, 0.10023711384545994, 0.12726682447463225, 0.07876989358838248, 0.06517842099692477, 0.10965088075651416, 0.6143359249929686, 1.0]], "meta_info": {"source": "pretrained"}}