{"model": "LSING", "dataset": "0.3_dim20_pair_gau", "N": 20000, "seed": 120, "metrics": {"TP": 10, "FP": 0, "FN": 0, "TN": 180, "TPR": 1.0, "FDR": 0.0, "FPR": 0.0, "Hamming": 0}, "omega": [[1.0, 0.8450447847029469, 0.07959887395551042, 0.07221177965299873, 0.09270837770164059, 0.07176002786175371, 0.08595194030569392, 0.06665009440242982, 0.0811663816993759, 0.08814746127141317, 0.07698031345588274, 0.08211269719099581, 0.08234530724866887, 0.07792264106091336, 0.07967050334325892, 0.07009325172987997, 0.07343885709148511, 0.07406115416719207, 0.06870520940466135, 0.06604322145140384], [0.8450447847029469, 1.0, 0.07236060463431564, 0.08699248408591242, 0.07095322263745814, 0.06835237877119388, 0.0756427326269983, 0.051837719678888214, 0.0861205731933548, 0.06932950305419502, 0.07261898864502431, 0.08263218255202183, 0.07756145322711988, 0.06687136555169707, 0.06804430927110608, 0.07114547507240487, 0.05832376994637755, 0.07533217201305821, 0.06401986880842202, 0.06465343245290338], [0.07959887395551042, 0.07236060463431564, 1.0, 0.9525161186377531, 0.08846675788229459, 0.07633983151210727, 0.0855922150477208, 0.05905051229716914, 0.06574391162304585, 0.061365101665644475, 0.07934037157085946, 0.07867738279485571, 0.09053954085304661, 0.07256124846650504, 0.06551747805462853, 0.05324459924412398, 0.07052514037360795, 0.07675339586956803, 0.0730669524701159, 0.06999489350596133], [0.07221177965299873, 0.08699248408591242, 0.9525161186377531, 1.0, 0.10092132491102909, 0.0689395319386996, 0.0650976162034377, 0.07016587545874374, 0.07192877649282484, 0.07719899484634578, 0.08723973568498129, 0.08346632689592336, 0.06772962398291005, 0.08287339444950162, 0.07194399675127187, 0.06835425434054623, 0.06868689564052236, 0.06994360076149904, 0.06277714759582839, 0.07917649731567883], [0.09270837770164059, 0.07095322263745814, 0.08846675788229459, 0.10092132491102909, 1.0, 0.9309588032585937, 0.09015629863853762, 0.08271111166621183, 0.06444829304143883, 0.08231958853680632, 0.09632533822749784, 0.11735552128895903, 0.10435355895413749, 0.09793847254978777, 0.08811391146563481, 0.08701435169885231, 0.0851560228535574, 0.0885622514568097, 0.07789697495969183, 0.08924382757228576], [0.07176002786175371, 0.06835237877119388, 0.07633983151210727, 0.0689395319386996, 0.9309588032585937, 1.0, 0.09136982883696139, 0.06890944391310035, 0.060881199511672236, 0.0755843926871714, 0.07675767837574705, 0.08048468194889344, 0.0778885283212761, 0.08077320659584236, 0.07455590200481055, 0.07728043874917653, 0.06748725991239192, 0.06757249967297226, 0.0564604509817819, 0.07475313140639776], [0.08595194030569392, 0.0756427326269983, 0.0855922150477208, 0.0650976162034377, 0.09015629863853762, 0.09136982883696139, 1.0, 0.8332554134666069, 0.07109020759401354, 0.06746411912193935, 0.07154307210031612, 0.08052602339060683, 0.09086365396811341, 0.07655493011791686, 0.0978405352109973, 0.06760559439670578, 0.05973642089893319, 0.07774312303162548, 0.07529271666282539, 0.06962670582638017], [0.06665009440242982, 0.051837719678888214, 0.05905051229716914, 0.07016587545874374, 0.08271111166621183, 0.06890944391310035, 0.8332554134666069, 1.0, 0.05421439749536311, 0.058330467280979376, 0.07598232379265313, 0.07027226995807816, 0.07938346494691881, 0.06202095643872595, 0.08343535238102293, 0.057461215856325305, 0.05427672532177931, 0.0503812256486387, 0.07048711077174676, 0.059240720808712254], [0.0811663816993759, 0.0861205731933548, 0.06574391162304585, 0.07192877649282484, 0.06444829304143883, 0.060881199511672236, 0.07109020759401354, 0.05421439749536311, 1.0, 0.8338441054953625, 0.07233042980115871, 0.07973537226363639, 0.09174046028081792, 0.08147039491904107, 0.06686103545233282, 0.0658903138843438, 0.07520008510718176, 0.05880483638679882, 0.061321053406450624, 0.05612749138742762], [0.08814746127141317, 0.06932950305419502, 0.061365101665644475, 0.07719899484634578, 0.08231958853680632, 0.0755843926871714, 0.06746411912193935, 0.058330467280979376, 0.8338441054953625, 1.0, 0.06491869267439333, 0.08636238222161016, 0.08732315248685028, 0.07782872054456474, 0.07416477608574473, 0.06463084144364946, 0.06781391938248407, 0.06351976520754772, 0.060339586115033296, 0.06675602724338929], [0.07698031345588274, 0.07261898864502431, 0.07934037157085946, 0.08723973568498129, 0.09632533822749784, 0.07675767837574705, 0.07154307210031612, 0.07598232379265313, 0.07233042980115871, 0.06491869267439333, 1.0, 0.9240906734717619, 0.09609862319215107, 0.07197301415032636, 0.0643312396262338, 0.07093558228952418, 0.08383393322792125, 0.05411208295123979, 0.061275808255173564, 0.07076287207718428], [0.08211269719099581, 0.08263218255202183, 0.07867738279485571, 0.08346632689592336, 0.11735552128895903, 0.08048468194889344, 0.08052602339060683, 0.07027226995807816, 0.07973537226363639, 0.08636238222161016, 0.9240906734717619, 1.0, 0.09712271036385856, 0.0930172889719847, 0.0854488799867943, 0.0860129975851295, 0.06985257119987448, 0.07814514724497855, 0.08164892912934187, 0.08233806539393249], [0.08234530724866887, 0.07756145322711988, 0.09053954085304661, 0.06772962398291005, 0.10435355895413749, 0.0778885283212761, 0.09086365396811341, 0.07938346494691881, 0.09174046028081792, 0.08732315248685028, 0.09609862319215107, 0.09712271036385856, 1.0, 1.0, 0.07336000689325663, 0.07884211986454906, 0.08298304291698311, 0.07152035482552375, 0.09152875243082206, 0.09386341012831441], [0.07792264106091336, 0.06687136555169707, 0.07256124846650504, 0.08287339444950162, 0.09793847254978777, 0.08077320659584236, 0.07655493011791686, 0.06202095643872595, 0.08147039491904107, 0.07782872054456474, 0.07197301415032636, 0.0930172889719847, 1.0, 1.0, 0.07053714086082456, 0.06533905169614182, 0.0825778752178291, 0.06022507116325747, 0.07589515585207941, 0.0873200063705173], [0.07967050334325892, 0.06804430927110608, 0.06551747805462853, 0.07194399675127187, 0.08811391146563481, 0.07455590200481055, 0.0978405352109973, 0.08343535238102293, 0.06686103545233282, 0.07416477608574473, 0.0643312396262338, 0.0854488799867943, 0.07336000689325663, 0.07053714086082456, 1.0, 0.7737231060716383, 0.060138984371356716, 0.06683147616367582, 0.07247275473777762, 0.057806004953312895], [0.07009325172987997, 0.07114547507240487, 0.05324459924412398, 0.06835425434054623, 0.08701435169885231, 0.07728043874917653, 0.06760559439670578, 0.057461215856325305, 0.0658903138843438, 0.06463084144364946, 0.07093558228952418, 0.0860129975851295, 0.07884211986454906, 0.06533905169614182, 0.7737231060716383, 1.0, 0.05354840991282122, 0.05765014329875959, 0.07401596425708809, 0.06719665714512271], [0.07343885709148511, 0.05832376994637755, 0.07052514037360795, 0.06868689564052236, 0.0851560228535574, 0.06748725991239192, 0.05973642089893319, 0.05427672532177931, 0.07520008510718176, 0.06781391938248407, 0.08383393322792125, 0.06985257119987448, 0.08298304291698311, 0.0825778752178291, 0.060138984371356716, 0.05354840991282122, 1.0, 0.76587974335435, 0.07247883915841156, 0.07563133979268545], [0.07406115416719207, 0.07533217201305821, 0.07675339586956803, 0.06994360076149904, 0.0885622514568097, 0.06757249967297226, 0.07774312303162548, 0.0503812256486387, 0.05880483638679882, 0.06351976520754772, 0.05411208295123979, 0.07814514724497855, 0.07152035482552375, 0.06022507116325747, 0.06683147616367582, 0.05765014329875959, 0.76587974335435, 1.0, 0.06058208434268602, 0.057185104690125006], [0.06870520940466135, 0.06401986880842202, 0.0730669524701159, 0.06277714759582839, 0.07789697495969183, 0.0564604509817819, 0.07529271666282539, 0.07048711077174676, 0.061321053406450624, 0.060339586115033296, 0.061275808255173564, 0.08164892912934187, 0.09152875243082206, 0.07589515585207941, 0.07247275473777762, 0.07401596425708809, 0.07247883915841156, 0.06058208434268602, 1.0, 0.8659686258757147], [0.06604322145140384, 0.06465343245290338, 0.06999489350596133, 0.07917649731567883, 0.08924382757228576, 0.07475313140639776, 0.06962670582638017, 0.059240720808712254, 0.05612749138742762, 0.06675602724338929, 0.07076287207718428, 0.08233806539393249, 0.09386341012831441, 0.0873200063705173, 0.057806004953312895, 0.06719665714512271, 0.07563133979268545, 0.057185104690125006, 0.8659686258757147, 1.0]], "meta_info": {"source": "pretrained"}}