{"model": "LSING", "dataset": "0.3_dim20_pair_gau", "N": 20000, "seed": 12340, "metrics": {"TP": 10, "FP": 0, "FN": 0, "TN": 180, "TPR": 1.0, "FDR": 0.0, "FPR": 0.0, "Hamming": 0}, "omega": [[1.0, 0.8682642783653094, 0.061475295524318005, 0.07713638515918267, 0.08244992742053299, 0.0659498144846029, 0.07867679239164109, 0.07710939450799825, 0.07524680904191995, 0.07244509656022023, 0.06476068980022774, 0.08878999771019812, 0.07364007526299048, 0.0782642990874984, 0.05972034887877416, 0.06856308196972695, 0.06994437387387854, 0.06078629569113163, 0.0792935106392899, 0.06718328206318402], [0.8682642783653094, 1.0, 0.08198116042186232, 0.07468177711420723, 0.07423501967053792, 0.06648135935487681, 0.07723868801604726, 0.0591861049433818, 0.07457708861533296, 0.084422713487762, 0.07225508185782713, 0.07536923055403881, 0.07282962268002142, 0.07787391376875488, 0.06813742489501622, 0.0863931916211901, 0.05954706993427958, 0.08068408090357033, 0.05381618537655844, 0.07191344548872765], [0.061475295524318005, 0.08198116042186232, 1.0, 0.893433656357723, 0.06908048135572849, 0.08507168582260356, 0.09636875238952743, 0.0707451181112968, 0.06735151774492851, 0.06234722048098273, 0.06493785415516154, 0.08012590283987239, 0.07353484539692835, 0.07031916574539268, 0.07028087373037738, 0.05982431469130673, 0.06520481293561926, 0.060185261550289124, 0.07769218794196543, 0.060986176745766715], [0.07713638515918267, 0.07468177711420723, 0.893433656357723, 1.0, 0.07384571190562286, 0.0719815929975579, 0.07442228350234005, 0.0802537898293424, 0.06621727318787048, 0.0756887848404754, 0.05658472940447537, 0.07654002387196174, 0.06082101312854285, 0.07892784430176066, 0.0812929687540473, 0.07525485443180276, 0.0735992784533787, 0.06319798290212185, 0.06609335967814296, 0.06451891106968975], [0.08244992742053299, 0.07423501967053792, 0.06908048135572849, 0.07384571190562286, 1.0, 0.8880882433696766, 0.07351709166149475, 0.07444443034184359, 0.08463850141273524, 0.06159572511601836, 0.06536783180628068, 0.07436161670374211, 0.07673789746453656, 0.09490227674690643, 0.07018851752423719, 0.06538661906089112, 0.07403500392167427, 0.05077862848119824, 0.06208311877233463, 0.07028551809098905], [0.0659498144846029, 0.06648135935487681, 0.08507168582260356, 0.0719815929975579, 0.8880882433696766, 1.0, 0.08472996397447441, 0.06752322180305839, 0.07231487832448669, 0.07518673800625603, 0.0735309858892254, 0.07611302244523903, 0.07226643761740416, 0.0769269356337726, 0.07513032961749948, 0.07678440841776762, 0.07056061551118013, 0.08049421643704754, 0.06284875962157138, 0.058299519037993096], [0.07867679239164109, 0.07723868801604726, 0.09636875238952743, 0.07442228350234005, 0.07351709166149475, 0.08472996397447441, 1.0, 0.9233637914974786, 0.06911791858044716, 0.09925607341457122, 0.0808081783227253, 0.08896729157881322, 0.0808550596850849, 0.07769084618022709, 0.07726387065624064, 0.07034629627135291, 0.09342022837924507, 0.06357471229830834, 0.08380447733976826, 0.06620153986586527], [0.07710939450799825, 0.0591861049433818, 0.0707451181112968, 0.0802537898293424, 0.07444443034184359, 0.06752322180305839, 0.9233637914974786, 1.0, 0.08300879708728912, 0.07951428484099346, 0.06492172970183878, 0.08281185858349333, 0.07252705022747782, 0.06873492331235903, 0.06293873536624915, 0.0679347877892429, 0.07258451544787385, 0.06881559479417168, 0.06106422687066971, 0.07437173172225221], [0.07524680904191995, 0.07457708861533296, 0.06735151774492851, 0.06621727318787048, 0.08463850141273524, 0.07231487832448669, 0.06911791858044716, 0.08300879708728912, 1.0, 0.8580211345605704, 0.06592694495875766, 0.07170819997741282, 0.0652471405969441, 0.073738249223695, 0.0787992605286852, 0.07211161696276948, 0.08128025569109018, 0.06022952932655994, 0.06162527754781904, 0.07306770768036852], [0.07244509656022023, 0.084422713487762, 0.06234722048098273, 0.0756887848404754, 0.06159572511601836, 0.07518673800625603, 0.09925607341457122, 0.07951428484099346, 0.8580211345605704, 1.0, 0.08592950155882667, 0.07705015495016831, 0.07310841642067702, 0.07332680757064454, 0.08333024745402005, 0.06463981727173732, 0.07500273014840196, 0.06561560183971595, 0.0773932962682446, 0.06885866068347996], [0.06476068980022774, 0.07225508185782713, 0.06493785415516154, 0.05658472940447537, 0.06536783180628068, 0.0735309858892254, 0.0808081783227253, 0.06492172970183878, 0.06592694495875766, 0.08592950155882667, 1.0, 0.8758112581580668, 0.05829142961345865, 0.08132814207961672, 0.06537511565571741, 0.06907555206501793, 0.07892540685427846, 0.06470915371616195, 0.0653347022066023, 0.06407515316287951], [0.08878999771019812, 0.07536923055403881, 0.08012590283987239, 0.07654002387196174, 0.07436161670374211, 0.07611302244523903, 0.08896729157881322, 0.08281185858349333, 0.07170819997741282, 0.07705015495016831, 0.8758112581580668, 1.0, 0.06748307515212677, 0.08352652543804118, 0.0720458835889588, 0.08755728390124219, 0.0724583095459872, 0.06524850308087145, 0.0867655330938539, 0.06054372174659042], [0.07364007526299048, 0.07282962268002142, 0.07353484539692835, 0.06082101312854285, 0.07673789746453656, 0.07226643761740416, 0.0808550596850849, 0.07252705022747782, 0.0652471405969441, 0.07310841642067702, 0.05829142961345865, 0.06748307515212677, 1.0, 1.0, 0.07774371366493671, 0.06960069895943528, 0.08624627648166242, 0.07045704082996511, 0.07221912626962262, 0.06876236985170166], [0.0782642990874984, 0.07787391376875488, 0.07031916574539268, 0.07892784430176066, 0.09490227674690643, 0.0769269356337726, 0.07769084618022709, 0.06873492331235903, 0.073738249223695, 0.07332680757064454, 0.08132814207961672, 0.08352652543804118, 1.0, 1.0, 0.06978643712007161, 0.0774579520882268, 0.07186470430990448, 0.07566007165732959, 0.08075028052663372, 0.08770555634414998], [0.05972034887877416, 0.06813742489501622, 0.07028087373037738, 0.0812929687540473, 0.07018851752423719, 0.07513032961749948, 0.07726387065624064, 0.06293873536624915, 0.0787992605286852, 0.08333024745402005, 0.06537511565571741, 0.0720458835889588, 0.07774371366493671, 0.06978643712007161, 1.0, 0.7568071665618469, 0.08977235639263989, 0.06284751888050447, 0.06459805688033661, 0.07512273752550125], [0.06856308196972695, 0.0863931916211901, 0.05982431469130673, 0.07525485443180276, 0.06538661906089112, 0.07678440841776762, 0.07034629627135291, 0.0679347877892429, 0.07211161696276948, 0.06463981727173732, 0.06907555206501793, 0.08755728390124219, 0.06960069895943528, 0.0774579520882268, 0.7568071665618469, 1.0, 0.07408494698745997, 0.05453885358633745, 0.05556051967105597, 0.06354684613463828], [0.06994437387387854, 0.05954706993427958, 0.06520481293561926, 0.0735992784533787, 0.07403500392167427, 0.07056061551118013, 0.09342022837924507, 0.07258451544787385, 0.08128025569109018, 0.07500273014840196, 0.07892540685427846, 0.0724583095459872, 0.08624627648166242, 0.07186470430990448, 0.08977235639263989, 0.07408494698745997, 1.0, 0.8002754393363097, 0.0666056380931856, 0.0687498122051621], [0.06078629569113163, 0.08068408090357033, 0.060185261550289124, 0.06319798290212185, 0.05077862848119824, 0.08049421643704754, 0.06357471229830834, 0.06881559479417168, 0.06022952932655994, 0.06561560183971595, 0.06470915371616195, 0.06524850308087145, 0.07045704082996511, 0.07566007165732959, 0.06284751888050447, 0.05453885358633745, 0.8002754393363097, 1.0, 0.07325738823746385, 0.06729746650517174], [0.0792935106392899, 0.05381618537655844, 0.07769218794196543, 0.06609335967814296, 0.06208311877233463, 0.06284875962157138, 0.08380447733976826, 0.06106422687066971, 0.06162527754781904, 0.0773932962682446, 0.0653347022066023, 0.0867655330938539, 0.07221912626962262, 0.08075028052663372, 0.06459805688033661, 0.05556051967105597, 0.0666056380931856, 0.07325738823746385, 1.0, 0.8322130987028946], [0.06718328206318402, 0.07191344548872765, 0.060986176745766715, 0.06451891106968975, 0.07028551809098905, 0.058299519037993096, 0.06620153986586527, 0.07437173172225221, 0.07306770768036852, 0.06885866068347996, 0.06407515316287951, 0.06054372174659042, 0.06876236985170166, 0.08770555634414998, 0.07512273752550125, 0.06354684613463828, 0.0687498122051621, 0.06729746650517174, 0.8322130987028946, 1.0]], "meta_info": {"source": "pretrained"}}