{"model": "LSING", "dataset": "dim20_pair_gau", "N": 5000, "seed": 12340, "metrics": {"TP": 10, "FP": 0, "FN": 0, "TN": 180, "TPR": 1.0, "FDR": 0.0, "FPR": 0.0, "Hamming": 0}, "omega": [[1.0, 0.8745442738368625, 0.06613073065998852, 0.07031286213776486, 0.06010984275256545, 0.059372641690304734, 0.058815978089377816, 0.0496710746823967, 0.05781627214695715, 0.058206045523218154, 0.06746366505950298, 0.05091218808735745, 0.05102073341816688, 0.06694289981092655, 0.07001001211064113, 0.05867018871085497, 0.06176678631024141, 0.05903798182476758, 0.06585967504292374, 0.07029488124774987], [0.8745442738368625, 1.0, 0.046994407749493775, 0.0751101752507471, 0.05232534135885705, 0.06199058316327401, 0.052082579629645985, 0.059807913283925665, 0.06531461185030377, 0.05104684847951578, 0.06374929728988131, 0.04590239567648411, 0.06513185784870974, 0.05768559227025452, 0.06656091089663123, 0.0633262620956242, 0.06268663851839962, 0.060085916803291034, 0.06915109161710714, 0.07599463309946783], [0.06613073065998852, 0.046994407749493775, 1.0, 0.9688410050060279, 0.061715711599867974, 0.060802896435614005, 0.05918651745038776, 0.05403299277492217, 0.05506921591813411, 0.05874724134164861, 0.057190487803700646, 0.050880616531307654, 0.07060954425162003, 0.0718686796888744, 0.05614268996610589, 0.052920154137626844, 0.061665603733041904, 0.06250854730838162, 0.05725485832711216, 0.05565598023865045], [0.07031286213776486, 0.0751101752507471, 0.9688410050060279, 1.0, 0.07799687694448694, 0.08047022730779795, 0.06496456820108898, 0.059676269992198876, 0.07706493233494006, 0.08177412897270528, 0.08520646470818083, 0.0727461210648302, 0.06795954951508888, 0.08248734065801205, 0.07322794171817726, 0.08408355821245686, 0.08021638973433223, 0.07145226840147381, 0.06917491299642342, 0.07094262871073868], [0.06010984275256545, 0.05232534135885705, 0.061715711599867974, 0.07799687694448694, 1.0, 0.9101347859446786, 0.07394890872300237, 0.046616481635211385, 0.06032829453790172, 0.05078654299699996, 0.05869288724881747, 0.04316381818557834, 0.062003830976987036, 0.057890909383143944, 0.0706412066635351, 0.06735487458928349, 0.05737493549576418, 0.07859973475298697, 0.05675753046325163, 0.05799541591360297], [0.059372641690304734, 0.06199058316327401, 0.060802896435614005, 0.08047022730779795, 0.9101347859446786, 1.0, 0.07608933576778595, 0.07504184306875758, 0.06847887135539067, 0.06124819131686176, 0.07891172008022415, 0.06284657398371853, 0.053026710924970036, 0.07393141639754588, 0.07310026694207492, 0.06672725941462876, 0.07534944331479938, 0.07715332309201449, 0.077797789458284, 0.07450484376274553], [0.058815978089377816, 0.052082579629645985, 0.05918651745038776, 0.06496456820108898, 0.07394890872300237, 0.07608933576778595, 1.0, 0.858716455260268, 0.064402610960314, 0.05916063895714088, 0.07861848191794112, 0.05342046653094835, 0.06719935334760732, 0.07362160132550548, 0.08454679626996423, 0.06045520475332653, 0.05753323212698504, 0.06614483731876758, 0.07327241652135671, 0.07848680605524377], [0.0496710746823967, 0.059807913283925665, 0.05403299277492217, 0.059676269992198876, 0.046616481635211385, 0.07504184306875758, 0.858716455260268, 1.0, 0.05406520203629045, 0.05719572487291562, 0.07280462881353952, 0.051491234802110854, 0.06253416866238717, 0.05766202974444117, 0.06931731327974561, 0.06382045286074058, 0.06451616364928281, 0.0683721979982581, 0.06406451400025114, 0.07620223703734343], [0.05781627214695715, 0.06531461185030377, 0.05506921591813411, 0.07706493233494006, 0.06032829453790172, 0.06847887135539067, 0.064402610960314, 0.05406520203629045, 1.0, 0.8655115414239936, 0.07793637036674173, 0.05697455598292935, 0.06502299195097946, 0.07106603497543504, 0.06960944745755256, 0.07566495316390431, 0.0781071965360615, 0.07720093842246131, 0.06492834413903281, 0.059413033122331954], [0.058206045523218154, 0.05104684847951578, 0.05874724134164861, 0.08177412897270528, 0.05078654299699996, 0.06124819131686176, 0.05916063895714088, 0.05719572487291562, 0.8655115414239936, 1.0, 0.06451810076490079, 0.05099528520458382, 0.07022534736837255, 0.07906974757237242, 0.06437914957593556, 0.07563381531604155, 0.06809715672295277, 0.06594463727678052, 0.060050872153221746, 0.06340477013452372], [0.06746366505950298, 0.06374929728988131, 0.057190487803700646, 0.08520646470818083, 0.05869288724881747, 0.07891172008022415, 0.07861848191794112, 0.07280462881353952, 0.07793637036674173, 0.06451810076490079, 1.0, 0.8331388492109706, 0.0705112690621091, 0.06004656078527554, 0.06087747195838288, 0.06942064554100259, 0.06622170309504585, 0.074248945646826, 0.08669780030887428, 0.08870084985684956], [0.05091218808735745, 0.04590239567648411, 0.050880616531307654, 0.0727461210648302, 0.04316381818557834, 0.06284657398371853, 0.05342046653094835, 0.051491234802110854, 0.05697455598292935, 0.05099528520458382, 0.8331388492109706, 1.0, 0.056576552436684364, 0.05845858025786115, 0.062269778094457516, 0.05996928015768793, 0.05669416449714289, 0.05758810392682204, 0.062312999772400915, 0.05978281649397241], [0.05102073341816688, 0.06513185784870974, 0.07060954425162003, 0.06795954951508888, 0.062003830976987036, 0.053026710924970036, 0.06719935334760732, 0.06253416866238717, 0.06502299195097946, 0.07022534736837255, 0.0705112690621091, 0.056576552436684364, 1.0, 0.9794628167880025, 0.06766673306116162, 0.07154821219519675, 0.07092790663204206, 0.09800892354080544, 0.05275291420359273, 0.07582187324305328], [0.06694289981092655, 0.05768559227025452, 0.0718686796888744, 0.08248734065801205, 0.057890909383143944, 0.07393141639754588, 0.07362160132550548, 0.05766202974444117, 0.07106603497543504, 0.07906974757237242, 0.06004656078527554, 0.05845858025786115, 0.9794628167880025, 1.0, 0.06940369149369127, 0.06710355869464436, 0.06954462779759951, 0.06486924325580684, 0.0616173712684159, 0.07894489789940143], [0.07001001211064113, 0.06656091089663123, 0.05614268996610589, 0.07322794171817726, 0.0706412066635351, 0.07310026694207492, 0.08454679626996423, 0.06931731327974561, 0.06960944745755256, 0.06437914957593556, 0.06087747195838288, 0.062269778094457516, 0.06766673306116162, 0.06940369149369127, 1.0, 0.9800935004909371, 0.06032294089889735, 0.0700808762570269, 0.07222841748748712, 0.07167572240218464], [0.05867018871085497, 0.0633262620956242, 0.052920154137626844, 0.08408355821245686, 0.06735487458928349, 0.06672725941462876, 0.06045520475332653, 0.06382045286074058, 0.07566495316390431, 0.07563381531604155, 0.06942064554100259, 0.05996928015768793, 0.07154821219519675, 0.06710355869464436, 0.9800935004909371, 1.0, 0.058150030310888064, 0.0632816827224866, 0.05779287419025824, 0.05683003172947383], [0.06176678631024141, 0.06268663851839962, 0.061665603733041904, 0.08021638973433223, 0.05737493549576418, 0.07534944331479938, 0.05753323212698504, 0.06451616364928281, 0.0781071965360615, 0.06809715672295277, 0.06622170309504585, 0.05669416449714289, 0.07092790663204206, 0.06954462779759951, 0.06032294089889735, 0.058150030310888064, 1.0, 0.9591010093956347, 0.06530284515862077, 0.06820871401140892], [0.05903798182476758, 0.060085916803291034, 0.06250854730838162, 0.07145226840147381, 0.07859973475298697, 0.07715332309201449, 0.06614483731876758, 0.0683721979982581, 0.07720093842246131, 0.06594463727678052, 0.074248945646826, 0.05758810392682204, 0.09800892354080544, 0.06486924325580684, 0.0700808762570269, 0.0632816827224866, 0.9591010093956347, 1.0, 0.0705066096990563, 0.06654710423363372], [0.06585967504292374, 0.06915109161710714, 0.05725485832711216, 0.06917491299642342, 0.05675753046325163, 0.077797789458284, 0.07327241652135671, 0.06406451400025114, 0.06492834413903281, 0.060050872153221746, 0.08669780030887428, 0.062312999772400915, 0.05275291420359273, 0.0616173712684159, 0.07222841748748712, 0.05779287419025824, 0.06530284515862077, 0.0705066096990563, 1.0, 1.0], [0.07029488124774987, 0.07599463309946783, 0.05565598023865045, 0.07094262871073868, 0.05799541591360297, 0.07450484376274553, 0.07848680605524377, 0.07620223703734343, 0.059413033122331954, 0.06340477013452372, 0.08870084985684956, 0.05978281649397241, 0.07582187324305328, 0.07894489789940143, 0.07167572240218464, 0.05683003172947383, 0.06820871401140892, 0.06654710423363372, 1.0, 1.0]], "meta_info": {"source": "pretrained"}}