{"model": "LSING", "dataset": "0.5_dim20_pair_gau", "N": 20000, "seed": 12340, "metrics": {"TP": 10, "FP": 0, "FN": 0, "TN": 180, "TPR": 1.0, "FDR": 0.0, "FPR": 0.0, "Hamming": 0}, "omega": [[1.0, 0.9579636348843978, 0.06501039300876857, 0.05893891252120151, 0.06255787956483042, 0.06632234839668755, 0.06809690541200081, 0.0714513972453676, 0.07266851567557701, 0.057746844942045274, 0.05742971443747062, 0.0634702702543574, 0.07051047657479474, 0.06781482546944391, 0.05976686461429517, 0.05774593334308085, 0.0762904238106661, 0.05710962611484929, 0.06835668045145547, 0.0706958824228911], [0.9579636348843978, 1.0, 0.0802179155301137, 0.069834939925684, 0.06281951125538697, 0.06897430129479837, 0.06992880116584754, 0.05847978166050667, 0.06268231142959325, 0.06217502751411969, 0.06623673057590573, 0.05243824733830944, 0.06955430125733082, 0.06011781348901518, 0.054940282629355165, 0.06905117947413218, 0.059849744850419266, 0.06112452400595234, 0.06291642788535179, 0.07119923559053637], [0.06501039300876857, 0.0802179155301137, 1.0, 1.0, 0.06426266998783821, 0.07085392078770358, 0.08329242381976537, 0.06607107882646983, 0.05654238296229007, 0.05580251307372303, 0.06907512915824056, 0.06262694085273833, 0.07759538469766226, 0.06048342879233421, 0.060693631804921794, 0.06151617842281046, 0.06906546397900604, 0.0598103565269683, 0.07957775839922196, 0.06965673208531291], [0.05893891252120151, 0.069834939925684, 1.0, 1.0, 0.061695470703539854, 0.06484385196248356, 0.06645168393906027, 0.07677357126181533, 0.06341311550827547, 0.06680102427371154, 0.06087935824592614, 0.07274638629904336, 0.06609777445852917, 0.06366164470607105, 0.04975398843224961, 0.060530985265527644, 0.06908537976800269, 0.06698216205448514, 0.07022741533916299, 0.06590713040109283], [0.06255787956483042, 0.06281951125538697, 0.06426266998783821, 0.061695470703539854, 1.0, 0.9574731221596583, 0.06377493108869382, 0.05616001319482352, 0.05393699130547573, 0.05980010870497058, 0.05382273199307136, 0.06099095803107648, 0.07313662592545973, 0.05820064838493879, 0.054925156219627305, 0.04976780041105475, 0.06972559544194719, 0.04992905724988691, 0.06165263112774036, 0.061214531161809076], [0.06632234839668755, 0.06897430129479837, 0.07085392078770358, 0.06484385196248356, 0.9574731221596583, 1.0, 0.06220401468852999, 0.06853639089684746, 0.06114934486644111, 0.07009042180793615, 0.07023140741780845, 0.06476750345838903, 0.07308466199672266, 0.0680921801513136, 0.06403669380417797, 0.06494414178739322, 0.08364607403820566, 0.07610066068678562, 0.0711716144206905, 0.0748838963026572], [0.06809690541200081, 0.06992880116584754, 0.08329242381976537, 0.06645168393906027, 0.06377493108869382, 0.06220401468852999, 1.0, 0.9801899230300475, 0.07529717122645309, 0.07161122256717152, 0.06358854115975816, 0.06199055277933868, 0.06222343425546038, 0.06115215493297367, 0.07100858038204237, 0.06134045726829953, 0.08640002566081391, 0.06726494451367517, 0.06737047254792479, 0.07151469901198952], [0.0714513972453676, 0.05847978166050667, 0.06607107882646983, 0.07677357126181533, 0.05616001319482352, 0.06853639089684746, 0.9801899230300475, 1.0, 0.06792246941688622, 0.06733120409834377, 0.05243143961760258, 0.05895833487589631, 0.06481559797011499, 0.05729921918510033, 0.06483191196748458, 0.053196009098906226, 0.06734989884652567, 0.06394450243490035, 0.05817643107544636, 0.06930051433584435], [0.07266851567557701, 0.06268231142959325, 0.05654238296229007, 0.06341311550827547, 0.05393699130547573, 0.06114934486644111, 0.07529717122645309, 0.06792246941688622, 1.0, 0.9548586005743775, 0.05898200578356297, 0.06009293547935587, 0.05862481510431279, 0.06103161199957287, 0.05958400957064057, 0.060714420164181035, 0.07072490305047442, 0.06072363093781555, 0.06319756277577124, 0.06795314597653336], [0.057746844942045274, 0.06217502751411969, 0.05580251307372303, 0.06680102427371154, 0.05980010870497058, 0.07009042180793615, 0.07161122256717152, 0.06733120409834377, 0.9548586005743775, 1.0, 0.06692514669662405, 0.05936416089316939, 0.05903610792760805, 0.05049120158132703, 0.055049894738476025, 0.06476385427476687, 0.0758994342756215, 0.056589295461903125, 0.06750700888578721, 0.06667308818907626], [0.05742971443747062, 0.06623673057590573, 0.06907512915824056, 0.06087935824592614, 0.05382273199307136, 0.07023140741780845, 0.06358854115975816, 0.05243143961760258, 0.05898200578356297, 0.06692514669662405, 1.0, 0.8945661698855607, 0.0571064870921155, 0.06798942873042353, 0.057194555357820046, 0.060004914605646414, 0.06767650217459006, 0.06707404398191245, 0.06529093131760273, 0.06898117313408683], [0.0634702702543574, 0.05243824733830944, 0.06262694085273833, 0.07274638629904336, 0.06099095803107648, 0.06476750345838903, 0.06199055277933868, 0.05895833487589631, 0.06009293547935587, 0.05936416089316939, 0.8945661698855607, 1.0, 0.06151941222953444, 0.06240126853539957, 0.049991129612400834, 0.05441981537595256, 0.0645815846616399, 0.07538946574301415, 0.057862001914591996, 0.07231846446099935], [0.07051047657479474, 0.06955430125733082, 0.07759538469766226, 0.06609777445852917, 0.07313662592545973, 0.07308466199672266, 0.06222343425546038, 0.06481559797011499, 0.05862481510431279, 0.05903610792760805, 0.0571064870921155, 0.06151941222953444, 1.0, 0.9813213985495953, 0.06012617399450244, 0.06852953020861666, 0.07777554397312542, 0.07286637725508954, 0.06294356119642464, 0.06587587677421133], [0.06781482546944391, 0.06011781348901518, 0.06048342879233421, 0.06366164470607105, 0.05820064838493879, 0.0680921801513136, 0.06115215493297367, 0.05729921918510033, 0.06103161199957287, 0.05049120158132703, 0.06798942873042353, 0.06240126853539957, 0.9813213985495953, 1.0, 0.05498086969150554, 0.059324153686017796, 0.07370161377660542, 0.06370315173047912, 0.07259752246692797, 0.08164499443740639], [0.05976686461429517, 0.054940282629355165, 0.060693631804921794, 0.04975398843224961, 0.054925156219627305, 0.06403669380417797, 0.07100858038204237, 0.06483191196748458, 0.05958400957064057, 0.055049894738476025, 0.057194555357820046, 0.049991129612400834, 0.06012617399450244, 0.05498086969150554, 1.0, 0.8690563412987271, 0.08074883968784533, 0.06883116631856039, 0.06285888564001585, 0.06753044283347841], [0.05774593334308085, 0.06905117947413218, 0.06151617842281046, 0.060530985265527644, 0.04976780041105475, 0.06494414178739322, 0.06134045726829953, 0.053196009098906226, 0.060714420164181035, 0.06476385427476687, 0.060004914605646414, 0.05441981537595256, 0.06852953020861666, 0.059324153686017796, 0.8690563412987271, 1.0, 0.05368762299059056, 0.05853503515125607, 0.05934425904299482, 0.058322155884827954], [0.0762904238106661, 0.059849744850419266, 0.06906546397900604, 0.06908537976800269, 0.06972559544194719, 0.08364607403820566, 0.08640002566081391, 0.06734989884652567, 0.07072490305047442, 0.0758994342756215, 0.06767650217459006, 0.0645815846616399, 0.07777554397312542, 0.07370161377660542, 0.08074883968784533, 0.05368762299059056, 1.0, 0.989879879914706, 0.0730381537229501, 0.07295667294456346], [0.05710962611484929, 0.06112452400595234, 0.0598103565269683, 0.06698216205448514, 0.04992905724988691, 0.07610066068678562, 0.06726494451367517, 0.06394450243490035, 0.06072363093781555, 0.056589295461903125, 0.06707404398191245, 0.07538946574301415, 0.07286637725508954, 0.06370315173047912, 0.06883116631856039, 0.05853503515125607, 0.989879879914706, 1.0, 0.05946473228228519, 0.06299676289256295], [0.06835668045145547, 0.06291642788535179, 0.07957775839922196, 0.07022741533916299, 0.06165263112774036, 0.0711716144206905, 0.06737047254792479, 0.05817643107544636, 0.06319756277577124, 0.06750700888578721, 0.06529093131760273, 0.057862001914591996, 0.06294356119642464, 0.07259752246692797, 0.06285888564001585, 0.05934425904299482, 0.0730381537229501, 0.05946473228228519, 1.0, 0.9416722518597511], [0.0706958824228911, 0.07119923559053637, 0.06965673208531291, 0.06590713040109283, 0.061214531161809076, 0.0748838963026572, 0.07151469901198952, 0.06930051433584435, 0.06795314597653336, 0.06667308818907626, 0.06898117313408683, 0.07231846446099935, 0.06587587677421133, 0.08164499443740639, 0.06753044283347841, 0.058322155884827954, 0.07295667294456346, 0.06299676289256295, 0.9416722518597511, 1.0]], "meta_info": {"source": "pretrained"}}