{"model": "LSING", "dataset": "0.5_dim20_pair_gau", "N": 20000, "seed": 120, "metrics": {"TP": 10, "FP": 0, "FN": 0, "TN": 180, "TPR": 1.0, "FDR": 0.0, "FPR": 0.0, "Hamming": 0}, "omega": [[1.0, 0.8461623537349297, 0.06487861407655561, 0.06492716894451564, 0.051877249500236304, 0.05806533831776868, 0.05607430150466493, 0.059337091624810684, 0.05618433915369605, 0.048651649823907246, 0.05754213583800256, 0.05587307478417566, 0.057824707339794355, 0.06856157085671305, 0.054062584366081474, 0.05594821709364602, 0.06977617688068809, 0.057993076404784814, 0.04999173057949437, 0.06690624520250049], [0.8461623537349297, 1.0, 0.061307513144904784, 0.0598800097817506, 0.05779631524723979, 0.07006785563797482, 0.05782431985466023, 0.05837707688238327, 0.059401676996640985, 0.0497464850058319, 0.06482840359029526, 0.060398790053552504, 0.05252031495138541, 0.060800240910617594, 0.06099665251863603, 0.04954136988557017, 0.06225230486996519, 0.06035771391964961, 0.054616238299954115, 0.06088162633721391], [0.06487861407655561, 0.061307513144904784, 1.0, 1.0, 0.05725780304014658, 0.06076261149762798, 0.06527604104953562, 0.06325898853872083, 0.06201967830518099, 0.06440597976163519, 0.0634803021634005, 0.06514877792499683, 0.054121482106467604, 0.061899799075680495, 0.059056666194530934, 0.05206746270095196, 0.04981995814857067, 0.05540375712522839, 0.061676006088079716, 0.07076161660922349], [0.06492716894451564, 0.0598800097817506, 1.0, 1.0, 0.05436909594591484, 0.048809307499141245, 0.07357006550633999, 0.06250249562103863, 0.06188036791556323, 0.07104141881166515, 0.07097768970069065, 0.057374067548186136, 0.06007496899793765, 0.07493518376290098, 0.0532966007722996, 0.06142915638015572, 0.062451125389062175, 0.05452615749017327, 0.06312431442228124, 0.07741956502295365], [0.051877249500236304, 0.05779631524723979, 0.05725780304014658, 0.05436909594591484, 1.0, 0.9379906726963039, 0.06152304429912144, 0.05911360483175645, 0.0536008619577002, 0.06164869516033994, 0.06067572540793893, 0.060544283947198664, 0.06960779155758012, 0.06789996031285127, 0.054503062834242506, 0.057165381061443504, 0.06870079995574324, 0.06658791397123337, 0.06188165230684695, 0.057483544292162965], [0.05806533831776868, 0.07006785563797482, 0.06076261149762798, 0.048809307499141245, 0.9379906726963039, 1.0, 0.07071947556862332, 0.07137868533046532, 0.06856053846625082, 0.06517307297193749, 0.06322430997406028, 0.06263647334811132, 0.07093576543499071, 0.07952867099514116, 0.061562575911860366, 0.05696422208311054, 0.06182488437985535, 0.06109741762131081, 0.06511353032622325, 0.0667405695656451], [0.05607430150466493, 0.05782431985466023, 0.06527604104953562, 0.07357006550633999, 0.06152304429912144, 0.07071947556862332, 1.0, 0.9598493431785556, 0.06366340921191875, 0.05588269146068607, 0.06838368808328978, 0.06742767825714367, 0.06640198613932617, 0.06995875283070084, 0.06682817101250484, 0.06357000632679223, 0.05848861569759832, 0.06283122391845691, 0.07066348261189996, 0.0643380614757142], [0.059337091624810684, 0.05837707688238327, 0.06325898853872083, 0.06250249562103863, 0.05911360483175645, 0.07137868533046532, 0.9598493431785556, 1.0, 0.06206049159951739, 0.058966430932633686, 0.06937801558273364, 0.056078355195298794, 0.06912810663903046, 0.0707002882802688, 0.0710146714986659, 0.06088011433228497, 0.05435362363741259, 0.05491711102269586, 0.07876243946506718, 0.06854569480495917], [0.05618433915369605, 0.059401676996640985, 0.06201967830518099, 0.06188036791556323, 0.0536008619577002, 0.06856053846625082, 0.06366340921191875, 0.06206049159951739, 1.0, 0.8819704890454755, 0.06993078615888794, 0.06498818024017879, 0.049264345111537405, 0.06728114926334904, 0.059031967404338644, 0.06002451463991456, 0.0775060907243711, 0.05742826669261029, 0.06813753476473268, 0.06661254772895558], [0.048651649823907246, 0.0497464850058319, 0.06440597976163519, 0.07104141881166515, 0.06164869516033994, 0.06517307297193749, 0.05588269146068607, 0.058966430932633686, 0.8819704890454755, 1.0, 0.0609467265494322, 0.06524284468325524, 0.06387152124517584, 0.06830785209413875, 0.07968385472682656, 0.052560505017883716, 0.05677413488280564, 0.06559383034355223, 0.05574879773388722, 0.0668366306529854], [0.05754213583800256, 0.06482840359029526, 0.0634803021634005, 0.07097768970069065, 0.06067572540793893, 0.06322430997406028, 0.06838368808328978, 0.06937801558273364, 0.06993078615888794, 0.0609467265494322, 1.0, 0.8992940985504653, 0.05691742580152845, 0.06418016805777624, 0.05798196398146297, 0.052666331814478315, 0.06302423487022836, 0.053567183267266845, 0.06420382903813378, 0.06527870738080817], [0.05587307478417566, 0.060398790053552504, 0.06514877792499683, 0.057374067548186136, 0.060544283947198664, 0.06263647334811132, 0.06742767825714367, 0.056078355195298794, 0.06498818024017879, 0.06524284468325524, 0.8992940985504653, 1.0, 0.05963201387654175, 0.07213289940200909, 0.05979310472425777, 0.055232393856928824, 0.06037717488631566, 0.057766430117560066, 0.05893765948400377, 0.05759642982144555], [0.057824707339794355, 0.05252031495138541, 0.054121482106467604, 0.06007496899793765, 0.06960779155758012, 0.07093576543499071, 0.06640198613932617, 0.06912810663903046, 0.049264345111537405, 0.06387152124517584, 0.05691742580152845, 0.05963201387654175, 1.0, 0.96616022413831, 0.054300912110741104, 0.057975842800218384, 0.0669521093520117, 0.05431621912838194, 0.06444435162865801, 0.05964255049153492], [0.06856157085671305, 0.060800240910617594, 0.061899799075680495, 0.07493518376290098, 0.06789996031285127, 0.07952867099514116, 0.06995875283070084, 0.0707002882802688, 0.06728114926334904, 0.06830785209413875, 0.06418016805777624, 0.07213289940200909, 0.96616022413831, 1.0, 0.06335651827601003, 0.06942890349055714, 0.08002974346728245, 0.06976474471438844, 0.058704892015534436, 0.0749278052872352], [0.054062584366081474, 0.06099665251863603, 0.059056666194530934, 0.0532966007722996, 0.054503062834242506, 0.061562575911860366, 0.06682817101250484, 0.0710146714986659, 0.059031967404338644, 0.07968385472682656, 0.05798196398146297, 0.05979310472425777, 0.054300912110741104, 0.06335651827601003, 1.0, 0.8702486464466843, 0.0558810954554833, 0.057980153911046245, 0.0619296002050864, 0.06244797944332292], [0.05594821709364602, 0.04954136988557017, 0.05206746270095196, 0.06142915638015572, 0.057165381061443504, 0.05696422208311054, 0.06357000632679223, 0.06088011433228497, 0.06002451463991456, 0.052560505017883716, 0.052666331814478315, 0.055232393856928824, 0.057975842800218384, 0.06942890349055714, 0.8702486464466843, 1.0, 0.05539051759819827, 0.05469347790658398, 0.05661038583287583, 0.05662948641127028], [0.06977617688068809, 0.06225230486996519, 0.04981995814857067, 0.062451125389062175, 0.06870079995574324, 0.06182488437985535, 0.05848861569759832, 0.05435362363741259, 0.0775060907243711, 0.05677413488280564, 0.06302423487022836, 0.06037717488631566, 0.0669521093520117, 0.08002974346728245, 0.0558810954554833, 0.05539051759819827, 1.0, 0.9207687739744911, 0.06869222650844006, 0.07087549930304701], [0.057993076404784814, 0.06035771391964961, 0.05540375712522839, 0.05452615749017327, 0.06658791397123337, 0.06109741762131081, 0.06283122391845691, 0.05491711102269586, 0.05742826669261029, 0.06559383034355223, 0.053567183267266845, 0.057766430117560066, 0.05431621912838194, 0.06976474471438844, 0.057980153911046245, 0.05469347790658398, 0.9207687739744911, 1.0, 0.052814177715791714, 0.062153843000605107], [0.04999173057949437, 0.054616238299954115, 0.061676006088079716, 0.06312431442228124, 0.06188165230684695, 0.06511353032622325, 0.07066348261189996, 0.07876243946506718, 0.06813753476473268, 0.05574879773388722, 0.06420382903813378, 0.05893765948400377, 0.06444435162865801, 0.058704892015534436, 0.0619296002050864, 0.05661038583287583, 0.06869222650844006, 0.052814177715791714, 1.0, 0.9119516283285082], [0.06690624520250049, 0.06088162633721391, 0.07076161660922349, 0.07741956502295365, 0.057483544292162965, 0.0667405695656451, 0.0643380614757142, 0.06854569480495917, 0.06661254772895558, 0.0668366306529854, 0.06527870738080817, 0.05759642982144555, 0.05964255049153492, 0.0749278052872352, 0.06244797944332292, 0.05662948641127028, 0.07087549930304701, 0.062153843000605107, 0.9119516283285082, 1.0]], "meta_info": {"source": "pretrained"}}