{"model": "LSING", "dataset": "0.5_dim20_pair_gau", "N": 20000, "seed": 1230, "metrics": {"TP": 10, "FP": 0, "FN": 0, "TN": 180, "TPR": 1.0, "FDR": 0.0, "FPR": 0.0, "Hamming": 0}, "omega": [[1.0, 0.8664785200816533, 0.060646673425229294, 0.0627822467915896, 0.06722117108414853, 0.05403431136458512, 0.05209050338218029, 0.052183636617252296, 0.06795282214811342, 0.047528790244027654, 0.050663466643609927, 0.054365721189829005, 0.04811150887408589, 0.0689632739473158, 0.0626127092626955, 0.04874247229307366, 0.05803327241817447, 0.042856501178984006, 0.06435470658049211, 0.04523560069838949], [0.8664785200816533, 1.0, 0.06375386581029123, 0.05662307808212747, 0.05682131603593879, 0.05403811099792895, 0.05361435952789302, 0.06086401245249614, 0.06680594240279356, 0.061360695773659386, 0.066348200046136, 0.06196778219116918, 0.05733798701167112, 0.06135718111281635, 0.050392397106773415, 0.061992606462348845, 0.06999140195746978, 0.0644514600217778, 0.05224268925213759, 0.05770311330557293], [0.060646673425229294, 0.06375386581029123, 1.0, 0.8703905803543082, 0.07115348551343348, 0.06652009651406439, 0.05670269623248622, 0.05379924335368135, 0.06698764139702217, 0.07603945250069913, 0.06255822674235986, 0.05204909001736686, 0.05935138369558756, 0.06387640398562962, 0.0504989477970908, 0.045367287018729996, 0.06969224679750015, 0.06593081296195098, 0.06042948743874991, 0.058014210924232944], [0.0627822467915896, 0.05662307808212747, 0.8703905803543082, 1.0, 0.059854365436745056, 0.06164573160166873, 0.06158272101538362, 0.05681742405039564, 0.06673329816280128, 0.06055512337071722, 0.05786346310995092, 0.059198403596716034, 0.06212261724993009, 0.055522712181658274, 0.05559965475687075, 0.0629104316442584, 0.06149009967535933, 0.053996420576517525, 0.059503617060961654, 0.06166100929407203], [0.06722117108414853, 0.05682131603593879, 0.07115348551343348, 0.059854365436745056, 1.0, 0.9141214048713664, 0.061701683841290836, 0.06648440106970656, 0.07793850133004054, 0.0682494336646501, 0.0762550157271046, 0.07109568622982479, 0.0669397317146445, 0.06597592305337184, 0.056673109226455444, 0.052463978314901454, 0.067970617097607, 0.06333777957279962, 0.06580744097818436, 0.07143341822277133], [0.05403431136458512, 0.05403811099792895, 0.06652009651406439, 0.06164573160166873, 0.9141214048713664, 1.0, 0.059873461232932045, 0.058925318143299876, 0.053501850801401775, 0.05563630538683307, 0.05342379736116309, 0.04972862490931542, 0.060530383535834086, 0.061004129209318254, 0.05522956519191357, 0.06255047971215329, 0.055809476315112204, 0.06578428960112968, 0.08137412979952796, 0.05976163327408157], [0.05209050338218029, 0.05361435952789302, 0.05670269623248622, 0.06158272101538362, 0.061701683841290836, 0.059873461232932045, 1.0, 0.9173523175399181, 0.049808832794432746, 0.06387010028836684, 0.05617808032897732, 0.056572711831247645, 0.046114539007795836, 0.054424061393462335, 0.07303131972327186, 0.07631798145660718, 0.06987544717462642, 0.06418578913065065, 0.052804776400865706, 0.061439015715959], [0.052183636617252296, 0.06086401245249614, 0.05379924335368135, 0.05681742405039564, 0.06648440106970656, 0.058925318143299876, 0.9173523175399181, 1.0, 0.05441363878810948, 0.05926547767977163, 0.05632403902206557, 0.05762642667788431, 0.05871668397047837, 0.05991875075148304, 0.0701697868270596, 0.06381629325840343, 0.05922492450972909, 0.057563983397966506, 0.057123123023346295, 0.05428641175967944], [0.06795282214811342, 0.06680594240279356, 0.06698764139702217, 0.06673329816280128, 0.07793850133004054, 0.053501850801401775, 0.049808832794432746, 0.05441363878810948, 1.0, 0.8718851872391763, 0.05347791047270141, 0.061578314496158484, 0.08680056296634167, 0.05859064168883401, 0.055580012763390585, 0.04786732438179121, 0.05096644254599752, 0.05460772617021952, 0.055882695777374584, 0.05905359270953374], [0.047528790244027654, 0.061360695773659386, 0.07603945250069913, 0.06055512337071722, 0.0682494336646501, 0.05563630538683307, 0.06387010028836684, 0.05926547767977163, 0.8718851872391763, 1.0, 0.0645542401037283, 0.05918346101086459, 0.06483987754035042, 0.05230596897911789, 0.05036149869951216, 0.06471485113289868, 0.060664584474630606, 0.05886885400863007, 0.060908895621370085, 0.06608499891668232], [0.050663466643609927, 0.066348200046136, 0.06255822674235986, 0.05786346310995092, 0.0762550157271046, 0.05342379736116309, 0.05617808032897732, 0.05632403902206557, 0.05347791047270141, 0.0645542401037283, 1.0, 0.8767850255267812, 0.0479665555006532, 0.059405480975320286, 0.05366234045339589, 0.05926177831452993, 0.0615925420121237, 0.07658713798360045, 0.05683552244282987, 0.05540489188438847], [0.054365721189829005, 0.06196778219116918, 0.05204909001736686, 0.059198403596716034, 0.07109568622982479, 0.04972862490931542, 0.056572711831247645, 0.05762642667788431, 0.061578314496158484, 0.05918346101086459, 0.8767850255267812, 1.0, 0.05233017844851345, 0.04674459605591304, 0.0531272966672656, 0.04975859979458338, 0.06484982255290103, 0.054675634061703345, 0.050936874010406606, 0.05328793408277864], [0.04811150887408589, 0.05733798701167112, 0.05935138369558756, 0.06212261724993009, 0.0669397317146445, 0.060530383535834086, 0.046114539007795836, 0.05871668397047837, 0.08680056296634167, 0.06483987754035042, 0.0479665555006532, 0.05233017844851345, 1.0, 0.8779956731464207, 0.052582020257449645, 0.0506044799745813, 0.05778278950588555, 0.05149416939930668, 0.04710652960235233, 0.07521386341821094], [0.0689632739473158, 0.06135718111281635, 0.06387640398562962, 0.055522712181658274, 0.06597592305337184, 0.061004129209318254, 0.054424061393462335, 0.05991875075148304, 0.05859064168883401, 0.05230596897911789, 0.059405480975320286, 0.04674459605591304, 0.8779956731464207, 1.0, 0.05315370411900519, 0.05893138436347867, 0.06853577561662139, 0.05923921799155096, 0.06569433855898314, 0.05915862354651359], [0.0626127092626955, 0.050392397106773415, 0.0504989477970908, 0.05559965475687075, 0.056673109226455444, 0.05522956519191357, 0.07303131972327186, 0.0701697868270596, 0.055580012763390585, 0.05036149869951216, 0.05366234045339589, 0.0531272966672656, 0.052582020257449645, 0.05315370411900519, 1.0, 0.8294716533842743, 0.060866728926473546, 0.04856214011139512, 0.051468556176481314, 0.050275586087110566], [0.04874247229307366, 0.061992606462348845, 0.045367287018729996, 0.0629104316442584, 0.052463978314901454, 0.06255047971215329, 0.07631798145660718, 0.06381629325840343, 0.04786732438179121, 0.06471485113289868, 0.05926177831452993, 0.04975859979458338, 0.0506044799745813, 0.05893138436347867, 0.8294716533842743, 1.0, 0.057845414851567745, 0.049306087211042106, 0.05352105214295943, 0.051331407883209064], [0.05803327241817447, 0.06999140195746978, 0.06969224679750015, 0.06149009967535933, 0.067970617097607, 0.055809476315112204, 0.06987544717462642, 0.05922492450972909, 0.05096644254599752, 0.060664584474630606, 0.0615925420121237, 0.06484982255290103, 0.05778278950588555, 0.06853577561662139, 0.060866728926473546, 0.057845414851567745, 1.0, 1.0, 0.05990587949353083, 0.05482622355792938], [0.042856501178984006, 0.0644514600217778, 0.06593081296195098, 0.053996420576517525, 0.06333777957279962, 0.06578428960112968, 0.06418578913065065, 0.057563983397966506, 0.05460772617021952, 0.05886885400863007, 0.07658713798360045, 0.054675634061703345, 0.05149416939930668, 0.05923921799155096, 0.04856214011139512, 0.049306087211042106, 1.0, 1.0, 0.05644498346230696, 0.06744700915238792], [0.06435470658049211, 0.05224268925213759, 0.06042948743874991, 0.059503617060961654, 0.06580744097818436, 0.08137412979952796, 0.052804776400865706, 0.057123123023346295, 0.055882695777374584, 0.060908895621370085, 0.05683552244282987, 0.050936874010406606, 0.04710652960235233, 0.06569433855898314, 0.051468556176481314, 0.05352105214295943, 0.05990587949353083, 0.05644498346230696, 1.0, 0.9092989102313824], [0.04523560069838949, 0.05770311330557293, 0.058014210924232944, 0.06166100929407203, 0.07143341822277133, 0.05976163327408157, 0.061439015715959, 0.05428641175967944, 0.05905359270953374, 0.06608499891668232, 0.05540489188438847, 0.05328793408277864, 0.07521386341821094, 0.05915862354651359, 0.050275586087110566, 0.051331407883209064, 0.05482622355792938, 0.06744700915238792, 0.9092989102313824, 1.0]], "meta_info": {"source": "pretrained"}}