{"model": "LSING", "dataset": "0.5_dim20_pair_gau", "N": 1000, "seed": 123450, "metrics": {"TP": 10, "FP": 0, "FN": 0, "TN": 180, "TPR": 1.0, "FDR": 0.0, "FPR": 0.0, "Hamming": 0}, "omega": [[1.0, 0.7091062231755143, 0.12385124482288692, 0.08667817889457753, 0.10155636851311695, 0.07694295414477494, 0.07955640115541893, 0.09132413507556664, 0.09124267274021283, 0.12697732608718848, 0.07917933189258461, 0.08916151803034934, 0.09309330194878941, 0.07325548074194059, 0.08547949457248585, 0.08665960366546853, 0.14562654058948823, 0.11845307193892941, 0.12011070855671574, 0.1095123559431344], [0.7091062231755143, 1.0, 0.056360034627994215, 0.11084495354027087, 0.10413875322775382, 0.07906928603005471, 0.07591770476007373, 0.07686866517997268, 0.08671260916096357, 0.09353046641623436, 0.09609792593069666, 0.14129426937712636, 0.10104493898413715, 0.09555526200218434, 0.08437050487104608, 0.09724630343618457, 0.09124374121626633, 0.09291544729725373, 0.06328034606806358, 0.09096701787004448], [0.12385124482288692, 0.056360034627994215, 1.0, 0.3950897640357405, 0.078014143219123, 0.07528398850532027, 0.05496621956784193, 0.09327438354142625, 0.08259048113376295, 0.15692509161548723, 0.05547820962844264, 0.12508817437284422, 0.05548562442199509, 0.06295836666564297, 0.06159000978045212, 0.09110182512729063, 0.07001061458054184, 0.09850703585983475, 0.05797707393640117, 0.05780761411238199], [0.08667817889457753, 0.11084495354027087, 0.3950897640357405, 1.0, 0.0929524017486789, 0.05916101711347738, 0.08149620628374449, 0.10866848933223947, 0.11159704594624871, 0.13171931364502149, 0.06600096337816733, 0.1129631989501838, 0.07061091645777443, 0.09679541132226259, 0.09657099788645397, 0.09267933560237171, 0.10910764972251366, 0.09978028403430399, 0.05066277211049368, 0.13200937501446147], [0.10155636851311695, 0.10413875322775382, 0.078014143219123, 0.0929524017486789, 1.0, 0.7568804981578612, 0.08824439507580453, 0.06093179267659724, 0.11330613912780152, 0.12901096827240913, 0.07929286046117702, 0.06571748257824696, 0.10756697896317417, 0.12130612769247838, 0.16061064319562132, 0.0864610679069645, 0.09481068956413559, 0.09941253226510842, 0.0814070470962827, 0.09115054715726473], [0.07694295414477494, 0.07906928603005471, 0.07528398850532027, 0.05916101711347738, 0.7568804981578612, 1.0, 0.11699351452723945, 0.09173996826716954, 0.09457174055141128, 0.08406195910491328, 0.05100212440767225, 0.06872758040839248, 0.07766037725169257, 0.0624526906531302, 0.06902567327568426, 0.07088201536517327, 0.09594771540792761, 0.14166033357564234, 0.06596340417407652, 0.07526140708859236], [0.07955640115541893, 0.07591770476007373, 0.05496621956784193, 0.08149620628374449, 0.08824439507580453, 0.11699351452723945, 1.0, 0.6820747064688323, 0.0921254921156889, 0.11946113726468524, 0.09953473771977285, 0.1074109360431556, 0.08519722566822349, 0.06307515324958418, 0.07892260362955626, 0.10700505139145126, 0.07778905571117327, 0.10149943571078546, 0.07489879452189124, 0.11750535758274556], [0.09132413507556664, 0.07686866517997268, 0.09327438354142625, 0.10866848933223947, 0.06093179267659724, 0.09173996826716954, 0.6820747064688323, 1.0, 0.12751253936724724, 0.08623417092167136, 0.05954083525206454, 0.15145528541973735, 0.17082593877788063, 0.06744110655606197, 0.06794207840554727, 0.09607104192583386, 0.08986349484586274, 0.11952352240231433, 0.07827910615777617, 0.07629072480940778], [0.09124267274021283, 0.08671260916096357, 0.08259048113376295, 0.11159704594624871, 0.11330613912780152, 0.09457174055141128, 0.0921254921156889, 0.12751253936724724, 1.0, 0.9328283382452317, 0.08761200784271941, 0.08514142827109426, 0.1838260606271766, 0.06966082133615593, 0.07475686409095511, 0.09918850606223195, 0.11282729931361672, 0.1104485417534435, 0.07257992420790213, 0.0759664028867804], [0.12697732608718848, 0.09353046641623436, 0.15692509161548723, 0.13171931364502149, 0.12901096827240913, 0.08406195910491328, 0.11946113726468524, 0.08623417092167136, 0.9328283382452317, 1.0, 0.0935586507588446, 0.1578476310504285, 0.10522772155240592, 0.08904954317413898, 0.08080324817102714, 0.10590252752384753, 0.11148444243410528, 0.10887215473193097, 0.12727327005073957, 0.11300923664322705], [0.07917933189258461, 0.09609792593069666, 0.05547820962844264, 0.06600096337816733, 0.07929286046117702, 0.05100212440767225, 0.09953473771977285, 0.05954083525206454, 0.08761200784271941, 0.0935586507588446, 1.0, 0.45746088478881347, 0.11823559045067143, 0.062419214127114056, 0.06431844584932765, 0.08144872722367603, 0.09902041589543571, 0.06847960791221863, 0.05237530019157417, 0.056502282972386984], [0.08916151803034934, 0.14129426937712636, 0.12508817437284422, 0.1129631989501838, 0.06571748257824696, 0.06872758040839248, 0.1074109360431556, 0.15145528541973735, 0.08514142827109426, 0.1578476310504285, 0.45746088478881347, 1.0, 0.08153414076913372, 0.05683811431827518, 0.07270223244661644, 0.09073655212692612, 0.08749344285568243, 0.08895898325520663, 0.06806555551403824, 0.08593330288503259], [0.09309330194878941, 0.10104493898413715, 0.05548562442199509, 0.07061091645777443, 0.10756697896317417, 0.07766037725169257, 0.08519722566822349, 0.17082593877788063, 0.1838260606271766, 0.10522772155240592, 0.11823559045067143, 0.08153414076913372, 1.0, 0.5142033406212164, 0.09002888394344097, 0.12354662875391731, 0.11459398024702822, 0.10456876822791464, 0.0796718180821372, 0.11567752970095713], [0.07325548074194059, 0.09555526200218434, 0.06295836666564297, 0.09679541132226259, 0.12130612769247838, 0.0624526906531302, 0.06307515324958418, 0.06744110655606197, 0.06966082133615593, 0.08904954317413898, 0.062419214127114056, 0.05683811431827518, 0.5142033406212164, 1.0, 0.07599782612212551, 0.07855172770330943, 0.08469935646284879, 0.1673487113442574, 0.07648119799581238, 0.07485110989372301], [0.08547949457248585, 0.08437050487104608, 0.06159000978045212, 0.09657099788645397, 0.16061064319562132, 0.06902567327568426, 0.07892260362955626, 0.06794207840554727, 0.07475686409095511, 0.08080324817102714, 0.06431844584932765, 0.07270223244661644, 0.09002888394344097, 0.07599782612212551, 1.0, 0.7910000029448826, 0.10482154050018562, 0.10838371058489842, 0.08677322067615038, 0.0679059749104421], [0.08665960366546853, 0.09724630343618457, 0.09110182512729063, 0.09267933560237171, 0.0864610679069645, 0.07088201536517327, 0.10700505139145126, 0.09607104192583386, 0.09918850606223195, 0.10590252752384753, 0.08144872722367603, 0.09073655212692612, 0.12354662875391731, 0.07855172770330943, 0.7910000029448826, 1.0, 0.11291547368646096, 0.14110202017795276, 0.07796575822521949, 0.08017876813880326], [0.14562654058948823, 0.09124374121626633, 0.07001061458054184, 0.10910764972251366, 0.09481068956413559, 0.09594771540792761, 0.07778905571117327, 0.08986349484586274, 0.11282729931361672, 0.11148444243410528, 0.09902041589543571, 0.08749344285568243, 0.11459398024702822, 0.08469935646284879, 0.10482154050018562, 0.11291547368646096, 1.0, 1.0, 0.08550043861539577, 0.09555170280566609], [0.11845307193892941, 0.09291544729725373, 0.09850703585983475, 0.09978028403430399, 0.09941253226510842, 0.14166033357564234, 0.10149943571078546, 0.11952352240231433, 0.1104485417534435, 0.10887215473193097, 0.06847960791221863, 0.08895898325520663, 0.10456876822791464, 0.1673487113442574, 0.10838371058489842, 0.14110202017795276, 1.0, 1.0, 0.08295529758171982, 0.11411368233353104], [0.12011070855671574, 0.06328034606806358, 0.05797707393640117, 0.05066277211049368, 0.0814070470962827, 0.06596340417407652, 0.07489879452189124, 0.07827910615777617, 0.07257992420790213, 0.12727327005073957, 0.05237530019157417, 0.06806555551403824, 0.0796718180821372, 0.07648119799581238, 0.08677322067615038, 0.07796575822521949, 0.08550043861539577, 0.08295529758171982, 1.0, 0.4931911351539311], [0.1095123559431344, 0.09096701787004448, 0.05780761411238199, 0.13200937501446147, 0.09115054715726473, 0.07526140708859236, 0.11750535758274556, 0.07629072480940778, 0.0759664028867804, 0.11300923664322705, 0.056502282972386984, 0.08593330288503259, 0.11567752970095713, 0.07485110989372301, 0.0679059749104421, 0.08017876813880326, 0.09555170280566609, 0.11411368233353104, 0.4931911351539311, 1.0]], "meta_info": {"source": "pretrained"}}