{"model": "LSING", "dataset": "0.5_dim20_pair_gau", "N": 1000, "seed": 120, "metrics": {"TP": 10, "FP": 3, "FN": 0, "TN": 177, "TPR": 1.0, "FDR": 0.23076923076923078, "FPR": 0.016666666666666666, "Hamming": 3}, "omega": [[1.0, 0.9043351336306752, 0.09477374069967065, 0.07846319266162113, 0.07033086839316378, 0.06086416318917731, 0.1894308304435591, 0.12676996704387483, 0.10474989258456749, 0.10035473330012742, 0.18399992821479644, 0.07996927037057328, 0.11140286443952023, 0.0839491643215784, 0.09563825914164627, 0.11654087988929127, 0.11066297308705551, 0.10052290378284934, 0.09215236335990855, 0.0819794029989843], [0.9043351336306752, 1.0, 0.12316219383978004, 0.12820663139956168, 0.1382694056709891, 0.08983279347501885, 0.17982759167148907, 0.12833004632664408, 0.1348065882025006, 0.178774951917557, 0.11605485523002435, 0.11187286599066834, 0.15220113479393133, 0.1887256615100962, 0.0990042584158181, 0.12887809067310801, 0.14749147445758617, 0.12193322118469514, 0.12337753633181388, 0.0770955244864157], [0.09477374069967065, 0.12316219383978004, 1.0, 0.7839927601893534, 0.09776973657558971, 0.18468138389278566, 0.15948242133590584, 0.13133050516423175, 0.12659847492125142, 0.14311246684394674, 0.11099041436644415, 0.1620325801974009, 0.07964577517839777, 0.08434179737555815, 0.10500658765676514, 0.15409078582338784, 0.09592950084305635, 0.06700012940227483, 0.20408458857737888, 0.10433188545516332], [0.07846319266162113, 0.12820663139956168, 0.7839927601893534, 1.0, 0.08576308668399167, 0.04840268214288488, 0.12939892958186378, 0.09421250687154416, 0.07702851971563823, 0.11211159639587903, 0.09120915930920805, 0.10453112087977595, 0.10442686703973983, 0.08833941723428403, 0.08402402191085914, 0.12832506649052006, 0.12265730982220988, 0.11040297211732557, 0.07261660530291152, 0.06281871738312288], [0.07033086839316378, 0.1382694056709891, 0.09776973657558971, 0.08576308668399167, 1.0, 0.5382813698715821, 0.1652743957921277, 0.10404285030916964, 0.13384816652823878, 0.14449440285310503, 0.08012592006276797, 0.12294367926035213, 0.11475055271458266, 0.08031321490034135, 0.1432822378008708, 0.10981198258768027, 0.10710552561356934, 0.06406200772299643, 0.15519732220200902, 0.13832588404422724], [0.06086416318917731, 0.08983279347501885, 0.18468138389278566, 0.04840268214288488, 0.5382813698715821, 1.0, 0.1081293410894937, 0.08531156667428598, 0.09035938884344592, 0.11889131268900026, 0.13334402240202106, 0.12422199899542695, 0.09019527202079336, 0.13565149952363592, 0.07690029549476482, 0.08790024186576041, 0.08529376730217561, 0.10045560515451345, 0.08330087519176829, 0.10496203150446884], [0.1894308304435591, 0.17982759167148907, 0.15948242133590584, 0.12939892958186378, 0.1652743957921277, 0.1081293410894937, 1.0, 1.0, 0.1463073806733662, 0.14872959080544887, 0.12163194897037559, 0.18642928538249653, 0.13621812773694209, 0.15776839742471632, 0.13420593810562206, 0.29245532263146085, 0.13227628046856846, 0.12241590321423497, 0.1348867640888432, 0.15139744224282164], [0.12676996704387483, 0.12833004632664408, 0.13133050516423175, 0.09421250687154416, 0.10404285030916964, 0.08531156667428598, 1.0, 1.0, 0.10774145698355636, 0.10680290217922667, 0.21901832474744518, 0.11544789769055246, 0.10120057604477381, 0.11255335876040806, 0.11849946412975239, 0.14754862975269997, 0.11928109637415456, 0.11234030940682123, 0.0806851309964521, 0.12647228408973318], [0.10474989258456749, 0.1348065882025006, 0.12659847492125142, 0.07702851971563823, 0.13384816652823878, 0.09035938884344592, 0.1463073806733662, 0.10774145698355636, 1.0, 0.7703521232153139, 0.0731388793909928, 0.09402070446892277, 0.09658318173431793, 0.08925223064124127, 0.07941799359096666, 0.09106502742425664, 0.08921571621587868, 0.06973478095962544, 0.10764380181994382, 0.0741904512875474], [0.10035473330012742, 0.178774951917557, 0.14311246684394674, 0.11211159639587903, 0.14449440285310503, 0.11889131268900026, 0.14872959080544887, 0.10680290217922667, 0.7703521232153139, 1.0, 0.10698460322827716, 0.17096831627805054, 0.10801956692532429, 0.17534226534371994, 0.12831959864095077, 0.1364325230630956, 0.13744777993763083, 0.12730078399097605, 0.06940886931377753, 0.10331050479900877], [0.18399992821479644, 0.11605485523002435, 0.11099041436644415, 0.09120915930920805, 0.08012592006276797, 0.13334402240202106, 0.12163194897037559, 0.21901832474744518, 0.0731388793909928, 0.10698460322827716, 1.0, 0.8261289745021896, 0.07715647369250703, 0.1317519441301218, 0.09864489161168907, 0.1123217360348918, 0.14418968043620217, 0.13680505573533341, 0.06763090514634841, 0.10049924824939607], [0.07996927037057328, 0.11187286599066834, 0.1620325801974009, 0.10453112087977595, 0.12294367926035213, 0.12422199899542695, 0.18642928538249653, 0.11544789769055246, 0.09402070446892277, 0.17096831627805054, 0.8261289745021896, 1.0, 0.14028991252070383, 0.11082805019422935, 0.10048910229244579, 0.11748844982371695, 0.14597004269120628, 0.08317564202104313, 0.09478480496149101, 0.0786011141819226], [0.11140286443952023, 0.15220113479393133, 0.07964577517839777, 0.10442686703973983, 0.11475055271458266, 0.09019527202079336, 0.13621812773694209, 0.10120057604477381, 0.09658318173431793, 0.10801956692532429, 0.07715647369250703, 0.14028991252070383, 1.0, 0.8975969798159738, 0.08644684074788428, 0.09973106261202007, 0.11848349349619759, 0.09363675333155759, 0.07097051233855413, 0.0949926435908722], [0.0839491643215784, 0.1887256615100962, 0.08434179737555815, 0.08833941723428403, 0.08031321490034135, 0.13565149952363592, 0.15776839742471632, 0.11255335876040806, 0.08925223064124127, 0.17534226534371994, 0.1317519441301218, 0.11082805019422935, 0.8975969798159738, 1.0, 0.13123439800025732, 0.1496307050083613, 0.1314766625673537, 0.09313783567191475, 0.0779587048270092, 0.10868755763018992], [0.09563825914164627, 0.0990042584158181, 0.10500658765676514, 0.08402402191085914, 0.1432822378008708, 0.07690029549476482, 0.13420593810562206, 0.11849946412975239, 0.07941799359096666, 0.12831959864095077, 0.09864489161168907, 0.10048910229244579, 0.08644684074788428, 0.13123439800025732, 1.0, 0.855895821618387, 0.11144581487015799, 0.08731083969167626, 0.08508608609648645, 0.09210645336386093], [0.11654087988929127, 0.12887809067310801, 0.15409078582338784, 0.12832506649052006, 0.10981198258768027, 0.08790024186576041, 0.29245532263146085, 0.14754862975269997, 0.09106502742425664, 0.1364325230630956, 0.1123217360348918, 0.11748844982371695, 0.09973106261202007, 0.1496307050083613, 0.855895821618387, 1.0, 0.14315149217719694, 0.06869236849821786, 0.08639214913355049, 0.1205677254564395], [0.11066297308705551, 0.14749147445758617, 0.09592950084305635, 0.12265730982220988, 0.10710552561356934, 0.08529376730217561, 0.13227628046856846, 0.11928109637415456, 0.08921571621587868, 0.13744777993763083, 0.14418968043620217, 0.14597004269120628, 0.11848349349619759, 0.1314766625673537, 0.11144581487015799, 0.14315149217719694, 1.0, 0.6227808664306151, 0.07963325212369808, 0.09593345217772589], [0.10052290378284934, 0.12193322118469514, 0.06700012940227483, 0.11040297211732557, 0.06406200772299643, 0.10045560515451345, 0.12241590321423497, 0.11234030940682123, 0.06973478095962544, 0.12730078399097605, 0.13680505573533341, 0.08317564202104313, 0.09363675333155759, 0.09313783567191475, 0.08731083969167626, 0.06869236849821786, 0.6227808664306151, 1.0, 0.11375293778846579, 0.07192774808766947], [0.09215236335990855, 0.12337753633181388, 0.20408458857737888, 0.07261660530291152, 0.15519732220200902, 0.08330087519176829, 0.1348867640888432, 0.0806851309964521, 0.10764380181994382, 0.06940886931377753, 0.06763090514634841, 0.09478480496149101, 0.07097051233855413, 0.0779587048270092, 0.08508608609648645, 0.08639214913355049, 0.07963325212369808, 0.11375293778846579, 1.0, 0.6721021709146925], [0.0819794029989843, 0.0770955244864157, 0.10433188545516332, 0.06281871738312288, 0.13832588404422724, 0.10496203150446884, 0.15139744224282164, 0.12647228408973318, 0.0741904512875474, 0.10331050479900877, 0.10049924824939607, 0.0786011141819226, 0.0949926435908722, 0.10868755763018992, 0.09210645336386093, 0.1205677254564395, 0.09593345217772589, 0.07192774808766947, 0.6721021709146925, 1.0]], "meta_info": {"source": "pretrained"}}