{"model": "LSING", "dataset": "0.1_dim20_pair_gau", "N": 400, "seed": 120, "metrics": {"TP": 8, "FP": 132, "FN": 2, "TN": 48, "TPR": 0.8, "FDR": 0.9428571428571428, "FPR": 0.7333333333333333, "Hamming": 134}, "omega": [[1.0, 0.20445743575732422, 0.24157579978209232, 0.25802892805344685, 0.15840331810964084, 0.29107458052119417, 0.20613895347974728, 0.42084485049215625, 0.8486648353643141, 0.3644673166029321, 0.6912990089927403, 0.1648518063384933, 0.21196417838820797, 0.16663714106729, 0.3811955796642329, 0.2770934258239231, 0.23190669500652328, 0.15567042509224566, 0.25375994443863936, 0.22908576342767045], [0.20445743575732422, 1.0, 0.3655362251418342, 0.3621933035277034, 0.4209581013865065, 0.3131309958643664, 0.2613617780060098, 0.30902146302047157, 0.6066405517182476, 0.2493084396070583, 0.46761397500700225, 0.21519699373731402, 0.2280797880273573, 0.20692843608153438, 0.33922376598330667, 0.24779626736259341, 0.2292374613785695, 0.3553749692873307, 0.5156828009966197, 0.21904258785135833], [0.24157579978209232, 0.3655362251418342, 1.0, 0.20537234962308834, 0.17853750596815993, 0.542049371373483, 0.18751900970822646, 0.4171592969974327, 0.5732773027482777, 0.23644702363525522, 0.5248475632639699, 0.13946177792638026, 0.12171149558806663, 0.19159938560799966, 0.29248586656856307, 0.24242511513177345, 0.352375365252567, 0.1852506554911628, 0.21316123149376426, 0.15083540819883978], [0.25802892805344685, 0.3621933035277034, 0.20537234962308834, 1.0, 0.22241063700767308, 0.308919916930469, 0.2250058962721492, 0.33229917423877187, 0.4086011975043396, 0.20563315109671843, 0.4664673539403363, 0.1859518414728137, 0.23383740893514757, 0.19524021384718096, 0.36206791650235703, 0.17220343358426368, 0.21111341053682192, 0.1500743231113489, 0.1933857673177207, 0.1572027259136361], [0.15840331810964084, 0.4209581013865065, 0.17853750596815993, 0.22241063700767308, 1.0, 0.21681428802775543, 0.2160183687052152, 0.3091122038249487, 0.46482781130525286, 0.3161099810107153, 0.34785286479196914, 0.17187444563466023, 0.1609028007388559, 0.1679218272135234, 0.45173605953009666, 0.19290841037417122, 0.31392027201921063, 0.15562595052227685, 0.29572180442767937, 0.149041701309201], [0.29107458052119417, 0.3131309958643664, 0.542049371373483, 0.308919916930469, 0.21681428802775543, 1.0, 0.39210077076376254, 0.4016495759565048, 0.4287087684534443, 0.27166257356110096, 0.8137494961588629, 0.21078397282780728, 0.4196208597471137, 0.3379781130554776, 0.3869240694337694, 0.27484717248939944, 0.347248491366846, 0.30562290395524916, 0.2924630910469063, 0.5080694875046071], [0.20613895347974728, 0.2613617780060098, 0.18751900970822646, 0.2250058962721492, 0.2160183687052152, 0.39210077076376254, 1.0, 0.8109100470265491, 0.5255937067539737, 0.18405326690932441, 0.35660563637904213, 0.13255185128789124, 0.16538514726907413, 0.12313600898598659, 0.321679086367285, 0.2125609575150772, 0.1924411250921896, 0.14685434433822356, 0.21099171006402598, 0.1815995933821014], [0.42084485049215625, 0.30902146302047157, 0.4171592969974327, 0.33229917423877187, 0.3091122038249487, 0.4016495759565048, 0.8109100470265491, 1.0, 0.6189874650430027, 0.2891320253857778, 0.8505224744482831, 0.2883997138409433, 0.3849118458282544, 0.27163507925217956, 0.7222026048472503, 0.23086890097114707, 0.3743442987037167, 0.3878315217171714, 0.413618883076621, 0.6306023470009172], [0.8486648353643141, 0.6066405517182476, 0.5732773027482777, 0.4086011975043396, 0.46482781130525286, 0.4287087684534443, 0.5255937067539737, 0.6189874650430027, 1.0, 0.7350024258990403, 0.8254413533340311, 0.3956926895102568, 0.38745042066071456, 0.7152053953905765, 0.5231321145118722, 1.0, 0.4057160646128204, 0.8209550400732686, 0.4910206492066229, 0.5516556351742767], [0.3644673166029321, 0.2493084396070583, 0.23644702363525522, 0.20563315109671843, 0.3161099810107153, 0.27166257356110096, 0.18405326690932441, 0.2891320253857778, 0.7350024258990403, 1.0, 0.4084545980556178, 0.17478195221360818, 0.23631960163290094, 0.23424445594845456, 0.4318385778377378, 0.27516695880383696, 0.3415380362123864, 0.16579763194739308, 0.33771951982682524, 0.19916068553007774], [0.6912990089927403, 0.46761397500700225, 0.5248475632639699, 0.4664673539403363, 0.34785286479196914, 0.8137494961588629, 0.35660563637904213, 0.8505224744482831, 0.8254413533340311, 0.4084545980556178, 1.0, 0.8930625702048635, 0.41968303345587726, 0.33748246712472524, 0.5897241417609812, 0.5541776942513109, 0.42551511535208186, 0.3359894317745498, 0.7609290430945311, 0.657141024083599], [0.1648518063384933, 0.21519699373731402, 0.13946177792638026, 0.1859518414728137, 0.17187444563466023, 0.21078397282780728, 0.13255185128789124, 0.2883997138409433, 0.3956926895102568, 0.17478195221360818, 0.8930625702048635, 1.0, 0.11858864272843583, 0.11102750132811742, 0.44498137361950774, 0.18507216367632695, 0.2917390152604695, 0.12701922805536092, 0.20597687419686608, 0.16596366321460834], [0.21196417838820797, 0.2280797880273573, 0.12171149558806663, 0.23383740893514757, 0.1609028007388559, 0.4196208597471137, 0.16538514726907413, 0.3849118458282544, 0.38745042066071456, 0.23631960163290094, 0.41968303345587726, 0.11858864272843583, 1.0, 0.15895926498046112, 0.3117859829721972, 0.1620521940930398, 0.17380630976768024, 0.11368301729403091, 0.19396863339526446, 0.13144944673251557], [0.16663714106729, 0.20692843608153438, 0.19159938560799966, 0.19524021384718096, 0.1679218272135234, 0.3379781130554776, 0.12313600898598659, 0.27163507925217956, 0.7152053953905765, 0.23424445594845456, 0.33748246712472524, 0.11102750132811742, 0.15895926498046112, 1.0, 0.29440773277106624, 0.2254800975267155, 0.23433639856906316, 0.12669268797665098, 0.3021375192043582, 0.15488609997747663], [0.3811955796642329, 0.33922376598330667, 0.29248586656856307, 0.36206791650235703, 0.45173605953009666, 0.3869240694337694, 0.321679086367285, 0.7222026048472503, 0.5231321145118722, 0.4318385778377378, 0.5897241417609812, 0.44498137361950774, 0.3117859829721972, 0.29440773277106624, 1.0, 0.560924498312547, 0.41046727879364914, 0.39551858100640347, 0.6026674065725097, 0.27278135009635324], [0.2770934258239231, 0.24779626736259341, 0.24242511513177345, 0.17220343358426368, 0.19290841037417122, 0.27484717248939944, 0.2125609575150772, 0.23086890097114707, 1.0, 0.27516695880383696, 0.5541776942513109, 0.18507216367632695, 0.1620521940930398, 0.2254800975267155, 0.560924498312547, 1.0, 0.25079779946434094, 0.1459144577654826, 0.2430600574506451, 0.16798688749293397], [0.23190669500652328, 0.2292374613785695, 0.352375365252567, 0.21111341053682192, 0.31392027201921063, 0.347248491366846, 0.1924411250921896, 0.3743442987037167, 0.4057160646128204, 0.3415380362123864, 0.42551511535208186, 0.2917390152604695, 0.17380630976768024, 0.23433639856906316, 0.41046727879364914, 0.25079779946434094, 1.0, 0.17623756905539642, 0.4941476420647679, 0.21761726341187726], [0.15567042509224566, 0.3553749692873307, 0.1852506554911628, 0.1500743231113489, 0.15562595052227685, 0.30562290395524916, 0.14685434433822356, 0.3878315217171714, 0.8209550400732686, 0.16579763194739308, 0.3359894317745498, 0.12701922805536092, 0.11368301729403091, 0.12669268797665098, 0.39551858100640347, 0.1459144577654826, 0.17623756905539642, 1.0, 0.25585804997237005, 0.10167690731980344], [0.25375994443863936, 0.5156828009966197, 0.21316123149376426, 0.1933857673177207, 0.29572180442767937, 0.2924630910469063, 0.21099171006402598, 0.413618883076621, 0.4910206492066229, 0.33771951982682524, 0.7609290430945311, 0.20597687419686608, 0.19396863339526446, 0.3021375192043582, 0.6026674065725097, 0.2430600574506451, 0.4941476420647679, 0.25585804997237005, 1.0, 0.296089228374174], [0.22908576342767045, 0.21904258785135833, 0.15083540819883978, 0.1572027259136361, 0.149041701309201, 0.5080694875046071, 0.1815995933821014, 0.6306023470009172, 0.5516556351742767, 0.19916068553007774, 0.657141024083599, 0.16596366321460834, 0.13144944673251557, 0.15488609997747663, 0.27278135009635324, 0.16798688749293397, 0.21761726341187726, 0.10167690731980344, 0.296089228374174, 1.0]], "meta_info": {"source": "pretrained"}}