{"model": "LSING", "dataset": "dim6_butterfly", "N": 200, "seed": 120, "metrics": {"TP": 2, "FP": 7, "FN": 1, "TN": 5, "TPR": 0.6666666666666666, "FDR": 0.7777777777777778, "FPR": 0.5833333333333334, "Hamming": 8}, "omega": [[1.0, 0.34070572087815304, 0.1085881268812727, 0.32860889674141497, 0.08824361653474155, 0.15327387506847504], [0.34070572087815304, 1.0, 0.20562466314838343, 0.4976901445617773, 0.23287623104811023, 0.25210906526388666], [0.1085881268812727, 0.20562466314838343, 1.0, 1.0, 0.060521656947408915, 0.10418083827819928], [0.32860889674141497, 0.4976901445617773, 1.0, 1.0, 0.2727255693395857, 0.590299542926091], [0.08824361653474155, 0.23287623104811023, 0.060521656947408915, 0.2727255693395857, 1.0, 0.16064403150305137], [0.15327387506847504, 0.25210906526388666, 0.10418083827819928, 0.590299542926091, 0.16064403150305137, 1.0]], "meta_info": {"source": "pretrained"}}