{"model": "LSING", "dataset": "dim6_butterfly", "N": 200, "seed": 12340, "metrics": {"TP": 3, "FP": 8, "FN": 0, "TN": 4, "TPR": 1.0, "FDR": 0.7272727272727273, "FPR": 0.6666666666666666, "Hamming": 8}, "omega": [[1.0, 1.0, 0.1271905426589282, 0.40204491567322015, 0.19306684616219916, 0.32242422389103814], [1.0, 1.0, 0.2277260782955487, 0.4307653811034995, 0.25222724395354157, 0.5159372947235021], [0.1271905426589282, 0.2277260782955487, 1.0, 0.9326244907002496, 0.04623114626908723, 0.1495083986144237], [0.40204491567322015, 0.4307653811034995, 0.9326244907002496, 1.0, 0.31153228237307073, 0.36914523165145036], [0.19306684616219916, 0.25222724395354157, 0.04623114626908723, 0.31153228237307073, 1.0, 0.2171934670645333], [0.32242422389103814, 0.5159372947235021, 0.1495083986144237, 0.36914523165145036, 0.2171934670645333, 1.0]], "meta_info": {"source": "pretrained"}}