{"model": "LSING", "dataset": "dim6_butterfly", "N": 200, "seed": 1230, "metrics": {"TP": 3, "FP": 5, "FN": 0, "TN": 7, "TPR": 1.0, "FDR": 0.625, "FPR": 0.4166666666666667, "Hamming": 5}, "omega": [[1.0, 1.0, 0.15672909287526238, 0.17851719292958249, 0.16641516653032193, 0.12351010854704833], [1.0, 1.0, 0.24212817780652787, 0.43238628593510686, 0.37440254713057075, 0.25810837425775346], [0.15672909287526238, 0.24212817780652787, 1.0, 0.49245351660983455, 0.15113584978995145, 0.12592100135404546], [0.17851719292958249, 0.43238628593510686, 0.49245351660983455, 1.0, 0.11429272725712168, 0.23044917365736892], [0.16641516653032193, 0.37440254713057075, 0.15113584978995145, 0.11429272725712168, 1.0, 0.2867941984809086], [0.12351010854704833, 0.25810837425775346, 0.12592100135404546, 0.23044917365736892, 0.2867941984809086, 1.0]], "meta_info": {"source": "pretrained"}}