{"model": "LSING", "dataset": "0.5_dim20_pair_gau", "N": 5000, "seed": 1230, "metrics": {"TP": 10, "FP": 0, "FN": 0, "TN": 180, "TPR": 1.0, "FDR": 0.0, "FPR": 0.0, "Hamming": 0}, "omega": [[1.0, 0.9057984114533306, 0.06801944225705707, 0.0794066185973569, 0.08969983237200085, 0.07512208317798258, 0.07326271896606247, 0.07062184814259441, 0.06422462846082688, 0.0636066197874095, 0.07648908378800849, 0.06649993000176731, 0.07299947148028618, 0.08356201471524831, 0.07637887221111897, 0.08218790168149061, 0.07208998256283694, 0.06502892117062664, 0.08760624628444298, 0.07611627553535735], [0.9057984114533306, 1.0, 0.060409616310927026, 0.07803729624842944, 0.07809581233300267, 0.0857725270861963, 0.08758363063643311, 0.07745741677761772, 0.09102237387725459, 0.08233963597034802, 0.10039055935405929, 0.07222574359796123, 0.08446359835708281, 0.07667602896472325, 0.0868221312676775, 0.10339093298098961, 0.08700982539242501, 0.09428022550752954, 0.08984544336504562, 0.08784888995158015], [0.06801944225705707, 0.060409616310927026, 1.0, 0.8271717189289146, 0.06912113190034748, 0.07318377984340974, 0.08244692406733037, 0.06578224667550749, 0.07761717514074334, 0.08648222249429983, 0.07069665255559043, 0.058680891879134785, 0.0801152887214294, 0.08618636477814548, 0.08157227931146036, 0.080226019396783, 0.06515129669659993, 0.06718925660595924, 0.11298284473065577, 0.0811033681133092], [0.0794066185973569, 0.07803729624842944, 0.8271717189289146, 1.0, 0.09823262830016978, 0.0885960095181068, 0.08790673456550332, 0.07364133543983663, 0.08001504590111382, 0.07831391116530075, 0.07220654470252838, 0.07635883914253239, 0.07670785925611548, 0.06869276461656278, 0.07780223761705851, 0.07947061749804582, 0.07357442855471708, 0.07842112695005923, 0.09712797127312199, 0.08051099154066813], [0.08969983237200085, 0.07809581233300267, 0.06912113190034748, 0.09823262830016978, 1.0, 1.0, 0.07909050571078556, 0.08821884187138912, 0.08756411150115177, 0.08933546140632564, 0.0959602579868748, 0.08974546655041064, 0.08714108499161446, 0.08687030928681924, 0.11058030724926739, 0.08437689600068361, 0.10312337258757641, 0.087937994106843, 0.06639366718881602, 0.11160012137710076], [0.07512208317798258, 0.0857725270861963, 0.07318377984340974, 0.0885960095181068, 1.0, 1.0, 0.08147214237690115, 0.09843248637400105, 0.06730558114834373, 0.07753844004186505, 0.09035000707213549, 0.07849054926753708, 0.08180970616816245, 0.10166967736888957, 0.07359359645919683, 0.08718020590471869, 0.10523328832482783, 0.07774651071826244, 0.09675447863692367, 0.09007902734356583], [0.07326271896606247, 0.08758363063643311, 0.08244692406733037, 0.08790673456550332, 0.07909050571078556, 0.08147214237690115, 1.0, 0.9833672381246903, 0.06462762190177761, 0.07803803744872392, 0.11510423228570552, 0.08268755332251736, 0.07260632541467651, 0.09415720950185927, 0.07915535169752533, 0.09085004093491689, 0.0744113753987451, 0.08537189412283847, 0.06492814117379103, 0.07895340948209945], [0.07062184814259441, 0.07745741677761772, 0.06578224667550749, 0.07364133543983663, 0.08821884187138912, 0.09843248637400105, 0.9833672381246903, 1.0, 0.08330965021916183, 0.0746354167462962, 0.08365507538218767, 0.0930240407979782, 0.07703783026387226, 0.09908406599734197, 0.0687086242368013, 0.0929720999606167, 0.07980608165223597, 0.08365124799948233, 0.08469386372104407, 0.0884480354648897], [0.06422462846082688, 0.09102237387725459, 0.07761717514074334, 0.08001504590111382, 0.08756411150115177, 0.06730558114834373, 0.06462762190177761, 0.08330965021916183, 1.0, 0.8591577708513227, 0.07906847372572536, 0.060595192720547426, 0.07199226292261794, 0.08604131936999442, 0.0697886589516273, 0.07684022161671869, 0.09163088382355306, 0.08291332499828206, 0.07594969141481593, 0.07586309236159368], [0.0636066197874095, 0.08233963597034802, 0.08648222249429983, 0.07831391116530075, 0.08933546140632564, 0.07753844004186505, 0.07803803744872392, 0.0746354167462962, 0.8591577708513227, 1.0, 0.07901310064031028, 0.0741704000779154, 0.07911676796094115, 0.08089980920316434, 0.06666869898450084, 0.07889949813663795, 0.09575088569044807, 0.09038099802521515, 0.08500680778266301, 0.08087594358671357], [0.07648908378800849, 0.10039055935405929, 0.07069665255559043, 0.07220654470252838, 0.0959602579868748, 0.09035000707213549, 0.11510423228570552, 0.08365507538218767, 0.07906847372572536, 0.07901310064031028, 1.0, 0.686558884814933, 0.08657632652332621, 0.0955746323925458, 0.06879275434409486, 0.06875578730222968, 0.07795724145146583, 0.08618029829908014, 0.08306919916195504, 0.08313953571254874], [0.06649993000176731, 0.07222574359796123, 0.058680891879134785, 0.07635883914253239, 0.08974546655041064, 0.07849054926753708, 0.08268755332251736, 0.0930240407979782, 0.060595192720547426, 0.0741704000779154, 0.686558884814933, 1.0, 0.05754943284283194, 0.09771206034839368, 0.08809705775610376, 0.07213915487505666, 0.07331878160018357, 0.07215262044416977, 0.08681366040716906, 0.07062356814049034], [0.07299947148028618, 0.08446359835708281, 0.0801152887214294, 0.07670785925611548, 0.08714108499161446, 0.08180970616816245, 0.07260632541467651, 0.07703783026387226, 0.07199226292261794, 0.07911676796094115, 0.08657632652332621, 0.05754943284283194, 1.0, 0.9424362054329951, 0.07607827287914343, 0.09016048706373571, 0.06919938663945303, 0.0740382288281895, 0.06856218423576164, 0.08913566273182111], [0.08356201471524831, 0.07667602896472325, 0.08618636477814548, 0.06869276461656278, 0.08687030928681924, 0.10166967736888957, 0.09415720950185927, 0.09908406599734197, 0.08604131936999442, 0.08089980920316434, 0.0955746323925458, 0.09771206034839368, 0.9424362054329951, 1.0, 0.08801946932248941, 0.07270560235028777, 0.09553018620067072, 0.08529917126885764, 0.09411743261358153, 0.07418935879346186], [0.07637887221111897, 0.0868221312676775, 0.08157227931146036, 0.07780223761705851, 0.11058030724926739, 0.07359359645919683, 0.07915535169752533, 0.0687086242368013, 0.0697886589516273, 0.06666869898450084, 0.06879275434409486, 0.08809705775610376, 0.07607827287914343, 0.08801946932248941, 1.0, 0.8628075547348784, 0.07214700849908294, 0.0833716502033771, 0.08466152982666429, 0.06903679776927946], [0.08218790168149061, 0.10339093298098961, 0.080226019396783, 0.07947061749804582, 0.08437689600068361, 0.08718020590471869, 0.09085004093491689, 0.0929720999606167, 0.07684022161671869, 0.07889949813663795, 0.06875578730222968, 0.07213915487505666, 0.09016048706373571, 0.07270560235028777, 0.8628075547348784, 1.0, 0.0751424984683238, 0.07482506330108774, 0.07486757255839532, 0.09233043744226127], [0.07208998256283694, 0.08700982539242501, 0.06515129669659993, 0.07357442855471708, 0.10312337258757641, 0.10523328832482783, 0.0744113753987451, 0.07980608165223597, 0.09163088382355306, 0.09575088569044807, 0.07795724145146583, 0.07331878160018357, 0.06919938663945303, 0.09553018620067072, 0.07214700849908294, 0.0751424984683238, 1.0, 0.9547593653730478, 0.08668815996009357, 0.08483477958469726], [0.06502892117062664, 0.09428022550752954, 0.06718925660595924, 0.07842112695005923, 0.087937994106843, 0.07774651071826244, 0.08537189412283847, 0.08365124799948233, 0.08291332499828206, 0.09038099802521515, 0.08618029829908014, 0.07215262044416977, 0.0740382288281895, 0.08529917126885764, 0.0833716502033771, 0.07482506330108774, 0.9547593653730478, 1.0, 0.0749761287018745, 0.11057797776262757], [0.08760624628444298, 0.08984544336504562, 0.11298284473065577, 0.09712797127312199, 0.06639366718881602, 0.09675447863692367, 0.06492814117379103, 0.08469386372104407, 0.07594969141481593, 0.08500680778266301, 0.08306919916195504, 0.08681366040716906, 0.06856218423576164, 0.09411743261358153, 0.08466152982666429, 0.07486757255839532, 0.08668815996009357, 0.0749761287018745, 1.0, 0.8273443591982037], [0.07611627553535735, 0.08784888995158015, 0.0811033681133092, 0.08051099154066813, 0.11160012137710076, 0.09007902734356583, 0.07895340948209945, 0.0884480354648897, 0.07586309236159368, 0.08087594358671357, 0.08313953571254874, 0.07062356814049034, 0.08913566273182111, 0.07418935879346186, 0.06903679776927946, 0.09233043744226127, 0.08483477958469726, 0.11057797776262757, 0.8273443591982037, 1.0]], "meta_info": {"source": "pretrained"}}