{"model": "LSING", "dataset": "0.5_dim20_pair_gau", "N": 5000, "seed": 123450, "metrics": {"TP": 10, "FP": 0, "FN": 0, "TN": 180, "TPR": 1.0, "FDR": 0.0, "FPR": 0.0, "Hamming": 0}, "omega": [[1.0, 0.994946871171377, 0.08629153740860579, 0.09075354167985838, 0.07443207488036584, 0.09033278475162494, 0.09415934860161458, 0.06753639886385411, 0.07963052696209524, 0.08729894529488763, 0.07002758683274438, 0.08759931961040879, 0.08412070583220836, 0.08560038057700417, 0.08277585629410995, 0.09368143593108667, 0.08047859431739503, 0.07427607204348664, 0.07851421740466549, 0.06861284281619515], [0.994946871171377, 1.0, 0.08918149553758338, 0.09157581776254514, 0.09807120389189551, 0.1149836188981765, 0.08223778992139412, 0.06675762432031374, 0.07887756443829518, 0.08430934649370644, 0.07920969223213446, 0.08927576789060056, 0.08840833568536599, 0.08048307310349886, 0.09661130115940757, 0.08136232598450721, 0.08357269380534763, 0.08732858775300395, 0.07619410506063098, 0.06464004802628014], [0.08629153740860579, 0.08918149553758338, 1.0, 0.8645278563794221, 0.10077009394548203, 0.08917345602575831, 0.09855728315040314, 0.06693504597272948, 0.06754803540887318, 0.09628811278403958, 0.06563905591940024, 0.07915192963636676, 0.09354799818852683, 0.07686101109382092, 0.06898084498651064, 0.08413816713321423, 0.0674939217141177, 0.07100731286443886, 0.09333578879042671, 0.07310810473249442], [0.09075354167985838, 0.09157581776254514, 0.8645278563794221, 1.0, 0.07328843357612175, 0.07096480978079332, 0.08947135365295915, 0.07294035383478698, 0.07419319245674286, 0.08346431081238198, 0.07963804260895624, 0.10722431777428802, 0.10194779425256441, 0.10679479518477433, 0.09294836471557638, 0.07826979290466504, 0.06883685732972356, 0.07460018107262814, 0.06653635102097859, 0.056333738517813606], [0.07443207488036584, 0.09807120389189551, 0.10077009394548203, 0.07328843357612175, 1.0, 0.9803235074661857, 0.08780884744230659, 0.08252257277075645, 0.08111432260504914, 0.09768881358880405, 0.0935626404736121, 0.08317773333650903, 0.0951830948506377, 0.07872575770791049, 0.08509689707209071, 0.08226306251582487, 0.08192010731493085, 0.08993187763742669, 0.09047340359361822, 0.06519149629609836], [0.09033278475162494, 0.1149836188981765, 0.08917345602575831, 0.07096480978079332, 0.9803235074661857, 1.0, 0.08960762337839416, 0.06735277900716033, 0.08674428122033939, 0.0873075994403587, 0.07823797718496504, 0.08109261851651235, 0.09404978042900246, 0.11430689428699634, 0.09418067664846923, 0.1019642934055422, 0.07859243926133255, 0.08593245909641613, 0.07100876256995828, 0.09222398654640082], [0.09415934860161458, 0.08223778992139412, 0.09855728315040314, 0.08947135365295915, 0.08780884744230659, 0.08960762337839416, 1.0, 0.822689863393445, 0.07720493622291577, 0.09583990221961897, 0.07681611431036424, 0.09379002380193431, 0.1054145510475183, 0.08300071884646636, 0.09321414060294969, 0.08233324226727595, 0.09608850467237755, 0.08052053722860372, 0.10841261986341585, 0.0717152281881094], [0.06753639886385411, 0.06675762432031374, 0.06693504597272948, 0.07294035383478698, 0.08252257277075645, 0.06735277900716033, 0.822689863393445, 1.0, 0.0736736869827793, 0.07068980142177574, 0.0809695906450705, 0.08775426434379617, 0.08195050963658419, 0.0721080335491007, 0.0693162482330709, 0.07087468685323424, 0.07479025328590927, 0.05772464667849696, 0.06816223595857247, 0.05132909831905945], [0.07963052696209524, 0.07887756443829518, 0.06754803540887318, 0.07419319245674286, 0.08111432260504914, 0.08674428122033939, 0.07720493622291577, 0.0736736869827793, 1.0, 0.7826648788728766, 0.07091947212088173, 0.09916710346285322, 0.07287434166253039, 0.08626744221364877, 0.08891213558397064, 0.11087824477809329, 0.07748044251298833, 0.06000481302232449, 0.054701738364450844, 0.06168139615884366], [0.08729894529488763, 0.08430934649370644, 0.09628811278403958, 0.08346431081238198, 0.09768881358880405, 0.0873075994403587, 0.09583990221961897, 0.07068980142177574, 0.7826648788728766, 1.0, 0.06419849988311069, 0.10680798517094928, 0.0919385397889652, 0.0763388344272187, 0.0800117243053675, 0.09898405155876902, 0.08421484332889816, 0.07008206360222745, 0.07407671030396118, 0.053965287960583114], [0.07002758683274438, 0.07920969223213446, 0.06563905591940024, 0.07963804260895624, 0.0935626404736121, 0.07823797718496504, 0.07681611431036424, 0.0809695906450705, 0.07091947212088173, 0.06419849988311069, 1.0, 0.8795994825168523, 0.09403866774894748, 0.07797894930074298, 0.10470557502696504, 0.07739040257393841, 0.07789259197678712, 0.07133673315816672, 0.07507610979910889, 0.07444624776169617], [0.08759931961040879, 0.08927576789060056, 0.07915192963636676, 0.10722431777428802, 0.08317773333650903, 0.08109261851651235, 0.09379002380193431, 0.08775426434379617, 0.09916710346285322, 0.10680798517094928, 0.8795994825168523, 1.0, 0.08406767358146289, 0.08976275224253624, 0.09319967466844638, 0.09756599578202603, 0.10683059435291412, 0.09027516479235735, 0.08718693155464614, 0.08361042504971634], [0.08412070583220836, 0.08840833568536599, 0.09354799818852683, 0.10194779425256441, 0.0951830948506377, 0.09404978042900246, 0.1054145510475183, 0.08195050963658419, 0.07287434166253039, 0.0919385397889652, 0.09403866774894748, 0.08406767358146289, 1.0, 1.0, 0.07127501823465017, 0.09203308185463716, 0.09685295851130565, 0.08446474247711239, 0.09435890225206747, 0.08308124104087176], [0.08560038057700417, 0.08048307310349886, 0.07686101109382092, 0.10679479518477433, 0.07872575770791049, 0.11430689428699634, 0.08300071884646636, 0.0721080335491007, 0.08626744221364877, 0.0763388344272187, 0.07797894930074298, 0.08976275224253624, 1.0, 1.0, 0.06496160775215581, 0.09081323635185501, 0.09854372230932788, 0.09089697953777226, 0.08377459188118436, 0.07707909452233515], [0.08277585629410995, 0.09661130115940757, 0.06898084498651064, 0.09294836471557638, 0.08509689707209071, 0.09418067664846923, 0.09321414060294969, 0.0693162482330709, 0.08891213558397064, 0.0800117243053675, 0.10470557502696504, 0.09319967466844638, 0.07127501823465017, 0.06496160775215581, 1.0, 0.9853577564089744, 0.0788136425391131, 0.06702978254271978, 0.06620134456322774, 0.06579701935980839], [0.09368143593108667, 0.08136232598450721, 0.08413816713321423, 0.07826979290466504, 0.08226306251582487, 0.1019642934055422, 0.08233324226727595, 0.07087468685323424, 0.11087824477809329, 0.09898405155876902, 0.07739040257393841, 0.09756599578202603, 0.09203308185463716, 0.09081323635185501, 0.9853577564089744, 1.0, 0.0760059675169697, 0.0816184025898722, 0.07788239735711475, 0.076850715331903], [0.08047859431739503, 0.08357269380534763, 0.0674939217141177, 0.06883685732972356, 0.08192010731493085, 0.07859243926133255, 0.09608850467237755, 0.07479025328590927, 0.07748044251298833, 0.08421484332889816, 0.07789259197678712, 0.10683059435291412, 0.09685295851130565, 0.09854372230932788, 0.0788136425391131, 0.0760059675169697, 1.0, 0.8385153156538486, 0.07788055086278589, 0.07102982868433089], [0.07427607204348664, 0.08732858775300395, 0.07100731286443886, 0.07460018107262814, 0.08993187763742669, 0.08593245909641613, 0.08052053722860372, 0.05772464667849696, 0.06000481302232449, 0.07008206360222745, 0.07133673315816672, 0.09027516479235735, 0.08446474247711239, 0.09089697953777226, 0.06702978254271978, 0.0816184025898722, 0.8385153156538486, 1.0, 0.07589894605423249, 0.07260289402923403], [0.07851421740466549, 0.07619410506063098, 0.09333578879042671, 0.06653635102097859, 0.09047340359361822, 0.07100876256995828, 0.10841261986341585, 0.06816223595857247, 0.054701738364450844, 0.07407671030396118, 0.07507610979910889, 0.08718693155464614, 0.09435890225206747, 0.08377459188118436, 0.06620134456322774, 0.07788239735711475, 0.07788055086278589, 0.07589894605423249, 1.0, 0.7932376564343772], [0.06861284281619515, 0.06464004802628014, 0.07310810473249442, 0.056333738517813606, 0.06519149629609836, 0.09222398654640082, 0.0717152281881094, 0.05132909831905945, 0.06168139615884366, 0.053965287960583114, 0.07444624776169617, 0.08361042504971634, 0.08308124104087176, 0.07707909452233515, 0.06579701935980839, 0.076850715331903, 0.07102982868433089, 0.07260289402923403, 0.7932376564343772, 1.0]], "meta_info": {"source": "pretrained"}}