{"model": "LSING", "dataset": "0.5_dim20_pair_gau", "N": 5000, "seed": 12340, "metrics": {"TP": 10, "FP": 0, "FN": 0, "TN": 180, "TPR": 1.0, "FDR": 0.0, "FPR": 0.0, "Hamming": 0}, "omega": [[1.0, 0.981582795172205, 0.08860638958045362, 0.09119803656412401, 0.10883617254854958, 0.059457896844163215, 0.08576110553082425, 0.0942911358337361, 0.11507275109011013, 0.07654511520795362, 0.09178351613658284, 0.10417714598942394, 0.08945613481973068, 0.1020105697581456, 0.08434544700703377, 0.07828833059964417, 0.07863422696090629, 0.06811230294747712, 0.08464988748230919, 0.07418673018639896], [0.981582795172205, 1.0, 0.07769230385074535, 0.08046400465269989, 0.07167997630223702, 0.07534755470526748, 0.09413223607957272, 0.08719896035130185, 0.10957600567843043, 0.08045752055478039, 0.08639675883042398, 0.09238200461709027, 0.0812335821229322, 0.085522952675259, 0.06830574294028571, 0.08352069635031868, 0.09328048779958215, 0.07295161402740812, 0.10168496436216018, 0.08537068086882244], [0.08860638958045362, 0.07769230385074535, 1.0, 0.8510716539232023, 0.11387692492755398, 0.09802659234679942, 0.0811914368435292, 0.08767052444708477, 0.09345816673897155, 0.07039951759831402, 0.08441089052693107, 0.07154316427886843, 0.09605298927499263, 0.07395753944524566, 0.08229367649274845, 0.08988255450333493, 0.07664018907401544, 0.07570515989801754, 0.09594312873439528, 0.08652390577522778], [0.09119803656412401, 0.08046400465269989, 0.8510716539232023, 1.0, 0.07996238137547775, 0.08070305860517148, 0.0870030423420008, 0.08239112523770502, 0.10735826505624364, 0.08854100034350249, 0.09475029084802555, 0.09263387477315156, 0.06781567107400763, 0.07882820435488193, 0.07094971054161786, 0.08128428239465091, 0.07533275717414273, 0.09470088522457289, 0.0948891846223796, 0.08176054467942447], [0.10883617254854958, 0.07167997630223702, 0.11387692492755398, 0.07996238137547775, 1.0, 0.9068285774958539, 0.07242205131779451, 0.07509689234475837, 0.09809945634543756, 0.09966922958168693, 0.08803178016796447, 0.07874968135910601, 0.06927161568629495, 0.08601444404057933, 0.0749385218493201, 0.08238044778219424, 0.08867708497539245, 0.1064448839191766, 0.11690664071507577, 0.08229773957126894], [0.059457896844163215, 0.07534755470526748, 0.09802659234679942, 0.08070305860517148, 0.9068285774958539, 1.0, 0.06975111323465996, 0.09730091078098395, 0.09693641436821816, 0.09047120148570252, 0.09662454255761266, 0.0874205677648758, 0.08539470650079535, 0.07594434412955993, 0.0877575698654087, 0.0760538844007749, 0.07148783095769448, 0.08585199961003132, 0.08882304367518996, 0.07086303424732787], [0.08576110553082425, 0.09413223607957272, 0.0811914368435292, 0.0870030423420008, 0.07242205131779451, 0.06975111323465996, 1.0, 0.8914923424133503, 0.10875387960216246, 0.08037677195821169, 0.09299167267036051, 0.07969451403518144, 0.10128717893265832, 0.08479221465300821, 0.09105419761337427, 0.08454044492039732, 0.07783992360869552, 0.06951825296634588, 0.07511579638076056, 0.08550252600261687], [0.0942911358337361, 0.08719896035130185, 0.08767052444708477, 0.08239112523770502, 0.07509689234475837, 0.09730091078098395, 0.8914923424133503, 1.0, 0.08938111578812975, 0.09334487551617654, 0.08329635850455261, 0.09609397018520038, 0.08633674903343785, 0.07429346945759177, 0.09052125307621456, 0.07633486378671753, 0.0823231847022841, 0.07863033215951891, 0.07685474241873518, 0.09496534630999731], [0.11507275109011013, 0.10957600567843043, 0.09345816673897155, 0.10735826505624364, 0.09809945634543756, 0.09693641436821816, 0.10875387960216246, 0.08938111578812975, 1.0, 0.9360973775257312, 0.100602182434994, 0.09510332541670846, 0.10330038684198756, 0.09560839294686481, 0.09358566923707273, 0.10524813494653563, 0.09831592316400962, 0.10416555386627027, 0.09340812871919606, 0.08186993295839017], [0.07654511520795362, 0.08045752055478039, 0.07039951759831402, 0.08854100034350249, 0.09966922958168693, 0.09047120148570252, 0.08037677195821169, 0.09334487551617654, 0.9360973775257312, 1.0, 0.07519778805679646, 0.08223458679169983, 0.10327910521294331, 0.1246828844567949, 0.07659824464151326, 0.1023847095362977, 0.10482236665828538, 0.08179831203921921, 0.0897815827951722, 0.06766358654373533], [0.09178351613658284, 0.08639675883042398, 0.08441089052693107, 0.09475029084802555, 0.08803178016796447, 0.09662454255761266, 0.09299167267036051, 0.08329635850455261, 0.100602182434994, 0.07519778805679646, 1.0, 0.983438794241144, 0.08246189662876849, 0.07695311125962925, 0.0783981857119469, 0.07154085725365639, 0.08729312769216271, 0.08631176530746512, 0.10918776319086448, 0.09555905246294755], [0.10417714598942394, 0.09238200461709027, 0.07154316427886843, 0.09263387477315156, 0.07874968135910601, 0.0874205677648758, 0.07969451403518144, 0.09609397018520038, 0.09510332541670846, 0.08223458679169983, 0.983438794241144, 1.0, 0.0737330767487034, 0.06907167259653571, 0.09229628913094741, 0.08185091221405373, 0.08597409009839978, 0.06729651169102668, 0.0894869159643539, 0.09083155068138125], [0.08945613481973068, 0.0812335821229322, 0.09605298927499263, 0.06781567107400763, 0.06927161568629495, 0.08539470650079535, 0.10128717893265832, 0.08633674903343785, 0.10330038684198756, 0.10327910521294331, 0.08246189662876849, 0.0737330767487034, 1.0, 1.0, 0.08196239581474142, 0.0844381324234643, 0.06870735260334496, 0.09989735637709538, 0.06243458904987039, 0.07459467738342303], [0.1020105697581456, 0.085522952675259, 0.07395753944524566, 0.07882820435488193, 0.08601444404057933, 0.07594434412955993, 0.08479221465300821, 0.07429346945759177, 0.09560839294686481, 0.1246828844567949, 0.07695311125962925, 0.06907167259653571, 1.0, 1.0, 0.07276140386989637, 0.06712248056561962, 0.06968058068855963, 0.07362317278174912, 0.07378028934113097, 0.08202821117281997], [0.08434544700703377, 0.06830574294028571, 0.08229367649274845, 0.07094971054161786, 0.0749385218493201, 0.0877575698654087, 0.09105419761337427, 0.09052125307621456, 0.09358566923707273, 0.07659824464151326, 0.0783981857119469, 0.09229628913094741, 0.08196239581474142, 0.07276140386989637, 1.0, 0.9475699262055917, 0.07005635709753864, 0.06994614643193853, 0.08491647917337061, 0.07520773269253402], [0.07828833059964417, 0.08352069635031868, 0.08988255450333493, 0.08128428239465091, 0.08238044778219424, 0.0760538844007749, 0.08454044492039732, 0.07633486378671753, 0.10524813494653563, 0.1023847095362977, 0.07154085725365639, 0.08185091221405373, 0.0844381324234643, 0.06712248056561962, 0.9475699262055917, 1.0, 0.08149445781976238, 0.08601201759288572, 0.07173131711272049, 0.08962307659236851], [0.07863422696090629, 0.09328048779958215, 0.07664018907401544, 0.07533275717414273, 0.08867708497539245, 0.07148783095769448, 0.07783992360869552, 0.0823231847022841, 0.09831592316400962, 0.10482236665828538, 0.08729312769216271, 0.08597409009839978, 0.06870735260334496, 0.06968058068855963, 0.07005635709753864, 0.08149445781976238, 1.0, 0.9072625370806805, 0.08719163758186411, 0.08926209500036696], [0.06811230294747712, 0.07295161402740812, 0.07570515989801754, 0.09470088522457289, 0.1064448839191766, 0.08585199961003132, 0.06951825296634588, 0.07863033215951891, 0.10416555386627027, 0.08179831203921921, 0.08631176530746512, 0.06729651169102668, 0.09989735637709538, 0.07362317278174912, 0.06994614643193853, 0.08601201759288572, 0.9072625370806805, 1.0, 0.09660486770377492, 0.07849268146463205], [0.08464988748230919, 0.10168496436216018, 0.09594312873439528, 0.0948891846223796, 0.11690664071507577, 0.08882304367518996, 0.07511579638076056, 0.07685474241873518, 0.09340812871919606, 0.0897815827951722, 0.10918776319086448, 0.0894869159643539, 0.06243458904987039, 0.07378028934113097, 0.08491647917337061, 0.07173131711272049, 0.08719163758186411, 0.09660486770377492, 1.0, 0.939986989463463], [0.07418673018639896, 0.08537068086882244, 0.08652390577522778, 0.08176054467942447, 0.08229773957126894, 0.07086303424732787, 0.08550252600261687, 0.09496534630999731, 0.08186993295839017, 0.06766358654373533, 0.09555905246294755, 0.09083155068138125, 0.07459467738342303, 0.08202821117281997, 0.07520773269253402, 0.08962307659236851, 0.08926209500036696, 0.07849268146463205, 0.939986989463463, 1.0]], "meta_info": {"source": "pretrained"}}