{"model": "LSING", "dataset": "dim20_butterfly", "N": 10000, "seed": 123450, "metrics": {"TP": 10, "FP": 0, "FN": 0, "TN": 180, "TPR": 1.0, "FDR": 0.0, "FPR": 0.0, "Hamming": 0}, "omega": [[1.0, 0.9012465995928686, 0.014031443130327073, 0.034221768971471805, 0.010906308646381199, 0.03847907958571541, 0.010411603155995396, 0.03034949132718157, 0.014413551080894774, 0.04882244765259655, 0.014899909194215083, 0.019965215216293606, 0.011288108130996078, 0.02815476482732906, 0.011630837493116008, 0.04045359074844218, 0.013650556684333811, 0.042323437713982164, 0.01327331827308141, 0.031099922559493804], [0.9012465995928686, 1.0, 0.03117588654886331, 0.0448309152170607, 0.030627534503549273, 0.051458588930934, 0.03418085989752858, 0.04835844533884854, 0.033634644970251606, 0.059139259324284106, 0.03531542857009142, 0.0387424147552743, 0.035603477578618196, 0.04892783332023391, 0.02913624426785805, 0.05322451376846586, 0.030608040897242034, 0.05757658419647291, 0.02966936252382933, 0.044371435869028246], [0.014031443130327073, 0.03117588654886331, 1.0, 0.6892574180778079, 0.008654175551275727, 0.023740481605842564, 0.011508601550950744, 0.0315827675597421, 0.013028128008109504, 0.03712723346961754, 0.011744558178582025, 0.015707369550088432, 0.009652266321087025, 0.026868132739390156, 0.009642871498699268, 0.03648755438857261, 0.009670081903509016, 0.030600011513041092, 0.01041027634042371, 0.027691550414929655], [0.034221768971471805, 0.0448309152170607, 0.6892574180778079, 1.0, 0.026589949491671594, 0.04801799368108474, 0.026048979000560756, 0.038736200633984356, 0.032259332268170356, 0.05964347087018923, 0.027495679684571183, 0.029892172785723453, 0.02329084510253334, 0.046700008784121595, 0.026603931393316013, 0.05561665435837734, 0.026009203886597675, 0.05840904265376149, 0.0291759498611139, 0.0449799325955237], [0.010906308646381199, 0.030627534503549273, 0.008654175551275727, 0.026589949491671594, 1.0, 0.7114161043014783, 0.008770964159803383, 0.0261176337887594, 0.008582703114561465, 0.0396289392090914, 0.008039629235830776, 0.015969186593388696, 0.00842656398335303, 0.023231530807577172, 0.007516738248345302, 0.036220839997674156, 0.009105844634077067, 0.03207340969353237, 0.007039232180928154, 0.031751136928256866], [0.03847907958571541, 0.051458588930934, 0.023740481605842564, 0.04801799368108474, 0.7114161043014783, 1.0, 0.03210340092663131, 0.04387852684521408, 0.030549107936239224, 0.060431913965341914, 0.027442504583031605, 0.03457140251227196, 0.029222210999577423, 0.046984936570377854, 0.023404433441171518, 0.05197835045665773, 0.028614316270909757, 0.057115098532326616, 0.024434087899485656, 0.044604267412127495], [0.010411603155995396, 0.03418085989752858, 0.011508601550950744, 0.026048979000560756, 0.008770964159803383, 0.03210340092663131, 1.0, 0.6916250276424631, 0.009757421797938226, 0.041669018183131706, 0.011238525962599779, 0.017065205261340307, 0.008929029529570285, 0.02820026896253608, 0.010067863426263726, 0.03790517790804212, 0.009360853025298526, 0.03602270186232359, 0.00969208855464056, 0.031273800542862176], [0.03034949132718157, 0.04835844533884854, 0.0315827675597421, 0.038736200633984356, 0.0261176337887594, 0.04387852684521408, 0.6916250276424631, 1.0, 0.030991806530451013, 0.06293114940235221, 0.02860504684327912, 0.03102192341579117, 0.026800351337261597, 0.03821172817915146, 0.030586886003516105, 0.0566998302343467, 0.022233574701950618, 0.05038078108349919, 0.022822561343156376, 0.042453607771231056], [0.014413551080894774, 0.033634644970251606, 0.013028128008109504, 0.032259332268170356, 0.008582703114561465, 0.030549107936239224, 0.009757421797938226, 0.030991806530451013, 1.0, 1.0, 0.01080616998975098, 0.013956265239917465, 0.008622444755591437, 0.026749676663825387, 0.008998792529338995, 0.036946315355963696, 0.009813773738314104, 0.027593187883627107, 0.009028104261895788, 0.028495369430648766], [0.04882244765259655, 0.059139259324284106, 0.03712723346961754, 0.05964347087018923, 0.0396289392090914, 0.060431913965341914, 0.041669018183131706, 0.06293114940235221, 1.0, 1.0, 0.0447485702567039, 0.04987828438170574, 0.03835204002016467, 0.05222639004068966, 0.03831214285873779, 0.07854776404638185, 0.03621175570111203, 0.06896244256157971, 0.04034180505599406, 0.0562542241296681], [0.014899909194215083, 0.03531542857009142, 0.011744558178582025, 0.027495679684571183, 0.008039629235830776, 0.027442504583031605, 0.011238525962599779, 0.02860504684327912, 0.01080616998975098, 0.0447485702567039, 1.0, 0.34529808530620465, 0.008322492514566411, 0.028885255460934976, 0.00862292135866211, 0.03279066409944993, 0.008930243309621697, 0.03311232147772441, 0.009828046082024283, 0.029164501603021857], [0.019965215216293606, 0.0387424147552743, 0.015707369550088432, 0.029892172785723453, 0.015969186593388696, 0.03457140251227196, 0.017065205261340307, 0.03102192341579117, 0.013956265239917465, 0.04987828438170574, 0.34529808530620465, 1.0, 0.014370165267385457, 0.027546306208480534, 0.01543563370425518, 0.044334794851540724, 0.017477894083597893, 0.040415071126954846, 0.014608469892532398, 0.03145717247999713], [0.011288108130996078, 0.035603477578618196, 0.009652266321087025, 0.02329084510253334, 0.00842656398335303, 0.029222210999577423, 0.008929029529570285, 0.026800351337261597, 0.008622444755591437, 0.03835204002016467, 0.008322492514566411, 0.014370165267385457, 1.0, 0.6158096333774934, 0.008561640657627741, 0.03485092776712416, 0.008348407516864775, 0.03334582402439048, 0.008127564433501155, 0.02549868938738781], [0.02815476482732906, 0.04892783332023391, 0.026868132739390156, 0.046700008784121595, 0.023231530807577172, 0.046984936570377854, 0.02820026896253608, 0.03821172817915146, 0.026749676663825387, 0.05222639004068966, 0.028885255460934976, 0.027546306208480534, 0.6158096333774934, 1.0, 0.029733427657930304, 0.054777824714497304, 0.023565613081138217, 0.04738817933091162, 0.024686189295208504, 0.040313851037101056], [0.011630837493116008, 0.02913624426785805, 0.009642871498699268, 0.026603931393316013, 0.007516738248345302, 0.023404433441171518, 0.010067863426263726, 0.030586886003516105, 0.008998792529338995, 0.03831214285873779, 0.00862292135866211, 0.01543563370425518, 0.008561640657627741, 0.029733427657930304, 1.0, 0.9343152291084877, 0.008542932892796302, 0.033093504024666, 0.007506329196084294, 0.027781648736531286], [0.04045359074844218, 0.05322451376846586, 0.03648755438857261, 0.05561665435837734, 0.036220839997674156, 0.05197835045665773, 0.03790517790804212, 0.0566998302343467, 0.036946315355963696, 0.07854776404638185, 0.03279066409944993, 0.044334794851540724, 0.03485092776712416, 0.054777824714497304, 0.9343152291084877, 1.0, 0.03446983945359583, 0.057734030574461366, 0.029864121695324427, 0.04683891630684877], [0.013650556684333811, 0.030608040897242034, 0.009670081903509016, 0.026009203886597675, 0.009105844634077067, 0.028614316270909757, 0.009360853025298526, 0.022233574701950618, 0.009813773738314104, 0.03621175570111203, 0.008930243309621697, 0.017477894083597893, 0.008348407516864775, 0.023565613081138217, 0.008542932892796302, 0.03446983945359583, 1.0, 0.8281011547836463, 0.01058399622855416, 0.028093249815762916], [0.042323437713982164, 0.05757658419647291, 0.030600011513041092, 0.05840904265376149, 0.03207340969353237, 0.057115098532326616, 0.03602270186232359, 0.05038078108349919, 0.027593187883627107, 0.06896244256157971, 0.03311232147772441, 0.040415071126954846, 0.03334582402439048, 0.04738817933091162, 0.033093504024666, 0.057734030574461366, 0.8281011547836463, 1.0, 0.03096249119311681, 0.04875332295591385], [0.01327331827308141, 0.02966936252382933, 0.01041027634042371, 0.0291759498611139, 0.007039232180928154, 0.024434087899485656, 0.00969208855464056, 0.022822561343156376, 0.009028104261895788, 0.04034180505599406, 0.009828046082024283, 0.014608469892532398, 0.008127564433501155, 0.024686189295208504, 0.007506329196084294, 0.029864121695324427, 0.01058399622855416, 0.03096249119311681, 1.0, 0.6584077618248502], [0.031099922559493804, 0.044371435869028246, 0.027691550414929655, 0.0449799325955237, 0.031751136928256866, 0.044604267412127495, 0.031273800542862176, 0.042453607771231056, 0.028495369430648766, 0.0562542241296681, 0.029164501603021857, 0.03145717247999713, 0.02549868938738781, 0.040313851037101056, 0.027781648736531286, 0.04683891630684877, 0.028093249815762916, 0.04875332295591385, 0.6584077618248502, 1.0]], "meta_info": {"source": "pretrained"}}