{"model": "LSING", "dataset": "dim20_butterfly", "N": 10000, "seed": 12340, "metrics": {"TP": 10, "FP": 0, "FN": 0, "TN": 180, "TPR": 1.0, "FDR": 0.0, "FPR": 0.0, "Hamming": 0}, "omega": [[1.0, 0.5020281602542233, 0.00594543505714696, 0.019345747587987003, 0.006139317935052413, 0.021861122189531096, 0.006696801796993673, 0.021916274339548788, 0.009866581915712538, 0.026680186638246527, 0.007284013820803508, 0.030393021866565836, 0.006121587904723318, 0.021596816559952037, 0.006347213760112333, 0.00985488210183388, 0.008266390711411381, 0.022079154394027346, 0.006124396845769329, 0.017192768031313466], [0.5020281602542233, 1.0, 0.018472447712657474, 0.029036030187184415, 0.016939191772123052, 0.03696468400369098, 0.020702191570720625, 0.031717291968528044, 0.023093976931233773, 0.03471096436043367, 0.023021262218334747, 0.04764703994549212, 0.018537521050779663, 0.03378041595501505, 0.017886404663695406, 0.02226828432016163, 0.016876777608821576, 0.03352298048224616, 0.021557610261164584, 0.03355233535657057], [0.00594543505714696, 0.018472447712657474, 1.0, 0.4838771268268682, 0.0043088613328937765, 0.01871492530536719, 0.005915929375348877, 0.016421419561516257, 0.009573967866430812, 0.024922829056409777, 0.005462470391546987, 0.03675485874538322, 0.004268238328914859, 0.01879340141909326, 0.0064623182151787705, 0.010374372025184616, 0.005046416173294029, 0.018305759986395245, 0.005636293272332061, 0.019615775398037463], [0.019345747587987003, 0.029036030187184415, 0.4838771268268682, 1.0, 0.020755130373765574, 0.032721792610545135, 0.019178543749611164, 0.035220926166943306, 0.026139209166246655, 0.04050886996734184, 0.019951766640033477, 0.04269595804427653, 0.017472868704649085, 0.032421268891487366, 0.018385208452566686, 0.02370787406852211, 0.02052259392642097, 0.03343107712357928, 0.01971095469764871, 0.03713964843978315], [0.006139317935052413, 0.016939191772123052, 0.0043088613328937765, 0.020755130373765574, 1.0, 0.5727468763673154, 0.005268256917280935, 0.015769586101381086, 0.008534163177471113, 0.018810666618791456, 0.00454026012961271, 0.02924176819851852, 0.003532484414358234, 0.01615803873403989, 0.004336844449248441, 0.008461489593883088, 0.00493670000505186, 0.020329643312898264, 0.004698804425837623, 0.017634493187122957], [0.021861122189531096, 0.03696468400369098, 0.01871492530536719, 0.032721792610545135, 0.5727468763673154, 1.0, 0.019405398278088386, 0.033487042141498835, 0.023161503276997463, 0.03472366203734301, 0.019469963834084007, 0.04835593433746662, 0.0225018193247025, 0.03942872054803274, 0.020054282922811858, 0.025233512582992425, 0.02230337716722453, 0.030394510851749004, 0.01964654810557241, 0.03078743078704011], [0.006696801796993673, 0.020702191570720625, 0.005915929375348877, 0.019178543749611164, 0.005268256917280935, 0.019405398278088386, 1.0, 0.4266334808868364, 0.009991968177905687, 0.025737933212707346, 0.006612574868465756, 0.0382232974948969, 0.004597946504645531, 0.01852828083911558, 0.005691314051512495, 0.010085224638842167, 0.006177313956139697, 0.01989373092616922, 0.006859128601499745, 0.020332593863723932], [0.021916274339548788, 0.031717291968528044, 0.016421419561516257, 0.035220926166943306, 0.015769586101381086, 0.033487042141498835, 0.4266334808868364, 1.0, 0.022049653397846973, 0.0333839293969402, 0.018584233362054572, 0.04212553163851528, 0.017974697493605193, 0.031003489825856566, 0.01963497705941006, 0.021065092662303785, 0.021374945272679323, 0.030550950784998265, 0.01711546557805287, 0.031539785498057894], [0.009866581915712538, 0.023093976931233773, 0.009573967866430812, 0.026139209166246655, 0.008534163177471113, 0.023161503276997463, 0.009991968177905687, 0.022049653397846973, 1.0, 0.5999585366565161, 0.011616580127541987, 0.04168608247812272, 0.008910003602358428, 0.029703484281972527, 0.010295262658902208, 0.014068385647789967, 0.010752633959949943, 0.02529920841410436, 0.009770361541262849, 0.02276621693122178], [0.026680186638246527, 0.03471096436043367, 0.024922829056409777, 0.04050886996734184, 0.018810666618791456, 0.03472366203734301, 0.025737933212707346, 0.0333839293969402, 0.5999585366565161, 1.0, 0.023313055937434556, 0.053703365351970914, 0.023691411063929878, 0.03872048977835898, 0.019808774776692625, 0.02651986597228561, 0.02275933584130362, 0.03620474622780563, 0.026284628179560912, 0.03950557162012067], [0.007284013820803508, 0.023021262218334747, 0.005462470391546987, 0.019951766640033477, 0.00454026012961271, 0.019469963834084007, 0.006612574868465756, 0.018584233362054572, 0.011616580127541987, 0.023313055937434556, 1.0, 1.0, 0.0046012892590276055, 0.019042114007101447, 0.005396440319705125, 0.009231306387313554, 0.005864192867099849, 0.020899873269798523, 0.005056828830633809, 0.019270008569168735], [0.030393021866565836, 0.04764703994549212, 0.03675485874538322, 0.04269595804427653, 0.02924176819851852, 0.04835593433746662, 0.0382232974948969, 0.04212553163851528, 0.04168608247812272, 0.053703365351970914, 1.0, 1.0, 0.030318818949419925, 0.045021507165768616, 0.0371699925000684, 0.03908187168855596, 0.042305650254087654, 0.041506555291630096, 0.036789163888046775, 0.04708399113158481], [0.006121587904723318, 0.018537521050779663, 0.004268238328914859, 0.017472868704649085, 0.003532484414358234, 0.0225018193247025, 0.004597946504645531, 0.017974697493605193, 0.008910003602358428, 0.023691411063929878, 0.0046012892590276055, 0.030318818949419925, 1.0, 0.4540628731539173, 0.004820716389270046, 0.00933359671919351, 0.004297110584615206, 0.018930192648332178, 0.00416608804494199, 0.020839412314916227], [0.021596816559952037, 0.03378041595501505, 0.01879340141909326, 0.032421268891487366, 0.01615803873403989, 0.03942872054803274, 0.01852828083911558, 0.031003489825856566, 0.029703484281972527, 0.03872048977835898, 0.019042114007101447, 0.045021507165768616, 0.4540628731539173, 1.0, 0.01753214975157563, 0.021067965119500966, 0.01994728580117224, 0.03713403819351258, 0.017495838470366922, 0.03574148788195969], [0.006347213760112333, 0.017886404663695406, 0.0064623182151787705, 0.018385208452566686, 0.004336844449248441, 0.020054282922811858, 0.005691314051512495, 0.01963497705941006, 0.010295262658902208, 0.019808774776692625, 0.005396440319705125, 0.0371699925000684, 0.004820716389270046, 0.01753214975157563, 1.0, 0.20733337184008674, 0.005611210987192928, 0.018091720795894276, 0.006081374371669772, 0.01807917757082795], [0.00985488210183388, 0.02226828432016163, 0.010374372025184616, 0.02370787406852211, 0.008461489593883088, 0.025233512582992425, 0.010085224638842167, 0.021065092662303785, 0.014068385647789967, 0.02651986597228561, 0.009231306387313554, 0.03908187168855596, 0.00933359671919351, 0.021067965119500966, 0.20733337184008674, 1.0, 0.008696829776031804, 0.02144125544033536, 0.01035368797320192, 0.023259531952800137], [0.008266390711411381, 0.016876777608821576, 0.005046416173294029, 0.02052259392642097, 0.00493670000505186, 0.02230337716722453, 0.006177313956139697, 0.021374945272679323, 0.010752633959949943, 0.02275933584130362, 0.005864192867099849, 0.042305650254087654, 0.004297110584615206, 0.01994728580117224, 0.005611210987192928, 0.008696829776031804, 1.0, 0.43343221083481526, 0.005849756652478977, 0.021672472625982712], [0.022079154394027346, 0.03352298048224616, 0.018305759986395245, 0.03343107712357928, 0.020329643312898264, 0.030394510851749004, 0.01989373092616922, 0.030550950784998265, 0.02529920841410436, 0.03620474622780563, 0.020899873269798523, 0.041506555291630096, 0.018930192648332178, 0.03713403819351258, 0.018091720795894276, 0.02144125544033536, 0.43343221083481526, 1.0, 0.020698388931637456, 0.03789703862796583], [0.006124396845769329, 0.021557610261164584, 0.005636293272332061, 0.01971095469764871, 0.004698804425837623, 0.01964654810557241, 0.006859128601499745, 0.01711546557805287, 0.009770361541262849, 0.026284628179560912, 0.005056828830633809, 0.036789163888046775, 0.00416608804494199, 0.017495838470366922, 0.006081374371669772, 0.01035368797320192, 0.005849756652478977, 0.020698388931637456, 1.0, 0.4727528650726637], [0.017192768031313466, 0.03355233535657057, 0.019615775398037463, 0.03713964843978315, 0.017634493187122957, 0.03078743078704011, 0.020332593863723932, 0.031539785498057894, 0.02276621693122178, 0.03950557162012067, 0.019270008569168735, 0.04708399113158481, 0.020839412314916227, 0.03574148788195969, 0.01807917757082795, 0.023259531952800137, 0.021672472625982712, 0.03789703862796583, 0.4727528650726637, 1.0]], "meta_info": {"source": "pretrained"}}