{"model": "LSING", "dataset": "dim20_butterfly", "N": 10000, "seed": 1234560, "metrics": {"TP": 10, "FP": 0, "FN": 0, "TN": 180, "TPR": 1.0, "FDR": 0.0, "FPR": 0.0, "Hamming": 0}, "omega": [[1.0, 0.5336262056765894, 0.00707171356002605, 0.015445362705049398, 0.006385380712950238, 0.01767582464743075, 0.009026627971056276, 0.03126502076594482, 0.0071087206290313, 0.02935638569223261, 0.005417580833919815, 0.020533399588390396, 0.007176305634169435, 0.023707262734780857, 0.00895932925721164, 0.028525971867627287, 0.00648346430305398, 0.034435083015541476, 0.007541381542084556, 0.032481493696648135], [0.5336262056765894, 1.0, 0.023100517661352828, 0.03182517054451946, 0.020965771074693697, 0.03177018235629526, 0.022398110052584443, 0.04104536712594653, 0.02438737966002344, 0.04971058212579734, 0.02001103724569557, 0.037362967432112176, 0.02246624545092541, 0.04156770137012771, 0.021231083511410537, 0.03974700644368911, 0.02288706470969316, 0.0480854374182109, 0.01977831341686246, 0.04464583589540324], [0.00707171356002605, 0.023100517661352828, 1.0, 0.43767542251790437, 0.006143617242554636, 0.01745457646863893, 0.00909830450568296, 0.03404289336850149, 0.007592432079375603, 0.03778391838005116, 0.0061390791517098, 0.02138831194024577, 0.007232691994784885, 0.02326673520266379, 0.007919622749288315, 0.02561339306116115, 0.008942597255607705, 0.03475860568377641, 0.00732522365625759, 0.02978564680572971], [0.015445362705049398, 0.03182517054451946, 0.43767542251790437, 1.0, 0.014239970718657116, 0.02961195891881342, 0.01737091525467447, 0.03824833543729858, 0.01809584701788029, 0.04166572924558209, 0.01575130173346865, 0.030661532225831713, 0.016464773403320993, 0.03660720086653289, 0.01877903765520741, 0.03339463919297264, 0.019080735134606053, 0.039218452418651364, 0.015174542718469845, 0.04263341214796774], [0.006385380712950238, 0.020965771074693697, 0.006143617242554636, 0.014239970718657116, 1.0, 0.5753962202039599, 0.006320225686566945, 0.0322106117245063, 0.0068664181013139034, 0.035202001434985544, 0.004891490071713157, 0.020176666406542768, 0.005886991467359817, 0.022234547278137454, 0.0052018274219759126, 0.022822299444666475, 0.006787352742949792, 0.02544654541369664, 0.00829624581977086, 0.03144457171524835], [0.01767582464743075, 0.03177018235629526, 0.01745457646863893, 0.02961195891881342, 0.5753962202039599, 1.0, 0.021092683016226837, 0.040257372891759596, 0.024615106415424078, 0.048468190788446476, 0.021848554257814033, 0.0343657701327061, 0.022577372781082808, 0.03785729288494425, 0.02660824348780937, 0.035088713775328684, 0.024962866644456187, 0.041926443897186916, 0.020399673335218492, 0.043942655276023514], [0.009026627971056276, 0.022398110052584443, 0.00909830450568296, 0.01737091525467447, 0.006320225686566945, 0.021092683016226837, 1.0, 1.0, 0.008337592601702746, 0.036440002650917486, 0.006775871666156941, 0.02055431235939745, 0.007736137525697044, 0.021982859846863767, 0.008420688468748957, 0.02879840058455868, 0.008046998497188262, 0.03154219511681966, 0.008088405335170764, 0.034382071129641555], [0.03126502076594482, 0.04104536712594653, 0.03404289336850149, 0.03824833543729858, 0.0322106117245063, 0.040257372891759596, 1.0, 1.0, 0.03657581687690137, 0.057342923742102335, 0.030444190102219507, 0.053236087437503694, 0.03271637073990644, 0.04587585520394931, 0.02766665275231487, 0.048287507456983736, 0.030319510605684365, 0.05759576502135252, 0.03075420208857752, 0.05633257547774979], [0.0071087206290313, 0.02438737966002344, 0.007592432079375603, 0.01809584701788029, 0.0068664181013139034, 0.024615106415424078, 0.008337592601702746, 0.03657581687690137, 1.0, 0.9352879528345847, 0.007805611040378644, 0.020298577053836662, 0.008410703245875464, 0.02529691142218578, 0.0077746264596620695, 0.02462092509904299, 0.007575218664610909, 0.030672265134475928, 0.006672280526190489, 0.03472463518375612], [0.02935638569223261, 0.04971058212579734, 0.03778391838005116, 0.04166572924558209, 0.035202001434985544, 0.048468190788446476, 0.036440002650917486, 0.057342923742102335, 0.9352879528345847, 1.0, 0.03236883602255034, 0.04059386525503799, 0.029099130896234553, 0.04919310446248042, 0.03797860707194428, 0.05664948040334697, 0.035281425441330644, 0.05849005315897257, 0.03678341472540942, 0.05396076957013768], [0.005417580833919815, 0.02001103724569557, 0.0061390791517098, 0.01575130173346865, 0.004891490071713157, 0.021848554257814033, 0.006775871666156941, 0.030444190102219507, 0.007805611040378644, 0.03236883602255034, 1.0, 0.4366666004972799, 0.005974506398499945, 0.019993988201205955, 0.006176428106063435, 0.02441323125732954, 0.006056968179774794, 0.03037057947333624, 0.00605357127448614, 0.030704598202658338], [0.020533399588390396, 0.037362967432112176, 0.02138831194024577, 0.030661532225831713, 0.020176666406542768, 0.0343657701327061, 0.02055431235939745, 0.053236087437503694, 0.020298577053836662, 0.04059386525503799, 0.4366666004972799, 1.0, 0.021560260372394825, 0.04031683368802646, 0.019873031215053166, 0.03960927790094322, 0.02134415916597306, 0.04462882339104081, 0.021548259774585802, 0.045362452669271774], [0.007176305634169435, 0.02246624545092541, 0.007232691994784885, 0.016464773403320993, 0.005886991467359817, 0.022577372781082808, 0.007736137525697044, 0.03271637073990644, 0.008410703245875464, 0.029099130896234553, 0.005974506398499945, 0.021560260372394825, 1.0, 0.5744796404180582, 0.008731397973574365, 0.02640214101084276, 0.008134109195634284, 0.03198894170622642, 0.0069748713694906634, 0.04019090555625421], [0.023707262734780857, 0.04156770137012771, 0.02326673520266379, 0.03660720086653289, 0.022234547278137454, 0.03785729288494425, 0.021982859846863767, 0.04587585520394931, 0.02529691142218578, 0.04919310446248042, 0.019993988201205955, 0.04031683368802646, 0.5744796404180582, 1.0, 0.025004462092204076, 0.0427657390228036, 0.025340236677142577, 0.04866356735124866, 0.022833281983882528, 0.05332792061575317], [0.00895932925721164, 0.021231083511410537, 0.007919622749288315, 0.01877903765520741, 0.0052018274219759126, 0.02660824348780937, 0.008420688468748957, 0.02766665275231487, 0.0077746264596620695, 0.03797860707194428, 0.006176428106063435, 0.019873031215053166, 0.008731397973574365, 0.025004462092204076, 1.0, 0.554495815437177, 0.007797107682464927, 0.03281930801660695, 0.008310188229883131, 0.03235470934407393], [0.028525971867627287, 0.03974700644368911, 0.02561339306116115, 0.03339463919297264, 0.022822299444666475, 0.035088713775328684, 0.02879840058455868, 0.048287507456983736, 0.02462092509904299, 0.05664948040334697, 0.02441323125732954, 0.03960927790094322, 0.02640214101084276, 0.0427657390228036, 0.554495815437177, 1.0, 0.027823702460132004, 0.05286714358226437, 0.028258649844509917, 0.05483882858513185], [0.00648346430305398, 0.02288706470969316, 0.008942597255607705, 0.019080735134606053, 0.006787352742949792, 0.024962866644456187, 0.008046998497188262, 0.030319510605684365, 0.007575218664610909, 0.035281425441330644, 0.006056968179774794, 0.02134415916597306, 0.008134109195634284, 0.025340236677142577, 0.007797107682464927, 0.027823702460132004, 1.0, 0.710404942600038, 0.007310561779482718, 0.03502994470899422], [0.034435083015541476, 0.0480854374182109, 0.03475860568377641, 0.039218452418651364, 0.02544654541369664, 0.041926443897186916, 0.03154219511681966, 0.05759576502135252, 0.030672265134475928, 0.05849005315897257, 0.03037057947333624, 0.04462882339104081, 0.03198894170622642, 0.04866356735124866, 0.03281930801660695, 0.05286714358226437, 0.710404942600038, 1.0, 0.029414906575128987, 0.05362765288751961], [0.007541381542084556, 0.01977831341686246, 0.00732522365625759, 0.015174542718469845, 0.00829624581977086, 0.020399673335218492, 0.008088405335170764, 0.03075420208857752, 0.006672280526190489, 0.03678341472540942, 0.00605357127448614, 0.021548259774585802, 0.0069748713694906634, 0.022833281983882528, 0.008310188229883131, 0.028258649844509917, 0.007310561779482718, 0.029414906575128987, 1.0, 0.8047480720743923], [0.032481493696648135, 0.04464583589540324, 0.02978564680572971, 0.04263341214796774, 0.03144457171524835, 0.043942655276023514, 0.034382071129641555, 0.05633257547774979, 0.03472463518375612, 0.05396076957013768, 0.030704598202658338, 0.045362452669271774, 0.04019090555625421, 0.05332792061575317, 0.03235470934407393, 0.05483882858513185, 0.03502994470899422, 0.05362765288751961, 0.8047480720743923, 1.0]], "meta_info": {"source": "pretrained"}}