{"model": "LSING", "dataset": "0.3_dim20_pair_gau", "N": 50000, "seed": 123450, "metrics": {"TP": 10, "FP": 0, "FN": 0, "TN": 180, "TPR": 1.0, "FDR": 0.0, "FPR": 0.0, "Hamming": 0}, "omega": [[1.0, 0.9321997525720122, 0.07442346913035934, 0.07033803064570725, 0.060750535425285225, 0.06223708734912412, 0.06702505703824664, 0.06528196486635565, 0.06574218200518188, 0.05940495705188083, 0.06603501460455417, 0.07134672959900891, 0.06532115928164582, 0.06207725590011674, 0.06675827680782144, 0.057629671831958, 0.07580715502437314, 0.0702541880314115, 0.06755239130291814, 0.06511311826045298], [0.9321997525720122, 1.0, 0.06582822599499856, 0.056764705045031866, 0.07500148468709947, 0.06267925210523224, 0.05550150997809041, 0.05851442341241322, 0.05580216049503959, 0.05597628985046933, 0.04871679338129912, 0.06406447178970925, 0.06632836306510743, 0.07068838866329787, 0.0659006451806825, 0.04764600901762862, 0.06130618412397547, 0.06407551177070525, 0.05778473915123523, 0.06018749915310491], [0.07442346913035934, 0.06582822599499856, 1.0, 1.0, 0.06457221712258349, 0.06313649545607403, 0.05784407422151086, 0.06409685518224101, 0.05944690732449608, 0.06642652289613714, 0.06693881718669814, 0.06458089572833398, 0.07219129917966707, 0.06893265927178101, 0.06123671389873249, 0.06005092559509635, 0.07360356709344588, 0.06014352957362082, 0.06648545796710131, 0.07759671884040674], [0.07033803064570725, 0.056764705045031866, 1.0, 1.0, 0.0713714771426159, 0.06322612012938218, 0.058857780062745495, 0.06336065782882624, 0.05611489926704236, 0.06714499338351483, 0.06448945036850474, 0.0703942539972014, 0.0670606680114294, 0.08368932076652094, 0.06940850396991316, 0.06636767334226713, 0.07288546350198834, 0.057066481077284986, 0.07054727994068226, 0.06774762682891271], [0.060750535425285225, 0.07500148468709947, 0.06457221712258349, 0.0713714771426159, 1.0, 0.9121074064689059, 0.06770285449218978, 0.05795645471771657, 0.07634688375046769, 0.06790247345891465, 0.05833220579504437, 0.07505235080643613, 0.08112354035561604, 0.06548149279875447, 0.06643489253690223, 0.06851864894996705, 0.07587461145997917, 0.050825719406209904, 0.07093099238361587, 0.05657022813842108], [0.06223708734912412, 0.06267925210523224, 0.06313649545607403, 0.06322612012938218, 0.9121074064689059, 1.0, 0.07617694197403643, 0.06753576512464154, 0.06252413513086807, 0.05788853207601651, 0.056080449671170776, 0.05969362414118217, 0.06461285705262676, 0.0617172013474934, 0.06370933309069284, 0.052827583546449286, 0.06768049315137178, 0.050797860143821434, 0.06087692141462355, 0.061684580713990717], [0.06702505703824664, 0.05550150997809041, 0.05784407422151086, 0.058857780062745495, 0.06770285449218978, 0.07617694197403643, 1.0, 0.9158973916690416, 0.06458202124363792, 0.05305225902176654, 0.05528633241745813, 0.07084760769956633, 0.08066844596659233, 0.06521905462982044, 0.0654370073580894, 0.05335476057001215, 0.06510389069013023, 0.05997302779815353, 0.0561724191680288, 0.05968612070582256], [0.06528196486635565, 0.05851442341241322, 0.06409685518224101, 0.06336065782882624, 0.05795645471771657, 0.06753576512464154, 0.9158973916690416, 1.0, 0.06753628374443846, 0.05247760621785854, 0.05484753593141401, 0.07888386145233228, 0.07894448479625238, 0.06550624034236145, 0.053582561557190586, 0.06196905194844575, 0.07269901140915001, 0.058430732521994225, 0.05811575375384733, 0.07020964465981168], [0.06574218200518188, 0.05580216049503959, 0.05944690732449608, 0.05611489926704236, 0.07634688375046769, 0.06252413513086807, 0.06458202124363792, 0.06753628374443846, 1.0, 0.915948370891632, 0.06187347418193686, 0.07397175128724744, 0.08112486449126774, 0.08318824852560805, 0.051961231934320756, 0.0651413775221529, 0.06976930334884059, 0.05562425183577063, 0.07407166008078375, 0.07379308676721064], [0.05940495705188083, 0.05597628985046933, 0.06642652289613714, 0.06714499338351483, 0.06790247345891465, 0.05788853207601651, 0.05305225902176654, 0.05247760621785854, 0.915948370891632, 1.0, 0.05837116572797955, 0.06361497463242988, 0.07302125913030152, 0.05659526809531781, 0.057860184538606474, 0.06026669349954002, 0.06279392776990089, 0.054036822844200125, 0.07529190073890742, 0.05795986160840374], [0.06603501460455417, 0.04871679338129912, 0.06693881718669814, 0.06448945036850474, 0.05833220579504437, 0.056080449671170776, 0.05528633241745813, 0.05484753593141401, 0.06187347418193686, 0.05837116572797955, 1.0, 0.9466384808209323, 0.06813439581830899, 0.058321563054743876, 0.052032429053142815, 0.0665242965209351, 0.06209534690345802, 0.05464181490622758, 0.05048042069025514, 0.053071230023593007], [0.07134672959900891, 0.06406447178970925, 0.06458089572833398, 0.0703942539972014, 0.07505235080643613, 0.05969362414118217, 0.07084760769956633, 0.07888386145233228, 0.07397175128724744, 0.06361497463242988, 0.9466384808209323, 1.0, 0.06705947353072694, 0.059233150451073434, 0.062363451269534916, 0.07022029567596, 0.06879593674851164, 0.056387458797864026, 0.05741131634576165, 0.05514644852032034], [0.06532115928164582, 0.06632836306510743, 0.07219129917966707, 0.0670606680114294, 0.08112354035561604, 0.06461285705262676, 0.08066844596659233, 0.07894448479625238, 0.08112486449126774, 0.07302125913030152, 0.06813439581830899, 0.06705947353072694, 1.0, 0.9943893282787839, 0.06402823736932381, 0.06686701593098499, 0.06838626572957292, 0.06559162640227621, 0.06480063052250083, 0.06676512093397113], [0.06207725590011674, 0.07068838866329787, 0.06893265927178101, 0.08368932076652094, 0.06548149279875447, 0.0617172013474934, 0.06521905462982044, 0.06550624034236145, 0.08318824852560805, 0.05659526809531781, 0.058321563054743876, 0.059233150451073434, 0.9943893282787839, 1.0, 0.07838768851333067, 0.07381251845789927, 0.07562444913198274, 0.053773853641697456, 0.07104907218035575, 0.06798354918142155], [0.06675827680782144, 0.0659006451806825, 0.06123671389873249, 0.06940850396991316, 0.06643489253690223, 0.06370933309069284, 0.0654370073580894, 0.053582561557190586, 0.051961231934320756, 0.057860184538606474, 0.052032429053142815, 0.062363451269534916, 0.06402823736932381, 0.07838768851333067, 1.0, 0.8915214667327028, 0.06675704922372769, 0.047517218894497684, 0.06201923393102904, 0.05992491201891007], [0.057629671831958, 0.04764600901762862, 0.06005092559509635, 0.06636767334226713, 0.06851864894996705, 0.052827583546449286, 0.05335476057001215, 0.06196905194844575, 0.0651413775221529, 0.06026669349954002, 0.0665242965209351, 0.07022029567596, 0.06686701593098499, 0.07381251845789927, 0.8915214667327028, 1.0, 0.05860975014487148, 0.06098906742847428, 0.06338445089131764, 0.05350222790237183], [0.07580715502437314, 0.06130618412397547, 0.07360356709344588, 0.07288546350198834, 0.07587461145997917, 0.06768049315137178, 0.06510389069013023, 0.07269901140915001, 0.06976930334884059, 0.06279392776990089, 0.06209534690345802, 0.06879593674851164, 0.06838626572957292, 0.07562444913198274, 0.06675704922372769, 0.05860975014487148, 1.0, 0.8624474643662958, 0.0567248182171405, 0.05932111995481696], [0.0702541880314115, 0.06407551177070525, 0.06014352957362082, 0.057066481077284986, 0.050825719406209904, 0.050797860143821434, 0.05997302779815353, 0.058430732521994225, 0.05562425183577063, 0.054036822844200125, 0.05464181490622758, 0.056387458797864026, 0.06559162640227621, 0.053773853641697456, 0.047517218894497684, 0.06098906742847428, 0.8624474643662958, 1.0, 0.06217434814677726, 0.046851975901702175], [0.06755239130291814, 0.05778473915123523, 0.06648545796710131, 0.07054727994068226, 0.07093099238361587, 0.06087692141462355, 0.0561724191680288, 0.05811575375384733, 0.07407166008078375, 0.07529190073890742, 0.05048042069025514, 0.05741131634576165, 0.06480063052250083, 0.07104907218035575, 0.06201923393102904, 0.06338445089131764, 0.0567248182171405, 0.06217434814677726, 1.0, 0.8886066910604822], [0.06511311826045298, 0.06018749915310491, 0.07759671884040674, 0.06774762682891271, 0.05657022813842108, 0.061684580713990717, 0.05968612070582256, 0.07020964465981168, 0.07379308676721064, 0.05795986160840374, 0.053071230023593007, 0.05514644852032034, 0.06676512093397113, 0.06798354918142155, 0.05992491201891007, 0.05350222790237183, 0.05932111995481696, 0.046851975901702175, 0.8886066910604822, 1.0]], "meta_info": {"source": "pretrained"}}