{"model": "LSING", "dataset": "0.3_dim20_pair_gau", "N": 50000, "seed": 12340, "metrics": {"TP": 10, "FP": 0, "FN": 0, "TN": 180, "TPR": 1.0, "FDR": 0.0, "FPR": 0.0, "Hamming": 0}, "omega": [[1.0, 0.8595329184521616, 0.05961858447594491, 0.06640897399537185, 0.055560413610071614, 0.049810046722736055, 0.059461899782508855, 0.05575960035895504, 0.056261475022029654, 0.05482807521530395, 0.05508702331826375, 0.062318847979095746, 0.04856568113628848, 0.0626562903169968, 0.04521160145272079, 0.05859891886282471, 0.05394079484460886, 0.05992122575778687, 0.05813321358217108, 0.06227121103582098], [0.8595329184521616, 1.0, 0.061028115181625486, 0.0574160373626696, 0.05400533135124709, 0.06743113377299982, 0.05413905694062456, 0.05265198329992716, 0.07972257898486054, 0.058910774696875876, 0.06052360112758406, 0.0612701743800445, 0.05625400185497623, 0.056155056004012494, 0.0633221949346887, 0.05951214547263522, 0.05771507596244479, 0.06408596619754772, 0.056432702346663456, 0.05461157853838378], [0.05961858447594491, 0.061028115181625486, 1.0, 0.9210238370499653, 0.059781901621795294, 0.06313381090259422, 0.06284819442528225, 0.06288647292224159, 0.06564273787976746, 0.049693595087868775, 0.05633994660697271, 0.06211998365959848, 0.058185881489752095, 0.05799735089884572, 0.054770333708125965, 0.06579672855577046, 0.053289855213963504, 0.05922374437789739, 0.05496396987509736, 0.059699921951836786], [0.06640897399537185, 0.0574160373626696, 0.9210238370499653, 1.0, 0.06205683013520333, 0.07247182958435537, 0.053085160518458775, 0.06480115454661887, 0.06997931186470219, 0.0603636628285241, 0.05672047990027435, 0.06068724869693761, 0.04781951558379566, 0.05960926866492021, 0.05256312069522128, 0.06421192416989516, 0.062187837724796705, 0.059856568007040624, 0.057699929775412634, 0.05136723010198191], [0.055560413610071614, 0.05400533135124709, 0.059781901621795294, 0.06205683013520333, 1.0, 0.9338319473737258, 0.05006652597589196, 0.06361380433505404, 0.08113800401948466, 0.06375203061230929, 0.06342611046172826, 0.05856846660642016, 0.05228635370544164, 0.06224115848526703, 0.051779073686914055, 0.06268175957379717, 0.06396669930113937, 0.061586032602013036, 0.06788871170135787, 0.06938714498232938], [0.049810046722736055, 0.06743113377299982, 0.06313381090259422, 0.07247182958435537, 0.9338319473737258, 1.0, 0.053714675915511864, 0.06628199277604688, 0.07607554822162234, 0.061170290552684685, 0.06692899663641665, 0.06749062865650912, 0.06713677706108802, 0.05082843460948717, 0.06513758962577641, 0.07016963313781927, 0.0719840791936882, 0.06827065462395929, 0.06793619409170373, 0.06840069759009988], [0.059461899782508855, 0.05413905694062456, 0.06284819442528225, 0.053085160518458775, 0.05006652597589196, 0.053714675915511864, 1.0, 0.8886025550135946, 0.06271885494143872, 0.05627204457707241, 0.06989747075943856, 0.06469524848444332, 0.05623852790914658, 0.052353109911903555, 0.056569598935789035, 0.054269275777339414, 0.06885812629494037, 0.06892737400120436, 0.05884124453181079, 0.050815803904608145], [0.05575960035895504, 0.05265198329992716, 0.06288647292224159, 0.06480115454661887, 0.06361380433505404, 0.06628199277604688, 0.8886025550135946, 1.0, 0.067156900918313, 0.07922407384210652, 0.057623852428514685, 0.0676425675091457, 0.059360912767001374, 0.0600805032098405, 0.05430488423921673, 0.06060985765014401, 0.07660833213812401, 0.0749409858293937, 0.07500715313590238, 0.073232690988622], [0.056261475022029654, 0.07972257898486054, 0.06564273787976746, 0.06997931186470219, 0.08113800401948466, 0.07607554822162234, 0.06271885494143872, 0.067156900918313, 1.0, 0.9583117243468146, 0.07334497635617317, 0.07428116739945362, 0.06272329434108607, 0.055120254862682815, 0.07410692229564778, 0.06945919595895893, 0.07229538076895987, 0.07553174574717239, 0.07008192701537445, 0.0696371023683563], [0.05482807521530395, 0.058910774696875876, 0.049693595087868775, 0.0603636628285241, 0.06375203061230929, 0.061170290552684685, 0.05627204457707241, 0.07922407384210652, 0.9583117243468146, 1.0, 0.06937913754178898, 0.06551016344323972, 0.061801657920178894, 0.058932795824538385, 0.04797586985372855, 0.06723521661797432, 0.0734503761242713, 0.07541360602126274, 0.07015057516286255, 0.062487422589234384], [0.05508702331826375, 0.06052360112758406, 0.05633994660697271, 0.05672047990027435, 0.06342611046172826, 0.06692899663641665, 0.06989747075943856, 0.057623852428514685, 0.07334497635617317, 0.06937913754178898, 1.0, 0.9010142424041392, 0.05801743212077998, 0.07302010077021505, 0.06488345664596354, 0.06619256525373882, 0.06535724664362201, 0.06509412294687626, 0.06552312190691624, 0.06030784257413467], [0.062318847979095746, 0.0612701743800445, 0.06211998365959848, 0.06068724869693761, 0.05856846660642016, 0.06749062865650912, 0.06469524848444332, 0.0676425675091457, 0.07428116739945362, 0.06551016344323972, 0.9010142424041392, 1.0, 0.05663020766626868, 0.0672290664772864, 0.0685228850039233, 0.06047180191405169, 0.061516832860451114, 0.07308787222953748, 0.0785899165277751, 0.08127247039703858], [0.04856568113628848, 0.05625400185497623, 0.058185881489752095, 0.04781951558379566, 0.05228635370544164, 0.06713677706108802, 0.05623852790914658, 0.059360912767001374, 0.06272329434108607, 0.061801657920178894, 0.05801743212077998, 0.05663020766626868, 1.0, 0.8584517727498074, 0.06110972978690711, 0.06960568282379329, 0.06485448063650055, 0.06198663912313191, 0.05834237698908554, 0.04879671111793655], [0.0626562903169968, 0.056155056004012494, 0.05799735089884572, 0.05960926866492021, 0.06224115848526703, 0.05082843460948717, 0.052353109911903555, 0.0600805032098405, 0.055120254862682815, 0.058932795824538385, 0.07302010077021505, 0.0672290664772864, 0.8584517727498074, 1.0, 0.05945930702389128, 0.05516388675333455, 0.0683822365092134, 0.06190699906475226, 0.05351296036094696, 0.06988115743132264], [0.04521160145272079, 0.0633221949346887, 0.054770333708125965, 0.05256312069522128, 0.051779073686914055, 0.06513758962577641, 0.056569598935789035, 0.05430488423921673, 0.07410692229564778, 0.04797586985372855, 0.06488345664596354, 0.0685228850039233, 0.06110972978690711, 0.05945930702389128, 1.0, 0.8648082256095866, 0.06898540862600613, 0.0591435260783872, 0.04795549018475918, 0.05097193966867604], [0.05859891886282471, 0.05951214547263522, 0.06579672855577046, 0.06421192416989516, 0.06268175957379717, 0.07016963313781927, 0.054269275777339414, 0.06060985765014401, 0.06945919595895893, 0.06723521661797432, 0.06619256525373882, 0.06047180191405169, 0.06960568282379329, 0.05516388675333455, 0.8648082256095866, 1.0, 0.05809548134987423, 0.0663575638288674, 0.06391459897586621, 0.0701653935910972], [0.05394079484460886, 0.05771507596244479, 0.053289855213963504, 0.062187837724796705, 0.06396669930113937, 0.0719840791936882, 0.06885812629494037, 0.07660833213812401, 0.07229538076895987, 0.0734503761242713, 0.06535724664362201, 0.061516832860451114, 0.06485448063650055, 0.0683822365092134, 0.06898540862600613, 0.05809548134987423, 1.0, 1.0, 0.061380493194810704, 0.07293553633575599], [0.05992122575778687, 0.06408596619754772, 0.05922374437789739, 0.059856568007040624, 0.061586032602013036, 0.06827065462395929, 0.06892737400120436, 0.0749409858293937, 0.07553174574717239, 0.07541360602126274, 0.06509412294687626, 0.07308787222953748, 0.06198663912313191, 0.06190699906475226, 0.0591435260783872, 0.0663575638288674, 1.0, 1.0, 0.06557595502624884, 0.06580327040819198], [0.05813321358217108, 0.056432702346663456, 0.05496396987509736, 0.057699929775412634, 0.06788871170135787, 0.06793619409170373, 0.05884124453181079, 0.07500715313590238, 0.07008192701537445, 0.07015057516286255, 0.06552312190691624, 0.0785899165277751, 0.05834237698908554, 0.05351296036094696, 0.04795549018475918, 0.06391459897586621, 0.061380493194810704, 0.06557595502624884, 1.0, 0.9343269857344023], [0.06227121103582098, 0.05461157853838378, 0.059699921951836786, 0.05136723010198191, 0.06938714498232938, 0.06840069759009988, 0.050815803904608145, 0.073232690988622, 0.0696371023683563, 0.062487422589234384, 0.06030784257413467, 0.08127247039703858, 0.04879671111793655, 0.06988115743132264, 0.05097193966867604, 0.0701653935910972, 0.07293553633575599, 0.06580327040819198, 0.9343269857344023, 1.0]], "meta_info": {"source": "pretrained"}}