{"model": "LSING", "dataset": "0.3_dim20_pair_gau", "N": 50000, "seed": 1230, "metrics": {"TP": 10, "FP": 0, "FN": 0, "TN": 180, "TPR": 1.0, "FDR": 0.0, "FPR": 0.0, "Hamming": 0}, "omega": [[1.0, 0.9910122813460956, 0.06483499259690724, 0.06175377205202303, 0.07477651899343744, 0.059624783817249366, 0.06780332922588027, 0.06917913687265528, 0.07727423908049579, 0.08570476728759252, 0.06849869403268789, 0.05950546568517893, 0.0719539487539164, 0.07675346791002374, 0.05133681065179013, 0.06591575658317661, 0.056826104277388566, 0.052797927825260285, 0.060567624015052265, 0.0664990323906621], [0.9910122813460956, 1.0, 0.07276147456336038, 0.0751634532835585, 0.06556813898275561, 0.07232554921823986, 0.07075295651368478, 0.09640467867167364, 0.06372290428881693, 0.0761607999902306, 0.07896359811966513, 0.06292684428713033, 0.07654494919215737, 0.0570417714842913, 0.05993022475632927, 0.08626104473237578, 0.05875624527946272, 0.06786159142761951, 0.06676331335519776, 0.06724676664797269], [0.06483499259690724, 0.07276147456336038, 1.0, 1.0, 0.06287559520819672, 0.0595544106580573, 0.053760410527184076, 0.07894388361223001, 0.06902382284373691, 0.06371445685999191, 0.06596680405283038, 0.06761390002668155, 0.0620024110165762, 0.05754372098842463, 0.0674192347464723, 0.059970777022901434, 0.051990911799281024, 0.06749434284360788, 0.054692193896054404, 0.05818236446441746], [0.06175377205202303, 0.0751634532835585, 1.0, 1.0, 0.062314914040715395, 0.0635097859992378, 0.07441599551897454, 0.07016418829339012, 0.06043850767198193, 0.0641230583874299, 0.05256511950937287, 0.0660036668695816, 0.05535049715696354, 0.05642033968053109, 0.06749772411924394, 0.06804320106689327, 0.055102949762654035, 0.06086204268679042, 0.056972008913203864, 0.06306217883641722], [0.07477651899343744, 0.06556813898275561, 0.06287559520819672, 0.062314914040715395, 1.0, 0.9392512300470176, 0.05966280444729334, 0.05796546456077518, 0.05467895680676707, 0.0642513394920552, 0.0706668319094726, 0.06681337005924778, 0.07285106108692056, 0.05677410060372187, 0.0651431725420603, 0.057294770969554, 0.06931389251529581, 0.058847706769325346, 0.0562128002077382, 0.07378687088112242], [0.059624783817249366, 0.07232554921823986, 0.0595544106580573, 0.0635097859992378, 0.9392512300470176, 1.0, 0.06961902240005825, 0.06648087315481427, 0.06725524287812339, 0.07720928921093123, 0.060408211557488135, 0.06659311192102998, 0.05766728155576927, 0.05137281950923463, 0.058406957202151666, 0.06093045447570297, 0.05295595205892613, 0.055415398064274424, 0.058866810688655825, 0.07811672969932798], [0.06780332922588027, 0.07075295651368478, 0.053760410527184076, 0.07441599551897454, 0.05966280444729334, 0.06961902240005825, 1.0, 0.9698794353465536, 0.05741802192264747, 0.0571512856450967, 0.07658153551618196, 0.06781442925680138, 0.05105977646023873, 0.0643125077475566, 0.05621780299801064, 0.06850527513560817, 0.0568521161946859, 0.07727650574482763, 0.06229862401090487, 0.066332508885785], [0.06917913687265528, 0.09640467867167364, 0.07894388361223001, 0.07016418829339012, 0.05796546456077518, 0.06648087315481427, 0.9698794353465536, 1.0, 0.05737105416077776, 0.06806622196651765, 0.06836120226410677, 0.07240180936840306, 0.06532695380129112, 0.05481493938588201, 0.062062870759465615, 0.07832710610270138, 0.07035603968407941, 0.056861817921244735, 0.07278155772776435, 0.07674602564746533], [0.07727423908049579, 0.06372290428881693, 0.06902382284373691, 0.06043850767198193, 0.05467895680676707, 0.06725524287812339, 0.05741802192264747, 0.05737105416077776, 1.0, 0.9510006963008499, 0.07130595348747189, 0.05873764250319925, 0.06768498457861817, 0.05141438990266995, 0.05465452752231642, 0.06491681716319384, 0.06080710991830101, 0.0467816477031058, 0.04902255068918116, 0.06787546790633717], [0.08570476728759252, 0.0761607999902306, 0.06371445685999191, 0.0641230583874299, 0.0642513394920552, 0.07720928921093123, 0.0571512856450967, 0.06806622196651765, 0.9510006963008499, 1.0, 0.0580854076816131, 0.0728906197077564, 0.06174412648804929, 0.051113786146239765, 0.06464905699851477, 0.06390732493747808, 0.057655844549337594, 0.05698509911573018, 0.06750395384599078, 0.07572011378597343], [0.06849869403268789, 0.07896359811966513, 0.06596680405283038, 0.05256511950937287, 0.0706668319094726, 0.060408211557488135, 0.07658153551618196, 0.06836120226410677, 0.07130595348747189, 0.0580854076816131, 1.0, 0.9902770411038696, 0.05319211140905763, 0.05803372082252899, 0.05833679141250457, 0.06001357579287746, 0.049817462958039, 0.06313023060875865, 0.06765650294764287, 0.06578704057853338], [0.05950546568517893, 0.06292684428713033, 0.06761390002668155, 0.0660036668695816, 0.06681337005924778, 0.06659311192102998, 0.06781442925680138, 0.07240180936840306, 0.05873764250319925, 0.0728906197077564, 0.9902770411038696, 1.0, 0.07281467061191066, 0.05757307529956835, 0.06627854960210393, 0.0609468741114791, 0.05570947112010429, 0.06145841157693479, 0.061263112667560356, 0.06997657933797503], [0.0719539487539164, 0.07654494919215737, 0.0620024110165762, 0.05535049715696354, 0.07285106108692056, 0.05766728155576927, 0.05105977646023873, 0.06532695380129112, 0.06768498457861817, 0.06174412648804929, 0.05319211140905763, 0.07281467061191066, 1.0, 0.9636714363198081, 0.060135848940963736, 0.06372608683530573, 0.058611547419193846, 0.07183748195308932, 0.05814853730739401, 0.06398516628042168], [0.07675346791002374, 0.0570417714842913, 0.05754372098842463, 0.05642033968053109, 0.05677410060372187, 0.05137281950923463, 0.0643125077475566, 0.05481493938588201, 0.05141438990266995, 0.051113786146239765, 0.05803372082252899, 0.05757307529956835, 0.9636714363198081, 1.0, 0.08403929318781829, 0.06512836866065541, 0.04915786795767265, 0.04895404241582755, 0.06496925573687846, 0.05933637022191767], [0.05133681065179013, 0.05993022475632927, 0.0674192347464723, 0.06749772411924394, 0.0651431725420603, 0.058406957202151666, 0.05621780299801064, 0.062062870759465615, 0.05465452752231642, 0.06464905699851477, 0.05833679141250457, 0.06627854960210393, 0.060135848940963736, 0.08403929318781829, 1.0, 0.926852236296214, 0.057144710302441566, 0.056853811152702785, 0.05574917518763488, 0.062172125708339805], [0.06591575658317661, 0.08626104473237578, 0.059970777022901434, 0.06804320106689327, 0.057294770969554, 0.06093045447570297, 0.06850527513560817, 0.07832710610270138, 0.06491681716319384, 0.06390732493747808, 0.06001357579287746, 0.0609468741114791, 0.06372608683530573, 0.06512836866065541, 0.926852236296214, 1.0, 0.062129877043684466, 0.057101246221842095, 0.06330333809668859, 0.06720658015823679], [0.056826104277388566, 0.05875624527946272, 0.051990911799281024, 0.055102949762654035, 0.06931389251529581, 0.05295595205892613, 0.0568521161946859, 0.07035603968407941, 0.06080710991830101, 0.057655844549337594, 0.049817462958039, 0.05570947112010429, 0.058611547419193846, 0.04915786795767265, 0.057144710302441566, 0.062129877043684466, 1.0, 0.9573446836669756, 0.05051086351443453, 0.06263170414218362], [0.052797927825260285, 0.06786159142761951, 0.06749434284360788, 0.06086204268679042, 0.058847706769325346, 0.055415398064274424, 0.07727650574482763, 0.056861817921244735, 0.0467816477031058, 0.05698509911573018, 0.06313023060875865, 0.06145841157693479, 0.07183748195308932, 0.04895404241582755, 0.056853811152702785, 0.057101246221842095, 0.9573446836669756, 1.0, 0.056410285137732545, 0.07563195868830007], [0.060567624015052265, 0.06676331335519776, 0.054692193896054404, 0.056972008913203864, 0.0562128002077382, 0.058866810688655825, 0.06229862401090487, 0.07278155772776435, 0.04902255068918116, 0.06750395384599078, 0.06765650294764287, 0.061263112667560356, 0.05814853730739401, 0.06496925573687846, 0.05574917518763488, 0.06330333809668859, 0.05051086351443453, 0.056410285137732545, 1.0, 0.9089539865412557], [0.0664990323906621, 0.06724676664797269, 0.05818236446441746, 0.06306217883641722, 0.07378687088112242, 0.07811672969932798, 0.066332508885785, 0.07674602564746533, 0.06787546790633717, 0.07572011378597343, 0.06578704057853338, 0.06997657933797503, 0.06398516628042168, 0.05933637022191767, 0.062172125708339805, 0.06720658015823679, 0.06263170414218362, 0.07563195868830007, 0.9089539865412557, 1.0]], "meta_info": {"source": "pretrained"}}