{"model": "LSING", "dataset": "dim20_butterfly", "N": 500, "seed": 123450, "metrics": {"TP": 7, "FP": 106, "FN": 3, "TN": 74, "TPR": 0.7, "FDR": 0.9380530973451328, "FPR": 0.5888888888888889, "Hamming": 109}, "omega": [[1.0, 0.18841318915757319, 0.1388771351257369, 0.22616726528975384, 0.09319907557717436, 0.09107756991522732, 0.2891651750605341, 0.27934012370166217, 0.1841724114059352, 0.11573228922533146, 0.159480891742191, 0.22742689715211734, 0.16237714902447253, 0.3710877781549843, 0.15891433177768668, 0.1560615155465975, 0.16450191930306646, 0.07141607855122942, 0.2580940500087311, 0.23843771386668708], [0.18841318915757319, 1.0, 0.1706507336568918, 0.38701460166352347, 0.11350573493041381, 0.09345963399904761, 0.20463784945181107, 0.3234101591303195, 0.13479409644817084, 0.11425183380569313, 0.1139665367490715, 0.3235441048722965, 0.17281297736176343, 0.38024667623441566, 0.32047033647132656, 0.264869786510105, 0.20812776966175073, 0.14103221939554578, 0.17708041221952142, 0.2972897276923021], [0.1388771351257369, 0.1706507336568918, 1.0, 0.38435697221026266, 0.10516005435820364, 0.07732409152299395, 0.13588254064497027, 0.18057618430303038, 0.13531499893757412, 0.12005840144099622, 0.10742560828232257, 0.4479348562403445, 0.1681229257680449, 0.3943434109541277, 0.33389681088238243, 0.25272581556983176, 0.13278353845071916, 0.10633283412779054, 0.24332947718444095, 0.33384853828429445], [0.22616726528975384, 0.38701460166352347, 0.38435697221026266, 1.0, 0.27032317964246966, 0.20034107377155627, 0.4441094071769984, 0.41508935738059816, 0.2359086412872153, 0.3964278225969845, 0.2564350931533388, 1.0, 0.2849207961559304, 0.44476110011244685, 0.29448912817921574, 0.30828311311168305, 0.1934782279521939, 0.19648731278656068, 0.4124170275064809, 0.5890367322232556], [0.09319907557717436, 0.11350573493041381, 0.10516005435820364, 0.27032317964246966, 1.0, 0.12693254802133191, 0.09187581262803278, 0.11220753643462227, 0.14271465233860503, 0.13957275355319332, 0.13535215511942392, 0.299894638838397, 0.1258651641387516, 0.40468357294804974, 0.2631296965358126, 0.18520126509532586, 0.15065061173214137, 0.10098034615894251, 0.18468917685651481, 0.2718674654984252], [0.09107756991522732, 0.09345963399904761, 0.07732409152299395, 0.20034107377155627, 0.12693254802133191, 1.0, 0.14159557690616273, 0.23517573377821635, 0.12965731325488206, 0.23389608550728508, 0.20715391072265074, 0.2467561714373112, 0.16936149517264587, 0.3171751786176158, 0.16276210370233335, 0.13969979708531938, 0.10723642985673396, 0.0768505077548514, 0.38907933772121817, 0.26861165881503857], [0.2891651750605341, 0.20463784945181107, 0.13588254064497027, 0.4441094071769984, 0.09187581262803278, 0.14159557690616273, 1.0, 0.3670340545773938, 0.0990782043011931, 0.18228785517850168, 0.16493498366971446, 0.2184977612060721, 0.1354035315684014, 0.3765506971943606, 0.28773401685274425, 0.26073074561683524, 0.13198364949655797, 0.15080599719552495, 0.3829164595789357, 0.28133122689892526], [0.27934012370166217, 0.3234101591303195, 0.18057618430303038, 0.41508935738059816, 0.11220753643462227, 0.23517573377821635, 0.3670340545773938, 1.0, 0.2055245176182722, 0.17590765817245568, 0.3802815388247932, 0.4676708550304943, 0.2801966064895143, 0.4962466554506185, 0.29182201140272507, 0.3351918112113735, 0.35440532557706717, 0.14218966425542037, 0.19284448504944476, 0.4659427731865078], [0.1841724114059352, 0.13479409644817084, 0.13531499893757412, 0.2359086412872153, 0.14271465233860503, 0.12965731325488206, 0.0990782043011931, 0.2055245176182722, 1.0, 0.3073817530985392, 0.18898245427388863, 0.3908564188245161, 0.20600456416986213, 0.6192977521929006, 0.17842444824806222, 0.2121224600532247, 0.18826270812156196, 0.09274106036497823, 0.40507257034882327, 0.33735577832516445], [0.11573228922533146, 0.11425183380569313, 0.12005840144099622, 0.3964278225969845, 0.13957275355319332, 0.23389608550728508, 0.18228785517850168, 0.17590765817245568, 0.3073817530985392, 1.0, 0.13095355683906362, 0.24469091021147565, 0.2113826460472879, 0.21538919023394068, 0.20395806752323006, 0.14579008412927816, 0.1600063256824095, 0.11776758371398806, 0.20057864697720848, 0.23838730201225397], [0.159480891742191, 0.1139665367490715, 0.10742560828232257, 0.2564350931533388, 0.13535215511942392, 0.20715391072265074, 0.16493498366971446, 0.3802815388247932, 0.18898245427388863, 0.13095355683906362, 1.0, 0.6341245049250654, 0.13819291606225173, 0.4168786631120886, 0.23124836351176686, 0.17820380474843572, 0.14963307595207154, 0.0953972815102042, 0.1440898426273861, 0.24884031299369558], [0.22742689715211734, 0.3235441048722965, 0.4479348562403445, 1.0, 0.299894638838397, 0.2467561714373112, 0.2184977612060721, 0.4676708550304943, 0.3908564188245161, 0.24469091021147565, 0.6341245049250654, 1.0, 0.8632498344284182, 0.741568984963763, 0.3984520735498796, 0.3579456533543531, 0.44092704686576484, 0.27200917515471285, 0.726141234098316, 0.3972572109958565], [0.16237714902447253, 0.17281297736176343, 0.1681229257680449, 0.2849207961559304, 0.1258651641387516, 0.16936149517264587, 0.1354035315684014, 0.2801966064895143, 0.20600456416986213, 0.2113826460472879, 0.13819291606225173, 0.8632498344284182, 1.0, 0.6168760282685021, 0.24321215676532232, 0.22807951181124156, 0.29617520514610934, 0.13365661226473474, 0.2808589699841671, 0.3421031182606459], [0.3710877781549843, 0.38024667623441566, 0.3943434109541277, 0.44476110011244685, 0.40468357294804974, 0.3171751786176158, 0.3765506971943606, 0.4962466554506185, 0.6192977521929006, 0.21538919023394068, 0.4168786631120886, 0.741568984963763, 0.6168760282685021, 1.0, 0.6777298887310612, 0.3096865938866793, 0.6740561725330906, 0.2335556479394194, 0.5486544146182666, 0.3536860724397299], [0.15891433177768668, 0.32047033647132656, 0.33389681088238243, 0.29448912817921574, 0.2631296965358126, 0.16276210370233335, 0.28773401685274425, 0.29182201140272507, 0.17842444824806222, 0.20395806752323006, 0.23124836351176686, 0.3984520735498796, 0.24321215676532232, 0.6777298887310612, 1.0, 0.4850117355573231, 0.20655800564856275, 0.2052759308864665, 0.2212962771949426, 0.46405624918620375], [0.1560615155465975, 0.264869786510105, 0.25272581556983176, 0.30828311311168305, 0.18520126509532586, 0.13969979708531938, 0.26073074561683524, 0.3351918112113735, 0.2121224600532247, 0.14579008412927816, 0.17820380474843572, 0.3579456533543531, 0.22807951181124156, 0.3096865938866793, 0.4850117355573231, 1.0, 0.21163104843435845, 0.14634119986335511, 0.23128258303911484, 0.32846321980424237], [0.16450191930306646, 0.20812776966175073, 0.13278353845071916, 0.1934782279521939, 0.15065061173214137, 0.10723642985673396, 0.13198364949655797, 0.35440532557706717, 0.18826270812156196, 0.1600063256824095, 0.14963307595207154, 0.44092704686576484, 0.29617520514610934, 0.6740561725330906, 0.20655800564856275, 0.21163104843435845, 1.0, 0.19536273702167192, 0.20193951410877714, 0.3089359849960191], [0.07141607855122942, 0.14103221939554578, 0.10633283412779054, 0.19648731278656068, 0.10098034615894251, 0.0768505077548514, 0.15080599719552495, 0.14218966425542037, 0.09274106036497823, 0.11776758371398806, 0.0953972815102042, 0.27200917515471285, 0.13365661226473474, 0.2335556479394194, 0.2052759308864665, 0.14634119986335511, 0.19536273702167192, 1.0, 0.1834626391611975, 0.20530414849220496], [0.2580940500087311, 0.17708041221952142, 0.24332947718444095, 0.4124170275064809, 0.18468917685651481, 0.38907933772121817, 0.3829164595789357, 0.19284448504944476, 0.40507257034882327, 0.20057864697720848, 0.1440898426273861, 0.726141234098316, 0.2808589699841671, 0.5486544146182666, 0.2212962771949426, 0.23128258303911484, 0.20193951410877714, 0.1834626391611975, 1.0, 0.5937170135460113], [0.23843771386668708, 0.2972897276923021, 0.33384853828429445, 0.5890367322232556, 0.2718674654984252, 0.26861165881503857, 0.28133122689892526, 0.4659427731865078, 0.33735577832516445, 0.23838730201225397, 0.24884031299369558, 0.3972572109958565, 0.3421031182606459, 0.3536860724397299, 0.46405624918620375, 0.32846321980424237, 0.3089359849960191, 0.20530414849220496, 0.5937170135460113, 1.0]], "meta_info": {"source": "pretrained"}}