{"model": "LSING", "dataset": "dim20_butterfly", "N": 500, "seed": 120, "metrics": {"TP": 10, "FP": 117, "FN": 0, "TN": 63, "TPR": 1.0, "FDR": 0.9212598425196851, "FPR": 0.65, "Hamming": 117}, "omega": [[1.0, 0.2712034826713699, 0.16962812752145134, 0.1813825341816428, 0.1898736177246984, 0.29000435344307596, 0.2797099639941228, 0.20570646259614458, 0.19586256206694394, 0.20840146353169603, 0.14790252899053974, 0.1699428537242607, 0.2779034577908429, 0.1622145574919598, 0.21982044916543775, 0.17420322851712422, 0.27015775142146436, 0.18141116158824697, 0.16531431490292672, 0.3043224709484404], [0.2712034826713699, 1.0, 0.22447202623303888, 0.15080217368872068, 0.11168078748659575, 0.35818025612038373, 0.4351998333196839, 0.19595223530840195, 0.14708639473477986, 0.22178975508078694, 0.17121759124404867, 0.1664804565304061, 0.31984658124889026, 0.2496895192221156, 0.21564606045599344, 0.11531559826761736, 0.18947817651651122, 0.1629139165963813, 0.1417619892228006, 0.18485650567617207], [0.16962812752145134, 0.22447202623303888, 1.0, 0.2479984963665654, 0.2074306049592899, 0.663341464641998, 0.33724026243632965, 0.3707874933468868, 0.21986814203535174, 0.2176188847510205, 0.1994738607239927, 0.30598145837279067, 0.4575510477942408, 0.2998394320571802, 0.20390273474434467, 0.19585404525119232, 0.4008887504964031, 0.13360131528717015, 0.25167358026109543, 0.25870120611093994], [0.1813825341816428, 0.15080217368872068, 0.2479984963665654, 1.0, 0.1179054015982428, 0.22735466975709367, 0.33245195217621, 0.48242446012865686, 0.1596828106717571, 0.25428172525552134, 0.15314604098156717, 0.17496798274493128, 0.348708803993431, 0.2406954956379103, 0.241558764496698, 0.1755432508052156, 0.222519585170832, 0.14667132330492128, 0.21101797603793887, 0.3219580180185701], [0.1898736177246984, 0.11168078748659575, 0.2074306049592899, 0.1179054015982428, 1.0, 0.47475397697645044, 0.2926776663592477, 0.22860163674503298, 0.1676025015653544, 0.16670560686388877, 0.10887144894872633, 0.14588298554691173, 0.3897248603722586, 0.12595923233992815, 0.14922166820220353, 0.164208706283743, 0.29909489877530787, 0.16241903247622835, 0.12620292881868703, 0.18631862287970885], [0.29000435344307596, 0.35818025612038373, 0.663341464641998, 0.22735466975709367, 0.47475397697645044, 1.0, 0.5869988834142958, 0.4940045252334815, 0.3062457328286324, 0.22211501045672827, 0.25873846068837786, 0.4615566062109502, 0.6168954513608548, 0.5029044289155657, 0.4774803901615614, 0.2372417775466928, 0.3641366262389695, 0.3616790185595437, 0.23899676740103604, 0.4194077873712552], [0.2797099639941228, 0.4351998333196839, 0.33724026243632965, 0.33245195217621, 0.2926776663592477, 0.5869988834142958, 1.0, 1.0, 0.32439174355992406, 0.46964177130449003, 0.33093154801487307, 0.26061247823603034, 0.5341503019600673, 0.418965146645286, 0.33652629751221214, 0.31666869243976287, 0.49376204266062623, 0.5162425024108042, 0.30694912313928996, 0.3411688903778314], [0.20570646259614458, 0.19595223530840195, 0.3707874933468868, 0.48242446012865686, 0.22860163674503298, 0.4940045252334815, 1.0, 1.0, 0.30542507401450447, 0.31749927022833324, 0.29878206808332125, 0.41282731382279714, 0.657531334481684, 0.3116949434470451, 0.4149705782964634, 0.24058799680494772, 0.3369156237505533, 0.28618021228994167, 0.35680050600271923, 0.33949305108328964], [0.19586256206694394, 0.14708639473477986, 0.21986814203535174, 0.1596828106717571, 0.1676025015653544, 0.3062457328286324, 0.32439174355992406, 0.30542507401450447, 1.0, 0.2678542578599953, 0.15458847927736688, 0.24353733374747216, 0.24097999428542435, 0.11161237058140198, 0.1831626914861911, 0.11792733953942619, 0.16906601443610655, 0.1398061790848505, 0.12605429350598513, 0.2186701207720826], [0.20840146353169603, 0.22178975508078694, 0.2176188847510205, 0.25428172525552134, 0.16670560686388877, 0.22211501045672827, 0.46964177130449003, 0.31749927022833324, 0.2678542578599953, 1.0, 0.1473274102341901, 0.24196420257703266, 0.7059970015615374, 0.22112615751445663, 0.36502836021747587, 0.1779794495987048, 0.38696197807823557, 0.22465057426447818, 0.22294264111545775, 0.27180721585137285], [0.14790252899053974, 0.17121759124404867, 0.1994738607239927, 0.15314604098156717, 0.10887144894872633, 0.25873846068837786, 0.33093154801487307, 0.29878206808332125, 0.15458847927736688, 0.1473274102341901, 1.0, 0.22815832090562002, 0.4095740200351859, 0.171680336069395, 0.20893533545322418, 0.1416514653622921, 0.16745811167757746, 0.14788198996230945, 0.14563932801700538, 0.19135912046843734], [0.1699428537242607, 0.1664804565304061, 0.30598145837279067, 0.17496798274493128, 0.14588298554691173, 0.4615566062109502, 0.26061247823603034, 0.41282731382279714, 0.24353733374747216, 0.24196420257703266, 0.22815832090562002, 1.0, 0.6540415627359814, 0.21898475609423607, 0.19218065563174702, 0.1954497366875808, 0.2388233281607526, 0.1675866948227056, 0.2244011328299722, 0.42136421419937026], [0.2779034577908429, 0.31984658124889026, 0.4575510477942408, 0.348708803993431, 0.3897248603722586, 0.6168954513608548, 0.5341503019600673, 0.657531334481684, 0.24097999428542435, 0.7059970015615374, 0.4095740200351859, 0.6540415627359814, 1.0, 0.5313010505855752, 0.33016462563427557, 0.4594112514821986, 0.32894593551326773, 0.3186423151862667, 0.3787689181717325, 0.44510757750964464], [0.1622145574919598, 0.2496895192221156, 0.2998394320571802, 0.2406954956379103, 0.12595923233992815, 0.5029044289155657, 0.418965146645286, 0.3116949434470451, 0.11161237058140198, 0.22112615751445663, 0.171680336069395, 0.21898475609423607, 0.5313010505855752, 1.0, 0.22947168270415963, 0.21042038379368366, 0.3188446609665973, 0.205277233258394, 0.1525690754004604, 0.1854938257500004], [0.21982044916543775, 0.21564606045599344, 0.20390273474434467, 0.241558764496698, 0.14922166820220353, 0.4774803901615614, 0.33652629751221214, 0.4149705782964634, 0.1831626914861911, 0.36502836021747587, 0.20893533545322418, 0.19218065563174702, 0.33016462563427557, 0.22947168270415963, 1.0, 0.272579876696242, 0.25597957065173843, 0.27462171835793925, 0.22583101661230878, 0.27202961379927726], [0.17420322851712422, 0.11531559826761736, 0.19585404525119232, 0.1755432508052156, 0.164208706283743, 0.2372417775466928, 0.31666869243976287, 0.24058799680494772, 0.11792733953942619, 0.1779794495987048, 0.1416514653622921, 0.1954497366875808, 0.4594112514821986, 0.21042038379368366, 0.272579876696242, 1.0, 0.2299008081783035, 0.18089253814248143, 0.13026583292926064, 0.2838765888989642], [0.27015775142146436, 0.18947817651651122, 0.4008887504964031, 0.222519585170832, 0.29909489877530787, 0.3641366262389695, 0.49376204266062623, 0.3369156237505533, 0.16906601443610655, 0.38696197807823557, 0.16745811167757746, 0.2388233281607526, 0.32894593551326773, 0.3188446609665973, 0.25597957065173843, 0.2299008081783035, 1.0, 0.7048558650973776, 0.332857218232446, 0.3129961077632697], [0.18141116158824697, 0.1629139165963813, 0.13360131528717015, 0.14667132330492128, 0.16241903247622835, 0.3616790185595437, 0.5162425024108042, 0.28618021228994167, 0.1398061790848505, 0.22465057426447818, 0.14788198996230945, 0.1675866948227056, 0.3186423151862667, 0.205277233258394, 0.27462171835793925, 0.18089253814248143, 0.7048558650973776, 1.0, 0.1953653020667871, 0.26564431944228567], [0.16531431490292672, 0.1417619892228006, 0.25167358026109543, 0.21101797603793887, 0.12620292881868703, 0.23899676740103604, 0.30694912313928996, 0.35680050600271923, 0.12605429350598513, 0.22294264111545775, 0.14563932801700538, 0.2244011328299722, 0.3787689181717325, 0.1525690754004604, 0.22583101661230878, 0.13026583292926064, 0.332857218232446, 0.1953653020667871, 1.0, 0.4216416858247417], [0.3043224709484404, 0.18485650567617207, 0.25870120611093994, 0.3219580180185701, 0.18631862287970885, 0.4194077873712552, 0.3411688903778314, 0.33949305108328964, 0.2186701207720826, 0.27180721585137285, 0.19135912046843734, 0.42136421419937026, 0.44510757750964464, 0.1854938257500004, 0.27202961379927726, 0.2838765888989642, 0.3129961077632697, 0.26564431944228567, 0.4216416858247417, 1.0]], "meta_info": {"source": "pretrained"}}