{"model": "LSING", "dataset": "dim20_butterfly", "N": 500, "seed": 1230, "metrics": {"TP": 3, "FP": 32, "FN": 7, "TN": 148, "TPR": 0.3, "FDR": 0.9142857142857143, "FPR": 0.17777777777777778, "Hamming": 39}, "omega": [[1.0, 0.08692527277818173, 0.03664887580393789, 0.04267583007987867, 0.25013418977256985, 0.03461537316295101, 0.08699044163575724, 0.08528415610390543, 0.030056344663355064, 0.10064564612274793, 0.08466250388851303, 0.04800734650318538, 0.1180489611131158, 0.07299150666972397, 0.03513315749256321, 0.2252467695285137, 0.048535710606648005, 0.15256350393258608, 0.05731075604155054, 0.030923470576165204], [0.08692527277818173, 1.0, 0.09389608437012228, 0.06324970189511435, 0.14078480079198505, 0.05034579519201642, 0.0736958340817355, 0.060136293694440505, 0.041758378859672304, 0.07818007250290977, 0.048261287843698104, 0.0549698740047339, 0.09869167788768528, 0.0733329822547977, 0.051565589580765424, 0.3154688234816281, 0.055952785982300336, 0.18049188769454316, 0.08110692487446881, 0.0452574210918657], [0.03664887580393789, 0.09389608437012228, 1.0, 0.06807974850995485, 0.18929388478466178, 0.07821259447279166, 0.08392594258238951, 0.0999910563945489, 0.02953916197871364, 0.10161460809489038, 0.08841006628312445, 0.039114948432193763, 0.15510413974772802, 0.108668569061266, 0.04808049225530982, 0.3971554434828073, 0.07750763482369222, 0.12616528051064524, 0.09743098821165397, 0.034336707018417005], [0.04267583007987867, 0.06324970189511435, 0.06807974850995485, 1.0, 0.14482697292285593, 0.04937451204298462, 0.0826551256409074, 0.06525564486255665, 0.05017786613823611, 0.08508150372247941, 0.06023931264896959, 0.05163908331822253, 0.09399762980434159, 0.06066747864603939, 0.026619266127129133, 0.22482094382840645, 0.04024816203069984, 0.15590078142260647, 0.059009857524556446, 0.03814312354775396], [0.25013418977256985, 0.14078480079198505, 0.18929388478466178, 0.14482697292285593, 1.0, 0.2992077467643279, 0.21762157852917954, 0.15206056060381007, 0.26180316791162644, 0.21407733134519924, 0.2703538023217745, 0.1958534605670363, 0.24002855039925874, 0.251196860498253, 0.12309291673382486, 1.0, 0.2565244318131179, 0.23334461638596599, 0.20158116020359584, 0.13119795465081657], [0.03461537316295101, 0.05034579519201642, 0.07821259447279166, 0.04937451204298462, 0.2992077467643279, 1.0, 0.07724935067721464, 0.08980336131499114, 0.07685269328614587, 0.08603421618172484, 0.11154552823908367, 0.05672760018158665, 0.14374789717434686, 0.08114470613915876, 0.04576927055074927, 0.31113109580820897, 0.08140844333051975, 0.1397827457971071, 0.08979238129427457, 0.04055816470057588], [0.08699044163575724, 0.0736958340817355, 0.08392594258238951, 0.0826551256409074, 0.21762157852917954, 0.07724935067721464, 1.0, 0.1409042426147417, 0.11013141909550571, 0.11776048509634651, 0.14535766457656563, 0.11757429382329451, 0.14830612263086743, 0.10062878731685086, 0.08406278239710815, 0.6853749937872509, 0.08682704658867403, 0.13987255405571017, 0.13179850914007823, 0.097437026330778], [0.08528415610390543, 0.060136293694440505, 0.0999910563945489, 0.06525564486255665, 0.15206056060381007, 0.08980336131499114, 0.1409042426147417, 1.0, 0.06804082768890077, 0.08732770443136402, 0.148737598949948, 0.1243241105102298, 0.1453312661288015, 0.2005855448493796, 0.07772736525452162, 0.6362565403142206, 0.07897937569198095, 0.14220101186894607, 0.1147671127153708, 0.0646777240786414], [0.030056344663355064, 0.041758378859672304, 0.02953916197871364, 0.05017786613823611, 0.26180316791162644, 0.07685269328614587, 0.11013141909550571, 0.06804082768890077, 1.0, 0.15056576857524293, 0.06125211312499925, 0.07037782325216681, 0.1053009123242363, 0.0707879985350047, 0.05176075071750242, 0.35009010857121986, 0.06490163798149214, 0.2997310351256854, 0.05788665902040492, 0.04472985875680693], [0.10064564612274793, 0.07818007250290977, 0.10161460809489038, 0.08508150372247941, 0.21407733134519924, 0.08603421618172484, 0.11776048509634651, 0.08732770443136402, 0.15056576857524293, 1.0, 0.11868034417110751, 0.16070943395018122, 0.1957759669102608, 0.08228072401507099, 0.0761273962524942, 0.44498993815069304, 0.09491221938692214, 0.18624070481464247, 0.13070964646342176, 0.0886110042313181], [0.08466250388851303, 0.048261287843698104, 0.08841006628312445, 0.06023931264896959, 0.2703538023217745, 0.11154552823908367, 0.14535766457656563, 0.148737598949948, 0.06125211312499925, 0.11868034417110751, 1.0, 0.1037244138494267, 0.16738418777898353, 0.10379941042463918, 0.05001720908563853, 0.44617583392428806, 0.08157881083097185, 0.2898135245261796, 0.07550820797720455, 0.05172630016956803], [0.04800734650318538, 0.0549698740047339, 0.039114948432193763, 0.05163908331822253, 0.1958534605670363, 0.05672760018158665, 0.11757429382329451, 0.1243241105102298, 0.07037782325216681, 0.16070943395018122, 0.1037244138494267, 1.0, 0.11470472009242735, 0.1877773927476573, 0.03924536900099545, 0.4733645856963619, 0.05038291235282974, 0.19786179864231776, 0.0679523195952769, 0.04707202693721574], [0.1180489611131158, 0.09869167788768528, 0.15510413974772802, 0.09399762980434159, 0.24002855039925874, 0.14374789717434686, 0.14830612263086743, 0.1453312661288015, 0.1053009123242363, 0.1957759669102608, 0.16738418777898353, 0.11470472009242735, 1.0, 0.19267649596829547, 0.10849011759385493, 0.4127783864815963, 0.10196837023901764, 0.25308569939055814, 0.08522787935505045, 0.17585298700106272], [0.07299150666972397, 0.0733329822547977, 0.108668569061266, 0.06066747864603939, 0.251196860498253, 0.08114470613915876, 0.10062878731685086, 0.2005855448493796, 0.0707879985350047, 0.08228072401507099, 0.10379941042463918, 0.1877773927476573, 0.19267649596829547, 1.0, 0.1165347061246785, 0.4081670786031207, 0.11039942006319556, 0.2028580420323045, 0.08869052716519839, 0.054485345855815395], [0.03513315749256321, 0.051565589580765424, 0.04808049225530982, 0.026619266127129133, 0.12309291673382486, 0.04576927055074927, 0.08406278239710815, 0.07772736525452162, 0.05176075071750242, 0.0761273962524942, 0.05001720908563853, 0.03924536900099545, 0.10849011759385493, 0.1165347061246785, 1.0, 0.5102913896100074, 0.03384988955939785, 0.16738712334755915, 0.058406384674785095, 0.026554326073096518], [0.2252467695285137, 0.3154688234816281, 0.3971554434828073, 0.22482094382840645, 1.0, 0.31113109580820897, 0.6853749937872509, 0.6362565403142206, 0.35009010857121986, 0.44498993815069304, 0.44617583392428806, 0.4733645856963619, 0.4127783864815963, 0.4081670786031207, 0.5102913896100074, 1.0, 0.1877691328760247, 0.6449327451679292, 0.2663741859718052, 0.33120603058734477], [0.048535710606648005, 0.055952785982300336, 0.07750763482369222, 0.04024816203069984, 0.2565244318131179, 0.08140844333051975, 0.08682704658867403, 0.07897937569198095, 0.06490163798149214, 0.09491221938692214, 0.08157881083097185, 0.05038291235282974, 0.10196837023901764, 0.11039942006319556, 0.03384988955939785, 0.1877691328760247, 1.0, 0.4682906740195976, 0.06878477954066099, 0.0337239628451395], [0.15256350393258608, 0.18049188769454316, 0.12616528051064524, 0.15590078142260647, 0.23334461638596599, 0.1397827457971071, 0.13987255405571017, 0.14220101186894607, 0.2997310351256854, 0.18624070481464247, 0.2898135245261796, 0.19786179864231776, 0.25308569939055814, 0.2028580420323045, 0.16738712334755915, 0.6449327451679292, 0.4682906740195976, 1.0, 0.17632735474307018, 0.13805505470594562], [0.05731075604155054, 0.08110692487446881, 0.09743098821165397, 0.059009857524556446, 0.20158116020359584, 0.08979238129427457, 0.13179850914007823, 0.1147671127153708, 0.05788665902040492, 0.13070964646342176, 0.07550820797720455, 0.0679523195952769, 0.08522787935505045, 0.08869052716519839, 0.058406384674785095, 0.2663741859718052, 0.06878477954066099, 0.17632735474307018, 1.0, 0.0797832205357785], [0.030923470576165204, 0.0452574210918657, 0.034336707018417005, 0.03814312354775396, 0.13119795465081657, 0.04055816470057588, 0.097437026330778, 0.0646777240786414, 0.04472985875680693, 0.0886110042313181, 0.05172630016956803, 0.04707202693721574, 0.17585298700106272, 0.054485345855815395, 0.026554326073096518, 0.33120603058734477, 0.0337239628451395, 0.13805505470594562, 0.0797832205357785, 1.0]], "meta_info": {"source": "pretrained"}}