{"model": "LSING", "dataset": "0.1_dim20_pair_gau", "N": 5000, "seed": 120, "metrics": {"TP": 7, "FP": 15, "FN": 3, "TN": 165, "TPR": 0.7, "FDR": 0.6818181818181818, "FPR": 0.08333333333333333, "Hamming": 18}, "omega": [[1.0, 0.14868380637617826, 0.13812230942178602, 0.12293256103676502, 0.10624638225270519, 0.10399864059747975, 0.08733817161245937, 0.09727122437029435, 0.0903039884740639, 0.14503943502571007, 0.0866404132197913, 0.09134001504274947, 0.10665611594966314, 0.12592973351419692, 0.10111934175835179, 0.1130932726316302, 0.15786008039751462, 0.14773968404302643, 0.12063756021542396, 0.14156584681129686], [0.14868380637617826, 1.0, 0.19465067866465113, 0.10752667787263853, 0.1245060576250573, 0.11882782423214724, 0.09051234868578929, 0.121632406860141, 0.10630482018120936, 0.17871223763498853, 0.1326876655955763, 0.1171600892321682, 0.11786547997452036, 0.11129961402027015, 0.14284424845270757, 0.08774731160697219, 0.23673555866433907, 0.21194398930768535, 0.12181159664222485, 0.1628105564936004], [0.13812230942178602, 0.19465067866465113, 1.0, 0.417284047981921, 0.12296941122198934, 0.20893580511722207, 0.1354016487789613, 0.1005864362495588, 0.13221383235136003, 0.14515138066925787, 0.1155213124639986, 0.18067552809629325, 0.1409486220107556, 0.13395668538390001, 0.17970348594625496, 0.16071255652769653, 0.2029758994190222, 0.1810983255044674, 0.331496907076637, 0.17597987902231374], [0.12293256103676502, 0.10752667787263853, 0.417284047981921, 1.0, 0.08095251128097854, 0.11002959193580335, 0.1078628037535214, 0.08906732208286312, 0.11400081115555968, 0.10331360730246603, 0.07952113306201869, 0.10359216887783429, 0.13619619872957248, 0.10049606706217212, 0.07627609545731215, 0.08363791547974336, 0.20123887053974604, 0.13488013874523647, 0.1322001839673937, 0.17513804958877324], [0.10624638225270519, 0.1245060576250573, 0.12296941122198934, 0.08095251128097854, 1.0, 0.11796435513458074, 0.08601043171766326, 0.09897116377742915, 0.10896088690097545, 0.10136804213241231, 0.08447181684108906, 0.18321754525358055, 0.09684219647258216, 0.1294918849770003, 0.13468344038458122, 0.08304150864098467, 0.292679002325616, 0.21075484168633093, 0.19144457258986244, 0.12388252558257064], [0.10399864059747975, 0.11882782423214724, 0.20893580511722207, 0.11002959193580335, 0.11796435513458074, 1.0, 0.1151439615106723, 0.1448341313657363, 0.1654776755600253, 0.15254021753907726, 0.11614236585521252, 0.11359984303500617, 0.11556585594934818, 0.16314399604022592, 0.11175595223045746, 0.11175931127699103, 0.20367954291539522, 0.1330844619970478, 0.1784623272818003, 0.170840104400611], [0.08733817161245937, 0.09051234868578929, 0.1354016487789613, 0.1078628037535214, 0.08601043171766326, 0.1151439615106723, 1.0, 0.2193838891026318, 0.09224569796436001, 0.11505547049984202, 0.08689382032236155, 0.10785300427704145, 0.08917868982593204, 0.1310514442310868, 0.09520521661371413, 0.09155291267620366, 0.17703653844403475, 0.1226800952798967, 0.12572277742004132, 0.1609516899399229], [0.09727122437029435, 0.121632406860141, 0.1005864362495588, 0.08906732208286312, 0.09897116377742915, 0.1448341313657363, 0.2193838891026318, 1.0, 0.10572562394108767, 0.11180308272341957, 0.1236550449917194, 0.12112589514978242, 0.14689886142047648, 0.11601681246132582, 0.11792637623748357, 0.15455622335969088, 0.1751489755197023, 0.18305186389519082, 0.13403524824509683, 0.19859701204503521], [0.0903039884740639, 0.10630482018120936, 0.13221383235136003, 0.11400081115555968, 0.10896088690097545, 0.1654776755600253, 0.09224569796436001, 0.10572562394108767, 1.0, 0.17397375168801119, 0.11778664170762657, 0.09971219472587796, 0.10500490980634988, 0.10547060729538675, 0.14583332580858752, 0.1723654727146456, 0.2107793663379039, 0.15014926717885024, 0.17468169783404344, 0.161327844458664], [0.14503943502571007, 0.17871223763498853, 0.14515138066925787, 0.10331360730246603, 0.10136804213241231, 0.15254021753907726, 0.11505547049984202, 0.11180308272341957, 0.17397375168801119, 1.0, 0.10900649363290923, 0.1620830113946082, 0.11859692138689758, 0.11574738893728002, 0.10061316414670755, 0.1291182768322443, 0.18109609065495919, 0.18887475300172343, 0.15203200373121445, 0.18152467158276972], [0.0866404132197913, 0.1326876655955763, 0.1155213124639986, 0.07952113306201869, 0.08447181684108906, 0.11614236585521252, 0.08689382032236155, 0.1236550449917194, 0.11778664170762657, 0.10900649363290923, 1.0, 0.4183163317420362, 0.09169490914465384, 0.11527305905983971, 0.08446033558391859, 0.13268177823444757, 0.18195995705910492, 0.22256592652544416, 0.1165482551595316, 0.11932237836892502], [0.09134001504274947, 0.1171600892321682, 0.18067552809629325, 0.10359216887783429, 0.18321754525358055, 0.11359984303500617, 0.10785300427704145, 0.12112589514978242, 0.09971219472587796, 0.1620830113946082, 0.4183163317420362, 1.0, 0.13335161455280545, 0.1490212415628336, 0.10534494103031276, 0.10179094789692625, 0.2501633968455591, 0.14519825381591298, 0.15667328049685572, 0.14312412836354332], [0.10665611594966314, 0.11786547997452036, 0.1409486220107556, 0.13619619872957248, 0.09684219647258216, 0.11556585594934818, 0.08917868982593204, 0.14689886142047648, 0.10500490980634988, 0.11859692138689758, 0.09169490914465384, 0.13335161455280545, 1.0, 0.2961064533135152, 0.09960643893824078, 0.09332290897186159, 0.15242429882973707, 0.1386252769768639, 0.17677168846049768, 0.14981227444724904], [0.12592973351419692, 0.11129961402027015, 0.13395668538390001, 0.10049606706217212, 0.1294918849770003, 0.16314399604022592, 0.1310514442310868, 0.11601681246132582, 0.10547060729538675, 0.11574738893728002, 0.11527305905983971, 0.1490212415628336, 0.2961064533135152, 1.0, 0.09463497783101525, 0.14459472254781297, 0.17724466839853809, 0.1435842409862334, 0.19206605489158804, 0.19976917029527969], [0.10111934175835179, 0.14284424845270757, 0.17970348594625496, 0.07627609545731215, 0.13468344038458122, 0.11175595223045746, 0.09520521661371413, 0.11792637623748357, 0.14583332580858752, 0.10061316414670755, 0.08446033558391859, 0.10534494103031276, 0.09960643893824078, 0.09463497783101525, 1.0, 0.2996147697348318, 0.14990792826362434, 0.13635514393550516, 0.1307476627176319, 0.1787219197254337], [0.1130932726316302, 0.08774731160697219, 0.16071255652769653, 0.08363791547974336, 0.08304150864098467, 0.11175931127699103, 0.09155291267620366, 0.15455622335969088, 0.1723654727146456, 0.1291182768322443, 0.13268177823444757, 0.10179094789692625, 0.09332290897186159, 0.14459472254781297, 0.2996147697348318, 1.0, 0.15761191729030555, 0.1190625330938321, 0.19926288432729566, 0.10440437413956037], [0.15786008039751462, 0.23673555866433907, 0.2029758994190222, 0.20123887053974604, 0.292679002325616, 0.20367954291539522, 0.17703653844403475, 0.1751489755197023, 0.2107793663379039, 0.18109609065495919, 0.18195995705910492, 0.2501633968455591, 0.15242429882973707, 0.17724466839853809, 0.14990792826362434, 0.15761191729030555, 1.0, 1.0, 0.23879207169664501, 0.24818224113273116], [0.14773968404302643, 0.21194398930768535, 0.1810983255044674, 0.13488013874523647, 0.21075484168633093, 0.1330844619970478, 0.1226800952798967, 0.18305186389519082, 0.15014926717885024, 0.18887475300172343, 0.22256592652544416, 0.14519825381591298, 0.1386252769768639, 0.1435842409862334, 0.13635514393550516, 0.1190625330938321, 1.0, 1.0, 0.1882605350896114, 0.25548973851014656], [0.12063756021542396, 0.12181159664222485, 0.331496907076637, 0.1322001839673937, 0.19144457258986244, 0.1784623272818003, 0.12572277742004132, 0.13403524824509683, 0.17468169783404344, 0.15203200373121445, 0.1165482551595316, 0.15667328049685572, 0.17677168846049768, 0.19206605489158804, 0.1307476627176319, 0.19926288432729566, 0.23879207169664501, 0.1882605350896114, 1.0, 0.7072890731877727], [0.14156584681129686, 0.1628105564936004, 0.17597987902231374, 0.17513804958877324, 0.12388252558257064, 0.170840104400611, 0.1609516899399229, 0.19859701204503521, 0.161327844458664, 0.18152467158276972, 0.11932237836892502, 0.14312412836354332, 0.14981227444724904, 0.19976917029527969, 0.1787219197254337, 0.10440437413956037, 0.24818224113273116, 0.25548973851014656, 0.7072890731877727, 1.0]], "meta_info": {"source": "pretrained"}}