{"model": "LSING", "dataset": "dim20_pair_gau", "N": 10000, "seed": 1230, "metrics": {"TP": 10, "FP": 0, "FN": 0, "TN": 180, "TPR": 1.0, "FDR": 0.0, "FPR": 0.0, "Hamming": 0}, "omega": [[1.0, 0.8583480147935124, 0.05114484101859977, 0.05914289686026702, 0.050659076396840946, 0.055067228991594226, 0.054874914820023435, 0.05161568940980011, 0.053265273536957904, 0.04971211777492222, 0.055600609759929774, 0.04831852103022507, 0.06371568986886615, 0.05911482688483088, 0.05635750684459265, 0.05498245889541825, 0.05947050742536584, 0.05250773772201923, 0.05500311857495409, 0.047096389207882096], [0.8583480147935124, 1.0, 0.052318169749067396, 0.05312069676824614, 0.04667538227221403, 0.05480509681894015, 0.05448511002911189, 0.057897506033575984, 0.05975200303081956, 0.053346879014949215, 0.06790326703909674, 0.04909520338292321, 0.06350145905122745, 0.0583754914670827, 0.0642678687766289, 0.062398585344283955, 0.057125040325399126, 0.05023040811353315, 0.04476074557461706, 0.0471400243911623], [0.05114484101859977, 0.052318169749067396, 1.0, 0.9665729971563591, 0.05042713533064586, 0.05360272806277794, 0.05106295887134461, 0.05750224470996071, 0.06151975567467105, 0.05860558807151877, 0.06966130380984917, 0.06679042640731475, 0.061236357541069604, 0.05640117960024202, 0.06342752858355556, 0.0648478700237583, 0.05495728199240781, 0.05040185766537267, 0.05935285809050061, 0.059113011456266226], [0.05914289686026702, 0.05312069676824614, 0.9665729971563591, 1.0, 0.05678120874383082, 0.0589637176473893, 0.059101493817282205, 0.053079083661561, 0.04936017397728421, 0.0513373874557254, 0.05728717876102558, 0.05335558897325563, 0.05299296266793004, 0.0497738730871497, 0.056516607041821626, 0.05929979053472504, 0.05307375350864446, 0.059202303899421695, 0.05742259470300094, 0.05703965199296689], [0.050659076396840946, 0.04667538227221403, 0.05042713533064586, 0.05678120874383082, 1.0, 0.9259912588361332, 0.054458254324333766, 0.046376367695719664, 0.06497035082373116, 0.06038727494082557, 0.061411140786755025, 0.05760194811504479, 0.06289517080836228, 0.058093232459400936, 0.07162720288166682, 0.06012720070930075, 0.048809735353347775, 0.06256934834646873, 0.05228347337397853, 0.051205556259335365], [0.055067228991594226, 0.05480509681894015, 0.05360272806277794, 0.0589637176473893, 0.9259912588361332, 1.0, 0.06665061962165197, 0.05545125788466414, 0.06575367494659669, 0.0538518397016814, 0.05541071046699531, 0.05683963377788232, 0.06738892692275301, 0.06081722580818986, 0.06202859827027196, 0.06322663937264035, 0.06132311043363651, 0.05983618392393363, 0.05474011882213929, 0.05161246330955681], [0.054874914820023435, 0.05448511002911189, 0.05106295887134461, 0.059101493817282205, 0.054458254324333766, 0.06665061962165197, 1.0, 0.9733572827356576, 0.061335738165345856, 0.0582883918840185, 0.05900752532200067, 0.05849237398404997, 0.05888391735095287, 0.05867071977346621, 0.06250171125063196, 0.06165513062860732, 0.059673884951820744, 0.05490482754938362, 0.061050157418662925, 0.053371932953842384], [0.05161568940980011, 0.057897506033575984, 0.05750224470996071, 0.053079083661561, 0.046376367695719664, 0.05545125788466414, 0.9733572827356576, 1.0, 0.05416378942017828, 0.05354651296716732, 0.05828872320400113, 0.058837228558760536, 0.06714791042156963, 0.06180861375664614, 0.06486127994388027, 0.055588964033323605, 0.05858760627720342, 0.055611340086996294, 0.05851252814443704, 0.059541020515278674], [0.053265273536957904, 0.05975200303081956, 0.06151975567467105, 0.04936017397728421, 0.06497035082373116, 0.06575367494659669, 0.061335738165345856, 0.05416378942017828, 1.0, 0.981083746706816, 0.06819862514093737, 0.06440703683201587, 0.059931351319358526, 0.06289919788320278, 0.06501943912404516, 0.06742767428237184, 0.05782497086706808, 0.06157698180857919, 0.05262917845050019, 0.05229599351208527], [0.04971211777492222, 0.053346879014949215, 0.05860558807151877, 0.0513373874557254, 0.06038727494082557, 0.0538518397016814, 0.0582883918840185, 0.05354651296716732, 0.981083746706816, 1.0, 0.06126070102061857, 0.06225988694351154, 0.05469253000092196, 0.05934766285654607, 0.0536976000027544, 0.04566115544681034, 0.05626278519409285, 0.04845934739336019, 0.05472240345007802, 0.05948257157153771], [0.055600609759929774, 0.06790326703909674, 0.06966130380984917, 0.05728717876102558, 0.061411140786755025, 0.05541071046699531, 0.05900752532200067, 0.05828872320400113, 0.06819862514093737, 0.06126070102061857, 1.0, 0.9878750822288378, 0.06303081218455263, 0.06269133216646762, 0.05612771252694485, 0.0618687637040093, 0.06199798532857734, 0.05657975423954317, 0.05334836312353123, 0.06006745381098863], [0.04831852103022507, 0.04909520338292321, 0.06679042640731475, 0.05335558897325563, 0.05760194811504479, 0.05683963377788232, 0.05849237398404997, 0.058837228558760536, 0.06440703683201587, 0.06225988694351154, 0.9878750822288378, 1.0, 0.057106476159361715, 0.051128491914508134, 0.05562233854415185, 0.058034421454648016, 0.05823904911629514, 0.05319620015191807, 0.05659812371239491, 0.05184429336647936], [0.06371568986886615, 0.06350145905122745, 0.061236357541069604, 0.05299296266793004, 0.06289517080836228, 0.06738892692275301, 0.05888391735095287, 0.06714791042156963, 0.059931351319358526, 0.05469253000092196, 0.06303081218455263, 0.057106476159361715, 1.0, 0.9766205318050515, 0.07614002697340877, 0.0696376263859354, 0.055498047439119236, 0.05360173922633491, 0.05912055325545861, 0.0656997483498352], [0.05911482688483088, 0.0583754914670827, 0.05640117960024202, 0.0497738730871497, 0.058093232459400936, 0.06081722580818986, 0.05867071977346621, 0.06180861375664614, 0.06289919788320278, 0.05934766285654607, 0.06269133216646762, 0.051128491914508134, 0.9766205318050515, 1.0, 0.06596815510813983, 0.05746078360058719, 0.0626209761973713, 0.05048455444990472, 0.06238074188460053, 0.049624558784253224], [0.05635750684459265, 0.0642678687766289, 0.06342752858355556, 0.056516607041821626, 0.07162720288166682, 0.06202859827027196, 0.06250171125063196, 0.06486127994388027, 0.06501943912404516, 0.0536976000027544, 0.05612771252694485, 0.05562233854415185, 0.07614002697340877, 0.06596815510813983, 1.0, 0.9768458567186036, 0.055099631744329074, 0.06182794986408639, 0.05883000783254102, 0.06285191988794854], [0.05498245889541825, 0.062398585344283955, 0.0648478700237583, 0.05929979053472504, 0.06012720070930075, 0.06322663937264035, 0.06165513062860732, 0.055588964033323605, 0.06742767428237184, 0.04566115544681034, 0.0618687637040093, 0.058034421454648016, 0.0696376263859354, 0.05746078360058719, 0.9768458567186036, 1.0, 0.0598497373021924, 0.05124466397213119, 0.0449522160757166, 0.051910675203619014], [0.05947050742536584, 0.057125040325399126, 0.05495728199240781, 0.05307375350864446, 0.048809735353347775, 0.06132311043363651, 0.059673884951820744, 0.05858760627720342, 0.05782497086706808, 0.05626278519409285, 0.06199798532857734, 0.05823904911629514, 0.055498047439119236, 0.0626209761973713, 0.055099631744329074, 0.0598497373021924, 1.0, 0.9357207536268539, 0.05235155621474038, 0.051962666823368496], [0.05250773772201923, 0.05023040811353315, 0.05040185766537267, 0.059202303899421695, 0.06256934834646873, 0.05983618392393363, 0.05490482754938362, 0.055611340086996294, 0.06157698180857919, 0.04845934739336019, 0.05657975423954317, 0.05319620015191807, 0.05360173922633491, 0.05048455444990472, 0.06182794986408639, 0.05124466397213119, 0.9357207536268539, 1.0, 0.052179382540876965, 0.06387966081140688], [0.05500311857495409, 0.04476074557461706, 0.05935285809050061, 0.05742259470300094, 0.05228347337397853, 0.05474011882213929, 0.061050157418662925, 0.05851252814443704, 0.05262917845050019, 0.05472240345007802, 0.05334836312353123, 0.05659812371239491, 0.05912055325545861, 0.06238074188460053, 0.05883000783254102, 0.0449522160757166, 0.05235155621474038, 0.052179382540876965, 1.0, 1.0], [0.047096389207882096, 0.0471400243911623, 0.059113011456266226, 0.05703965199296689, 0.051205556259335365, 0.05161246330955681, 0.053371932953842384, 0.059541020515278674, 0.05229599351208527, 0.05948257157153771, 0.06006745381098863, 0.05184429336647936, 0.0656997483498352, 0.049624558784253224, 0.06285191988794854, 0.051910675203619014, 0.051962666823368496, 0.06387966081140688, 1.0, 1.0]], "meta_info": {"source": "pretrained"}}