{"model": "LSING", "dataset": "dim20_pair_gau", "N": 10000, "seed": 120, "metrics": {"TP": 10, "FP": 0, "FN": 0, "TN": 180, "TPR": 1.0, "FDR": 0.0, "FPR": 0.0, "Hamming": 0}, "omega": [[1.0, 0.8364584916616474, 0.05098183573854974, 0.05037895264757573, 0.051379689566587027, 0.047641199015277316, 0.0513700095344774, 0.04818165459378386, 0.04216948518974409, 0.04759761632912573, 0.043613732455505344, 0.048600987401918025, 0.04380817679976464, 0.04821714804485249, 0.05228443927431833, 0.045232059287395064, 0.047335947929542245, 0.05342119899982018, 0.05083493497182422, 0.055145814580820476], [0.8364584916616474, 1.0, 0.050336622633576716, 0.0647380936249099, 0.06145542277588542, 0.06149649206713962, 0.051056448627431986, 0.04750267569483695, 0.05570414086398183, 0.04857810278841601, 0.04641641733445793, 0.04484288560791117, 0.05551596632095921, 0.05104744323495209, 0.05176627900596182, 0.05245773954311794, 0.051806387056502534, 0.0492611633376287, 0.051469205711824347, 0.06323483873826481], [0.05098183573854974, 0.050336622633576716, 1.0, 0.9382298795734448, 0.055562553488134846, 0.05313639480825679, 0.04926807718624459, 0.042769402442536804, 0.0491594618159766, 0.05218648771853172, 0.05239568235789352, 0.05090746919779004, 0.056885980685791954, 0.05183213446060517, 0.05014389950593837, 0.042681021430805356, 0.05480116389666183, 0.049372462775349575, 0.05496352180048855, 0.058079464884218314], [0.05037895264757573, 0.0647380936249099, 0.9382298795734448, 1.0, 0.05214539266538235, 0.04812830492912645, 0.0501707997548498, 0.05207540242656443, 0.05442904137154269, 0.057376137774100125, 0.057630475304389674, 0.05632806498283485, 0.056671886455992755, 0.0574441121446211, 0.06107370233469751, 0.05507186667085727, 0.04974903405774065, 0.05325417980308638, 0.05813498176830679, 0.054254432076444814], [0.051379689566587027, 0.06145542277588542, 0.055562553488134846, 0.05214539266538235, 1.0, 0.9353163638012397, 0.04999436136519496, 0.04306042974190188, 0.05414060153252362, 0.056055301257025916, 0.0516411599216014, 0.056094135703874226, 0.05933521880350424, 0.05648173146727904, 0.054816356974337545, 0.049417009922451544, 0.06612369393631969, 0.05348878372167673, 0.056414022766301995, 0.05345753293271869], [0.047641199015277316, 0.06149649206713962, 0.05313639480825679, 0.04812830492912645, 0.9353163638012397, 1.0, 0.04985026703492437, 0.03718225922546347, 0.05706677122561186, 0.06169443197854962, 0.0419155888319093, 0.052926971532075366, 0.059703382047359636, 0.05162546770720679, 0.05488988142314892, 0.05057129256702343, 0.0512055810183265, 0.04992896318419085, 0.05979679145900432, 0.054266082893534844], [0.0513700095344774, 0.051056448627431986, 0.04926807718624459, 0.0501707997548498, 0.04999436136519496, 0.04985026703492437, 1.0, 0.7775873572984222, 0.05158669283474105, 0.043940509214772286, 0.04480565966939245, 0.0488001365122825, 0.05755902307802093, 0.049599305923020365, 0.04992363691236473, 0.047957445599894066, 0.05345272350891439, 0.05268281639085123, 0.04679139298946699, 0.05170723918270903], [0.04818165459378386, 0.04750267569483695, 0.042769402442536804, 0.05207540242656443, 0.04306042974190188, 0.03718225922546347, 0.7775873572984222, 1.0, 0.04296338790303841, 0.042873641510863016, 0.04645909996439706, 0.049376707047578614, 0.05909497947034574, 0.04924974437759519, 0.048177457014989815, 0.04352556075917214, 0.05252458361048839, 0.04724331459498952, 0.055016177504094856, 0.05535391755987451], [0.04216948518974409, 0.05570414086398183, 0.0491594618159766, 0.05442904137154269, 0.05414060153252362, 0.05706677122561186, 0.05158669283474105, 0.04296338790303841, 1.0, 0.9375814526720495, 0.05299420202787334, 0.04900290838915507, 0.048870754697295155, 0.055545038619657046, 0.05330526725132429, 0.05304679654697862, 0.058141224197529845, 0.04975961897641808, 0.051455682326979245, 0.05470214322222571], [0.04759761632912573, 0.04857810278841601, 0.05218648771853172, 0.057376137774100125, 0.056055301257025916, 0.06169443197854962, 0.043940509214772286, 0.042873641510863016, 0.9375814526720495, 1.0, 0.05065749508849469, 0.051890056861655015, 0.06235962343322594, 0.0583765252974082, 0.04991734939982513, 0.04306313796113148, 0.0486697394596494, 0.04952032478278858, 0.05319412721532977, 0.05432281702717004], [0.043613732455505344, 0.04641641733445793, 0.05239568235789352, 0.057630475304389674, 0.0516411599216014, 0.0419155888319093, 0.04480565966939245, 0.04645909996439706, 0.05299420202787334, 0.05065749508849469, 1.0, 0.8097541490820264, 0.05331067241895437, 0.042797669682010625, 0.04307983005908233, 0.046598444445245926, 0.05445585145382103, 0.046136042578745096, 0.044953341343565274, 0.05323018742809211], [0.048600987401918025, 0.04484288560791117, 0.05090746919779004, 0.05632806498283485, 0.056094135703874226, 0.052926971532075366, 0.0488001365122825, 0.049376707047578614, 0.04900290838915507, 0.051890056861655015, 0.8097541490820264, 1.0, 0.04807674088582792, 0.058426078302765125, 0.04900412563870179, 0.04613905350024294, 0.05287501461987551, 0.049030172524835755, 0.05403098949893629, 0.04958810110874044], [0.04380817679976464, 0.05551596632095921, 0.056885980685791954, 0.056671886455992755, 0.05933521880350424, 0.059703382047359636, 0.05755902307802093, 0.05909497947034574, 0.048870754697295155, 0.06235962343322594, 0.05331067241895437, 0.04807674088582792, 1.0, 0.9143489634186241, 0.05408319597949559, 0.04832592442696528, 0.05355095683542941, 0.05388390839894459, 0.06194723667607663, 0.06235206875746773], [0.04821714804485249, 0.05104744323495209, 0.05183213446060517, 0.0574441121446211, 0.05648173146727904, 0.05162546770720679, 0.049599305923020365, 0.04924974437759519, 0.055545038619657046, 0.0583765252974082, 0.042797669682010625, 0.058426078302765125, 0.9143489634186241, 1.0, 0.04754992462069474, 0.046408167087530164, 0.06308519754994073, 0.05792393227249284, 0.04879178482789251, 0.052597232154864025], [0.05228443927431833, 0.05176627900596182, 0.05014389950593837, 0.06107370233469751, 0.054816356974337545, 0.05488988142314892, 0.04992363691236473, 0.048177457014989815, 0.05330526725132429, 0.04991734939982513, 0.04307983005908233, 0.04900412563870179, 0.05408319597949559, 0.04754992462069474, 1.0, 0.8453952930956575, 0.05610094006443565, 0.05129361585459162, 0.06316120480139897, 0.06351337634882842], [0.045232059287395064, 0.05245773954311794, 0.042681021430805356, 0.05507186667085727, 0.049417009922451544, 0.05057129256702343, 0.047957445599894066, 0.04352556075917214, 0.05304679654697862, 0.04306313796113148, 0.046598444445245926, 0.04613905350024294, 0.04832592442696528, 0.046408167087530164, 0.8453952930956575, 1.0, 0.05826601803796376, 0.048160758476565174, 0.05026311911630517, 0.0527103880591555], [0.047335947929542245, 0.051806387056502534, 0.05480116389666183, 0.04974903405774065, 0.06612369393631969, 0.0512055810183265, 0.05345272350891439, 0.05252458361048839, 0.058141224197529845, 0.0486697394596494, 0.05445585145382103, 0.05287501461987551, 0.05355095683542941, 0.06308519754994073, 0.05610094006443565, 0.05826601803796376, 1.0, 1.0, 0.06475874178388759, 0.07257189629703671], [0.05342119899982018, 0.0492611633376287, 0.049372462775349575, 0.05325417980308638, 0.05348878372167673, 0.04992896318419085, 0.05268281639085123, 0.04724331459498952, 0.04975961897641808, 0.04952032478278858, 0.046136042578745096, 0.049030172524835755, 0.05388390839894459, 0.05792393227249284, 0.05129361585459162, 0.048160758476565174, 1.0, 1.0, 0.06533938591885724, 0.05579167978376496], [0.05083493497182422, 0.051469205711824347, 0.05496352180048855, 0.05813498176830679, 0.056414022766301995, 0.05979679145900432, 0.04679139298946699, 0.055016177504094856, 0.051455682326979245, 0.05319412721532977, 0.044953341343565274, 0.05403098949893629, 0.06194723667607663, 0.04879178482789251, 0.06316120480139897, 0.05026311911630517, 0.06475874178388759, 0.06533938591885724, 1.0, 0.9415556371921389], [0.055145814580820476, 0.06323483873826481, 0.058079464884218314, 0.054254432076444814, 0.05345753293271869, 0.054266082893534844, 0.05170723918270903, 0.05535391755987451, 0.05470214322222571, 0.05432281702717004, 0.05323018742809211, 0.04958810110874044, 0.06235206875746773, 0.052597232154864025, 0.06351337634882842, 0.0527103880591555, 0.07257189629703671, 0.05579167978376496, 0.9415556371921389, 1.0]], "meta_info": {"source": "pretrained"}}