{"model": "LSING", "dataset": "dim20_pair_gau", "N": 10000, "seed": 1234560, "metrics": {"TP": 10, "FP": 0, "FN": 0, "TN": 180, "TPR": 1.0, "FDR": 0.0, "FPR": 0.0, "Hamming": 0}, "omega": [[1.0, 0.896790738812831, 0.048953929810602266, 0.04768319245705241, 0.056669333992818906, 0.04166583106462936, 0.05409419407970267, 0.05292644912194316, 0.04901442317564652, 0.05112610397474377, 0.046567587066309875, 0.05293873647211415, 0.05308427956819144, 0.04580903487057973, 0.03578761741253127, 0.04905994404115386, 0.053337315310393, 0.043194667775386116, 0.044888912020546, 0.047396384836233825], [0.896790738812831, 1.0, 0.04863259360240679, 0.05762533550532971, 0.05639897062007236, 0.04809801386551796, 0.06004524011655688, 0.061984554660827265, 0.057942123127169155, 0.06220413354193516, 0.05432979885227749, 0.05311093271748397, 0.061930738333871055, 0.05381224339572596, 0.04804750938945564, 0.054907946012676866, 0.050484604956958404, 0.053295201301064375, 0.04999461936736001, 0.06010541679731838], [0.048953929810602266, 0.04863259360240679, 1.0, 0.8695605040856406, 0.05766983964761346, 0.04216824401218692, 0.05778360430929571, 0.0643282883682543, 0.05903836577416013, 0.0624514172975062, 0.06101963931913652, 0.05533594315406452, 0.05197010092348071, 0.05798418546695691, 0.052431748270050434, 0.05013577888626018, 0.051068365762959506, 0.04583555301236224, 0.060284828444056915, 0.05852448385528859], [0.04768319245705241, 0.05762533550532971, 0.8695605040856406, 1.0, 0.06001993870912393, 0.04942887289676967, 0.05546475865297467, 0.050105250521402335, 0.050496010591415834, 0.05779292482776509, 0.05498904885749111, 0.054215032468206095, 0.04840350919253802, 0.052903826196838574, 0.04555524908665586, 0.05011742786545406, 0.04414222715162235, 0.044971214932115956, 0.05280318059825941, 0.04983594387410457], [0.056669333992818906, 0.05639897062007236, 0.05766983964761346, 0.06001993870912393, 1.0, 0.9460954014668655, 0.05386779648595919, 0.05997332944973952, 0.06053962428416685, 0.05028117864103054, 0.048978954535977656, 0.051268843581538964, 0.05611067291636543, 0.045647367544231925, 0.04859193467401947, 0.05182223936510175, 0.05402376849549551, 0.04922513823035596, 0.05209534622379261, 0.0612265524956935], [0.04166583106462936, 0.04809801386551796, 0.04216824401218692, 0.04942887289676967, 0.9460954014668655, 1.0, 0.048936115486317454, 0.046588069872366765, 0.050982902675599504, 0.04973478491363546, 0.04615483410623855, 0.05968763689094812, 0.04910097965716173, 0.0475393994583272, 0.048481880218723634, 0.05595063401393475, 0.04963102914204774, 0.05562439419963468, 0.05101383772974678, 0.056163149168777765], [0.05409419407970267, 0.06004524011655688, 0.05778360430929571, 0.05546475865297467, 0.05386779648595919, 0.048936115486317454, 1.0, 0.9327268711534193, 0.06152829594734256, 0.06251423745864904, 0.05617109294399683, 0.056360626820467934, 0.05878685011651581, 0.04957961461536234, 0.049439805171562344, 0.05594210687293165, 0.05046372212864961, 0.05349286062952729, 0.061134897397225885, 0.05064120033450394], [0.05292644912194316, 0.061984554660827265, 0.0643282883682543, 0.050105250521402335, 0.05997332944973952, 0.046588069872366765, 0.9327268711534193, 1.0, 0.05503616647848731, 0.0618006627648674, 0.049632549226604976, 0.05235754580908154, 0.04703926663760549, 0.048248498903165654, 0.05152403111010388, 0.04874866005879687, 0.04610020440070346, 0.0548727707226594, 0.06176879932574383, 0.06019008817397149], [0.04901442317564652, 0.057942123127169155, 0.05903836577416013, 0.050496010591415834, 0.06053962428416685, 0.050982902675599504, 0.06152829594734256, 0.05503616647848731, 1.0, 1.0, 0.05220068375003473, 0.055928252768940694, 0.05794466993550628, 0.05180619847280038, 0.05124647733737935, 0.046339584383280626, 0.05615379198160196, 0.048403464190034676, 0.052384123954201826, 0.051448640249694956], [0.05112610397474377, 0.06220413354193516, 0.0624514172975062, 0.05779292482776509, 0.05028117864103054, 0.04973478491363546, 0.06251423745864904, 0.0618006627648674, 1.0, 1.0, 0.055448641089741686, 0.05307337729506767, 0.05982757300846122, 0.051551689315304315, 0.051577225735810264, 0.05643636270006913, 0.05476366131993369, 0.04982918516480677, 0.0514138349802605, 0.060627922529237224], [0.046567587066309875, 0.05432979885227749, 0.06101963931913652, 0.05498904885749111, 0.048978954535977656, 0.04615483410623855, 0.05617109294399683, 0.049632549226604976, 0.05220068375003473, 0.055448641089741686, 1.0, 0.8567624055034101, 0.05064384048136651, 0.04313801462396015, 0.050342342043346734, 0.04689820212399015, 0.04936931291697986, 0.04175405263876812, 0.053980577759605505, 0.05172544731421593], [0.05293873647211415, 0.05311093271748397, 0.05533594315406452, 0.054215032468206095, 0.051268843581538964, 0.05968763689094812, 0.056360626820467934, 0.05235754580908154, 0.055928252768940694, 0.05307337729506767, 0.8567624055034101, 1.0, 0.04503024654918138, 0.041845727738348326, 0.05029224592333323, 0.04831325417195207, 0.05109849577232483, 0.05412847765345027, 0.0451411710528751, 0.050843478253216966], [0.05308427956819144, 0.061930738333871055, 0.05197010092348071, 0.04840350919253802, 0.05611067291636543, 0.04910097965716173, 0.05878685011651581, 0.04703926663760549, 0.05794466993550628, 0.05982757300846122, 0.05064384048136651, 0.04503024654918138, 1.0, 0.8352255541468253, 0.04631823319558523, 0.05473760320374088, 0.045636800289744116, 0.04858322085596548, 0.05587604819830778, 0.06810997539756478], [0.04580903487057973, 0.05381224339572596, 0.05798418546695691, 0.052903826196838574, 0.045647367544231925, 0.0475393994583272, 0.04957961461536234, 0.048248498903165654, 0.05180619847280038, 0.051551689315304315, 0.04313801462396015, 0.041845727738348326, 0.8352255541468253, 1.0, 0.0449773736080359, 0.04250226092576776, 0.04760835162723985, 0.041557765053277365, 0.04472737303467068, 0.05220872753081678], [0.03578761741253127, 0.04804750938945564, 0.052431748270050434, 0.04555524908665586, 0.04859193467401947, 0.048481880218723634, 0.049439805171562344, 0.05152403111010388, 0.05124647733737935, 0.051577225735810264, 0.050342342043346734, 0.05029224592333323, 0.04631823319558523, 0.0449773736080359, 1.0, 0.8932786501137103, 0.04793369972527005, 0.04493271612388892, 0.0448954457173271, 0.0511628943546033], [0.04905994404115386, 0.054907946012676866, 0.05013577888626018, 0.05011742786545406, 0.05182223936510175, 0.05595063401393475, 0.05594210687293165, 0.04874866005879687, 0.046339584383280626, 0.05643636270006913, 0.04689820212399015, 0.04831325417195207, 0.05473760320374088, 0.04250226092576776, 0.8932786501137103, 1.0, 0.052917423619884565, 0.04621768260229089, 0.05455562974783077, 0.05630662881673898], [0.053337315310393, 0.050484604956958404, 0.051068365762959506, 0.04414222715162235, 0.05402376849549551, 0.04963102914204774, 0.05046372212864961, 0.04610020440070346, 0.05615379198160196, 0.05476366131993369, 0.04936931291697986, 0.05109849577232483, 0.045636800289744116, 0.04760835162723985, 0.04793369972527005, 0.052917423619884565, 1.0, 0.8741239579353668, 0.048597174965519414, 0.049975484969643914], [0.043194667775386116, 0.053295201301064375, 0.04583555301236224, 0.044971214932115956, 0.04922513823035596, 0.05562439419963468, 0.05349286062952729, 0.0548727707226594, 0.048403464190034676, 0.04982918516480677, 0.04175405263876812, 0.05412847765345027, 0.04858322085596548, 0.041557765053277365, 0.04493271612388892, 0.04621768260229089, 0.8741239579353668, 1.0, 0.06267791823033142, 0.04819045400765493], [0.044888912020546, 0.04999461936736001, 0.060284828444056915, 0.05280318059825941, 0.05209534622379261, 0.05101383772974678, 0.061134897397225885, 0.06176879932574383, 0.052384123954201826, 0.0514138349802605, 0.053980577759605505, 0.0451411710528751, 0.05587604819830778, 0.04472737303467068, 0.0448954457173271, 0.05455562974783077, 0.048597174965519414, 0.06267791823033142, 1.0, 0.9292758791862396], [0.047396384836233825, 0.06010541679731838, 0.05852448385528859, 0.04983594387410457, 0.0612265524956935, 0.056163149168777765, 0.05064120033450394, 0.06019008817397149, 0.051448640249694956, 0.060627922529237224, 0.05172544731421593, 0.050843478253216966, 0.06810997539756478, 0.05220872753081678, 0.0511628943546033, 0.05630662881673898, 0.049975484969643914, 0.04819045400765493, 0.9292758791862396, 1.0]], "meta_info": {"source": "pretrained"}}