{"model": "LSING", "dataset": "dim20_cop_gau", "N": 20000, "seed": 1234560, "metrics": {"TP": 19, "FP": 0, "FN": 0, "TN": 171, "TPR": 1.0, "FDR": 0.0, "FPR": 0.0, "Hamming": 0}, "omega": [[1.0, 0.5749100022109555, 0.04092803209684176, 0.04236764678220017, 0.036648923608587854, 0.041814101964502595, 0.05281011497041662, 0.032608217046311984, 0.035500735616610775, 0.030613444469786217, 0.04424710125301435, 0.039048865797871646, 0.03298394491098535, 0.03610688844322801, 0.03528046899919402, 0.03919353610025819, 0.03374708365501424, 0.037410075000178185, 0.03860666438100853, 0.03261866126649317], [0.5749100022109555, 1.0, 0.4857709147455149, 0.039188050502365956, 0.03896919948607962, 0.03914825752979481, 0.05243769132314256, 0.04368898931342156, 0.03748711906299871, 0.03841026780665948, 0.041696160461724495, 0.03886250816617009, 0.03265185498902568, 0.03370350885752534, 0.04415275080621986, 0.04519330374420047, 0.04267391030721846, 0.04275854442605941, 0.037921050751603604, 0.0336828305185473], [0.04092803209684176, 0.4857709147455149, 1.0, 0.4987880525524044, 0.03896423741950568, 0.041672036689662614, 0.03985600528263307, 0.031244352520713288, 0.0338966919139798, 0.03703506010249751, 0.041664204385597974, 0.03011137104696197, 0.0361058390844014, 0.03404969508984936, 0.03816053303497314, 0.039769333295173716, 0.032719547818101484, 0.03832160157819159, 0.043318926149459855, 0.03225495051214589], [0.04236764678220017, 0.039188050502365956, 0.4987880525524044, 1.0, 0.5141829410203945, 0.05614677983050224, 0.04780344605397362, 0.039459475084722063, 0.04172548280792955, 0.03639398452228337, 0.044740993350895084, 0.03128009616223255, 0.032886448683901046, 0.03213537182590309, 0.03858713872940676, 0.04145945082777098, 0.03902914152583552, 0.042480924723103365, 0.033228336448558986, 0.03132651249483725], [0.036648923608587854, 0.03896919948607962, 0.03896423741950568, 0.5141829410203945, 1.0, 0.6133751340332022, 0.04938495724420756, 0.040056970126972326, 0.03746341319751547, 0.03556181771469799, 0.03812856662599165, 0.03214343948944197, 0.03185645821988624, 0.03718814134882682, 0.0347286348430409, 0.035297844268867756, 0.04395125554199232, 0.04636754775211817, 0.039661926712081505, 0.03267713604084382], [0.041814101964502595, 0.03914825752979481, 0.041672036689662614, 0.05614677983050224, 0.6133751340332022, 1.0, 1.0, 0.04440916863887956, 0.04146387214160167, 0.043908962018519265, 0.03804703236364067, 0.0334545479018665, 0.04097026362318501, 0.04142682196797664, 0.048305382853493305, 0.048683611269068575, 0.03936614988675926, 0.04302861770060489, 0.04604744509001469, 0.03263890562556261], [0.05281011497041662, 0.05243769132314256, 0.03985600528263307, 0.04780344605397362, 0.04938495724420756, 1.0, 1.0, 0.8170403161732381, 0.042123800589749766, 0.0465216117677643, 0.05027642086216093, 0.03739179388355238, 0.04386203707983122, 0.05261031429440359, 0.04903670788517522, 0.04855251259763308, 0.04431134864900631, 0.04067637656222664, 0.05253090745208072, 0.044049193785650184], [0.032608217046311984, 0.04368898931342156, 0.031244352520713288, 0.039459475084722063, 0.040056970126972326, 0.04440916863887956, 0.8170403161732381, 1.0, 0.5361119044702668, 0.04425611494683016, 0.04708003484110108, 0.03210077283509513, 0.031962414758998144, 0.029752203304514984, 0.0387303268411531, 0.041333440513359014, 0.04294270345584309, 0.03366651494055513, 0.03824446337158137, 0.027157495983871856], [0.035500735616610775, 0.03748711906299871, 0.0338966919139798, 0.04172548280792955, 0.03746341319751547, 0.04146387214160167, 0.042123800589749766, 0.5361119044702668, 1.0, 0.5462531837133485, 0.04259873763924188, 0.03809261632737306, 0.029808782574026776, 0.03005946107980006, 0.03545401848311705, 0.03531204275968678, 0.04065450994492745, 0.036170947551640575, 0.039566285806511205, 0.033546676784843174], [0.030613444469786217, 0.03841026780665948, 0.03703506010249751, 0.03639398452228337, 0.03556181771469799, 0.043908962018519265, 0.0465216117677643, 0.04425611494683016, 0.5462531837133485, 1.0, 0.6002223924301119, 0.03479622204737705, 0.031258352391097956, 0.03518428963707045, 0.03821671735980621, 0.04169675058255259, 0.038429287148367894, 0.03991428028845437, 0.03929026999226496, 0.03279896269708933], [0.04424710125301435, 0.041696160461724495, 0.041664204385597974, 0.044740993350895084, 0.03812856662599165, 0.03804703236364067, 0.05027642086216093, 0.04708003484110108, 0.04259873763924188, 0.6002223924301119, 1.0, 0.6269898506932767, 0.03868966935304975, 0.03869697123722611, 0.03766413464571552, 0.043668470559647996, 0.036375102951974506, 0.037260969606821, 0.03982914674829004, 0.034120961938648595], [0.039048865797871646, 0.03886250816617009, 0.03011137104696197, 0.03128009616223255, 0.03214343948944197, 0.0334545479018665, 0.03739179388355238, 0.03210077283509513, 0.03809261632737306, 0.03479622204737705, 0.6269898506932767, 1.0, 0.5143892490988464, 0.034393550689330935, 0.028570006442558034, 0.03707807118534324, 0.03666560428078884, 0.028376366444295056, 0.03023327692176223, 0.024102861807718007], [0.03298394491098535, 0.03265185498902568, 0.0361058390844014, 0.032886448683901046, 0.03185645821988624, 0.04097026362318501, 0.04386203707983122, 0.031962414758998144, 0.029808782574026776, 0.031258352391097956, 0.03868966935304975, 0.5143892490988464, 1.0, 0.5049900249832819, 0.040170129814090905, 0.03758990456373088, 0.045476209276519394, 0.03333541812076725, 0.03499733384787583, 0.025679181312378757], [0.03610688844322801, 0.03370350885752534, 0.03404969508984936, 0.03213537182590309, 0.03718814134882682, 0.04142682196797664, 0.05261031429440359, 0.029752203304514984, 0.03005946107980006, 0.03518428963707045, 0.03869697123722611, 0.034393550689330935, 0.5049900249832819, 1.0, 0.544300007766633, 0.041275069067558026, 0.03710456577357245, 0.032208746577115505, 0.03116214317850449, 0.02559695819303], [0.03528046899919402, 0.04415275080621986, 0.03816053303497314, 0.03858713872940676, 0.0347286348430409, 0.048305382853493305, 0.04903670788517522, 0.0387303268411531, 0.03545401848311705, 0.03821671735980621, 0.03766413464571552, 0.028570006442558034, 0.040170129814090905, 0.544300007766633, 1.0, 0.616483513980417, 0.04261638271123974, 0.03406655256867978, 0.03976562035595574, 0.028455381212176698], [0.03919353610025819, 0.04519330374420047, 0.039769333295173716, 0.04145945082777098, 0.035297844268867756, 0.048683611269068575, 0.04855251259763308, 0.041333440513359014, 0.03531204275968678, 0.04169675058255259, 0.043668470559647996, 0.03707807118534324, 0.03758990456373088, 0.041275069067558026, 0.616483513980417, 1.0, 0.6954564682422963, 0.060452338131280495, 0.03302696747478104, 0.026767574220759455], [0.03374708365501424, 0.04267391030721846, 0.032719547818101484, 0.03902914152583552, 0.04395125554199232, 0.03936614988675926, 0.04431134864900631, 0.04294270345584309, 0.04065450994492745, 0.038429287148367894, 0.036375102951974506, 0.03666560428078884, 0.045476209276519394, 0.03710456577357245, 0.04261638271123974, 0.6954564682422963, 1.0, 0.6316830242343199, 0.051226184744025516, 0.03348943506451853], [0.037410075000178185, 0.04275854442605941, 0.03832160157819159, 0.042480924723103365, 0.04636754775211817, 0.04302861770060489, 0.04067637656222664, 0.03366651494055513, 0.036170947551640575, 0.03991428028845437, 0.037260969606821, 0.028376366444295056, 0.03333541812076725, 0.032208746577115505, 0.03406655256867978, 0.060452338131280495, 0.6316830242343199, 1.0, 0.5970315333383641, 0.03625429810027568], [0.03860666438100853, 0.037921050751603604, 0.043318926149459855, 0.033228336448558986, 0.039661926712081505, 0.04604744509001469, 0.05253090745208072, 0.03824446337158137, 0.039566285806511205, 0.03929026999226496, 0.03982914674829004, 0.03023327692176223, 0.03499733384787583, 0.03116214317850449, 0.03976562035595574, 0.03302696747478104, 0.051226184744025516, 0.5970315333383641, 1.0, 0.5773169236697216], [0.03261866126649317, 0.0336828305185473, 0.03225495051214589, 0.03132651249483725, 0.03267713604084382, 0.03263890562556261, 0.044049193785650184, 0.027157495983871856, 0.033546676784843174, 0.03279896269708933, 0.034120961938648595, 0.024102861807718007, 0.025679181312378757, 0.02559695819303, 0.028455381212176698, 0.026767574220759455, 0.03348943506451853, 0.03625429810027568, 0.5773169236697216, 1.0]], "meta_info": {"source": "pretrained"}}