{"model": "LSING", "dataset": "0.3_dim20_pair_gau", "N": 10000, "seed": 1234560, "metrics": {"TP": 10, "FP": 0, "FN": 0, "TN": 180, "TPR": 1.0, "FDR": 0.0, "FPR": 0.0, "Hamming": 0}, "omega": [[1.0, 0.8461530932381107, 0.09557661902730386, 0.0900943080176152, 0.07912546774505054, 0.1172436806952402, 0.10767207770208119, 0.0897241361406764, 0.07798913929660825, 0.09665998990689077, 0.10804192146176482, 0.08019422350350837, 0.08990963361604212, 0.09754696314466865, 0.07740968144330306, 0.08159774506254716, 0.10672540936909793, 0.09130909263855702, 0.08652241245509076, 0.07989605389949896], [0.8461530932381107, 1.0, 0.09345429822704121, 0.09191600111510927, 0.08711478088819094, 0.08819371662352352, 0.07590452417414444, 0.06687554092075974, 0.07581260407156364, 0.07922461754986415, 0.10104607785094633, 0.10758759307018137, 0.0616469257237299, 0.07582116014609071, 0.06971525117031083, 0.09598354003682298, 0.07979321972720131, 0.07903749617215074, 0.12020437445034798, 0.10486036308409932], [0.09557661902730386, 0.09345429822704121, 1.0, 0.8653195899882372, 0.07517738853011523, 0.07955264304344037, 0.10508773165801186, 0.12971632961943158, 0.0791754416714075, 0.08674242063599935, 0.09952829084811793, 0.09761893204974159, 0.06678344563693255, 0.09195322295898943, 0.08830224557665685, 0.08687903420165245, 0.0866948797825092, 0.07002109260065113, 0.09574926431662341, 0.07207681672073075], [0.0900943080176152, 0.09191600111510927, 0.8653195899882372, 1.0, 0.08524178749204565, 0.07925977614795325, 0.10061266832470804, 0.08287842563868636, 0.08655269934613684, 0.11505612295494526, 0.0793322622548013, 0.08419463742064512, 0.05740318783598373, 0.09107733341086541, 0.07618674950407579, 0.1110571800041474, 0.08935192882449357, 0.08459805480523605, 0.08110038047809554, 0.09234963309372395], [0.07912546774505054, 0.08711478088819094, 0.07517738853011523, 0.08524178749204565, 1.0, 0.9378799069490608, 0.10404735526147253, 0.0720001012380765, 0.07485954023275904, 0.08935818251692496, 0.07322250207225511, 0.05938467959806059, 0.07451393822079297, 0.07966594916135676, 0.07702701052346558, 0.06793721713233883, 0.09506470049612664, 0.10065035731857863, 0.07636761440870311, 0.10356058497144668], [0.1172436806952402, 0.08819371662352352, 0.07955264304344037, 0.07925977614795325, 0.9378799069490608, 1.0, 0.0917774800203286, 0.08970477166131127, 0.0854523970600516, 0.10447007038971565, 0.07382770600747324, 0.1402737803703663, 0.06261539995090921, 0.09130073399051401, 0.06709688937723612, 0.07494130538435745, 0.0858608724555508, 0.1177880383442051, 0.07902136559420744, 0.09485663800783041], [0.10767207770208119, 0.07590452417414444, 0.10508773165801186, 0.10061266832470804, 0.10404735526147253, 0.0917774800203286, 1.0, 0.8342882843097977, 0.11243862038417436, 0.11938991234531052, 0.09820885906801086, 0.11282638824408596, 0.075637264327835, 0.08995573965170453, 0.09987338678092769, 0.11686310916970497, 0.078419142520833, 0.09645630694975482, 0.109295396112271, 0.08196041473309207], [0.0897241361406764, 0.06687554092075974, 0.12971632961943158, 0.08287842563868636, 0.0720001012380765, 0.08970477166131127, 0.8342882843097977, 1.0, 0.07220293053421804, 0.07942283095919551, 0.0802751016262559, 0.09631051444292074, 0.09512038588724753, 0.09644411934018311, 0.07969873308032786, 0.07053291102825897, 0.06818951705633575, 0.0677969775929505, 0.08908590636952783, 0.11692813199932499], [0.07798913929660825, 0.07581260407156364, 0.0791754416714075, 0.08655269934613684, 0.07485954023275904, 0.0854523970600516, 0.11243862038417436, 0.07220293053421804, 1.0, 1.0, 0.08928102769082732, 0.0693886326880153, 0.070732795611068, 0.08612937803516803, 0.06281894387530992, 0.06559030563221388, 0.09095570479341715, 0.06989880218738312, 0.09374249084196934, 0.08830020179544872], [0.09665998990689077, 0.07922461754986415, 0.08674242063599935, 0.11505612295494526, 0.08935818251692496, 0.10447007038971565, 0.11938991234531052, 0.07942283095919551, 1.0, 1.0, 0.09764899092710187, 0.0940561431313758, 0.07840135467268558, 0.0824469542287774, 0.07854104086178762, 0.08121821628252626, 0.07524862334234607, 0.07640031212737837, 0.07438359225084477, 0.09074100766299498], [0.10804192146176482, 0.10104607785094633, 0.09952829084811793, 0.0793322622548013, 0.07322250207225511, 0.07382770600747324, 0.09820885906801086, 0.0802751016262559, 0.08928102769082732, 0.09764899092710187, 1.0, 0.9602975006897136, 0.06345776870656535, 0.07949700770410417, 0.08795684933313894, 0.09303317919459872, 0.09893489357277692, 0.0835231955097009, 0.09528423318508068, 0.08240221349457512], [0.08019422350350837, 0.10758759307018137, 0.09761893204974159, 0.08419463742064512, 0.05938467959806059, 0.1402737803703663, 0.11282638824408596, 0.09631051444292074, 0.0693886326880153, 0.0940561431313758, 0.9602975006897136, 1.0, 0.10937588494335984, 0.08648864418435412, 0.08864842318414683, 0.10250873559359482, 0.09405980525362218, 0.10201976858635207, 0.09387857886388322, 0.09672168429282901], [0.08990963361604212, 0.0616469257237299, 0.06678344563693255, 0.05740318783598373, 0.07451393822079297, 0.06261539995090921, 0.075637264327835, 0.09512038588724753, 0.070732795611068, 0.07840135467268558, 0.06345776870656535, 0.10937588494335984, 1.0, 0.6761445541811903, 0.05416826035256655, 0.07455978287491312, 0.0567374379252205, 0.06061972963049192, 0.08441086113050031, 0.07664161039103524], [0.09754696314466865, 0.07582116014609071, 0.09195322295898943, 0.09107733341086541, 0.07966594916135676, 0.09130073399051401, 0.08995573965170453, 0.09644411934018311, 0.08612937803516803, 0.0824469542287774, 0.07949700770410417, 0.08648864418435412, 0.6761445541811903, 1.0, 0.07594132335850945, 0.07917597833776555, 0.08163496968708203, 0.08506985961163997, 0.09310956655999779, 0.10321041712445513], [0.07740968144330306, 0.06971525117031083, 0.08830224557665685, 0.07618674950407579, 0.07702701052346558, 0.06709688937723612, 0.09987338678092769, 0.07969873308032786, 0.06281894387530992, 0.07854104086178762, 0.08795684933313894, 0.08864842318414683, 0.05416826035256655, 0.07594132335850945, 1.0, 0.7738975360329472, 0.0794567910951068, 0.07438577784544284, 0.11378744368451252, 0.08464146916714409], [0.08159774506254716, 0.09598354003682298, 0.08687903420165245, 0.1110571800041474, 0.06793721713233883, 0.07494130538435745, 0.11686310916970497, 0.07053291102825897, 0.06559030563221388, 0.08121821628252626, 0.09303317919459872, 0.10250873559359482, 0.07455978287491312, 0.07917597833776555, 0.7738975360329472, 1.0, 0.09519706800204532, 0.1087172979991165, 0.10708355213378322, 0.10156509261293051], [0.10672540936909793, 0.07979321972720131, 0.0866948797825092, 0.08935192882449357, 0.09506470049612664, 0.0858608724555508, 0.078419142520833, 0.06818951705633575, 0.09095570479341715, 0.07524862334234607, 0.09893489357277692, 0.09405980525362218, 0.0567374379252205, 0.08163496968708203, 0.0794567910951068, 0.09519706800204532, 1.0, 0.8932951563530998, 0.09082106827325925, 0.10261248182063568], [0.09130909263855702, 0.07903749617215074, 0.07002109260065113, 0.08459805480523605, 0.10065035731857863, 0.1177880383442051, 0.09645630694975482, 0.0677969775929505, 0.06989880218738312, 0.07640031212737837, 0.0835231955097009, 0.10201976858635207, 0.06061972963049192, 0.08506985961163997, 0.07438577784544284, 0.1087172979991165, 0.8932951563530998, 1.0, 0.0678387263426903, 0.08364732949703829], [0.08652241245509076, 0.12020437445034798, 0.09574926431662341, 0.08110038047809554, 0.07636761440870311, 0.07902136559420744, 0.109295396112271, 0.08908590636952783, 0.09374249084196934, 0.07438359225084477, 0.09528423318508068, 0.09387857886388322, 0.08441086113050031, 0.09310956655999779, 0.11378744368451252, 0.10708355213378322, 0.09082106827325925, 0.0678387263426903, 1.0, 0.9899985411573156], [0.07989605389949896, 0.10486036308409932, 0.07207681672073075, 0.09234963309372395, 0.10356058497144668, 0.09485663800783041, 0.08196041473309207, 0.11692813199932499, 0.08830020179544872, 0.09074100766299498, 0.08240221349457512, 0.09672168429282901, 0.07664161039103524, 0.10321041712445513, 0.08464146916714409, 0.10156509261293051, 0.10261248182063568, 0.08364732949703829, 0.9899985411573156, 1.0]], "meta_info": {"source": "pretrained"}}