{"model": "LSING", "dataset": "0.3_dim20_pair_gau", "N": 10000, "seed": 120, "metrics": {"TP": 10, "FP": 0, "FN": 0, "TN": 180, "TPR": 1.0, "FDR": 0.0, "FPR": 0.0, "Hamming": 0}, "omega": [[1.0, 0.8260759195211939, 0.09063105040453971, 0.09366860033030816, 0.08145186092433654, 0.08994244871038286, 0.0863129313814482, 0.1007509043468893, 0.08136287649376611, 0.08389171203015296, 0.10401409725525028, 0.10004091546047048, 0.07394341530837668, 0.08716370533368994, 0.08864641515052225, 0.07698448326651623, 0.08966066600880525, 0.08982872113975236, 0.08631058248370195, 0.09596183663992239], [0.8260759195211939, 1.0, 0.08280075796910857, 0.10699218605684944, 0.07198463918656119, 0.07761816751879576, 0.08753693827704673, 0.08891080963167966, 0.08333053538160617, 0.06813404381431915, 0.11456697740564435, 0.06897976657355678, 0.10531219274344922, 0.10049870075131992, 0.08270204314991056, 0.07223525116476631, 0.09044689044413554, 0.08679034219124994, 0.07879320627348287, 0.10498315574603521], [0.09063105040453971, 0.08280075796910857, 1.0, 0.9136321990049091, 0.08422686838447829, 0.07876453590393302, 0.08524998340891682, 0.06624938817059384, 0.07429205922487395, 0.08262471552297454, 0.0849930235611237, 0.07650709105658353, 0.11835371942750156, 0.08328865379079572, 0.11489003055947854, 0.09181089058256107, 0.08571368611524241, 0.09301200369650608, 0.08397016362060332, 0.07702279899672095], [0.09366860033030816, 0.10699218605684944, 0.9136321990049091, 1.0, 0.08563032150224362, 0.06966601405571908, 0.08218066756396686, 0.08025011275772032, 0.09988269700311683, 0.08825689935039054, 0.09986853718853562, 0.07887591989106556, 0.09675197767624588, 0.09055148282194747, 0.08873107644010496, 0.09771748093492168, 0.09849874717659303, 0.0829363802427132, 0.10867537854772308, 0.09377001213051572], [0.08145186092433654, 0.07198463918656119, 0.08422686838447829, 0.08563032150224362, 1.0, 0.8394291800102127, 0.07910884605094595, 0.06882253390926181, 0.08112464671408762, 0.08286783706820829, 0.09237173509058944, 0.07961476780284871, 0.10381983756596204, 0.09031219550685833, 0.08712570048701047, 0.06867791195617012, 0.09200944418447142, 0.10422961659484141, 0.0806008345453008, 0.07635715485519715], [0.08994244871038286, 0.07761816751879576, 0.07876453590393302, 0.06966601405571908, 0.8394291800102127, 1.0, 0.07577151406462576, 0.0852117792779263, 0.09386745418724715, 0.08485141744393924, 0.07819681210148718, 0.0755308556734766, 0.09705434511859298, 0.0822757474373313, 0.10254633907599507, 0.07639155929865697, 0.08128140641028438, 0.08800359304830001, 0.08840775225960774, 0.08340285167240032], [0.0863129313814482, 0.08753693827704673, 0.08524998340891682, 0.08218066756396686, 0.07910884605094595, 0.07577151406462576, 1.0, 0.7649179346144243, 0.09088431419264388, 0.07961214522131527, 0.08687116127931557, 0.08582814439501343, 0.09701111636583983, 0.08149465390872952, 0.09288704446210476, 0.07282466507162692, 0.06986063245676721, 0.07420180734608524, 0.07864101151657125, 0.08064099697678792], [0.1007509043468893, 0.08891080963167966, 0.06624938817059384, 0.08025011275772032, 0.06882253390926181, 0.0852117792779263, 0.7649179346144243, 1.0, 0.08785646808426154, 0.07582946594227935, 0.09092790165715693, 0.06657065307987685, 0.10189489194879055, 0.08232596708371612, 0.083957714993973, 0.06093214263986602, 0.0666310548259943, 0.07701756977639897, 0.0930010324309017, 0.09231154591440378], [0.08136287649376611, 0.08333053538160617, 0.07429205922487395, 0.09988269700311683, 0.08112464671408762, 0.09386745418724715, 0.09088431419264388, 0.08785646808426154, 1.0, 0.8721013485819098, 0.07595337295551834, 0.08336562004884772, 0.09795420146808448, 0.09519980531995367, 0.10873647114611883, 0.08689967487854074, 0.11491153200807885, 0.09735235753446259, 0.07575746053501047, 0.0868165387782186], [0.08389171203015296, 0.06813404381431915, 0.08262471552297454, 0.08825689935039054, 0.08286783706820829, 0.08485141744393924, 0.07961214522131527, 0.07582946594227935, 0.8721013485819098, 1.0, 0.08252332232263601, 0.08271803372302929, 0.1040652043811003, 0.08785597120204598, 0.09928102578256451, 0.07388132628842568, 0.08182717705302485, 0.08828364064780941, 0.09968520093661713, 0.07247613806859216], [0.10401409725525028, 0.11456697740564435, 0.0849930235611237, 0.09986853718853562, 0.09237173509058944, 0.07819681210148718, 0.08687116127931557, 0.09092790165715693, 0.07595337295551834, 0.08252332232263601, 1.0, 0.9282942525639442, 0.11239474121545191, 0.07986218326070456, 0.0942723999073025, 0.08832996760731837, 0.11141412423462602, 0.08541040727931276, 0.1059307553022062, 0.09385779022672326], [0.10004091546047048, 0.06897976657355678, 0.07650709105658353, 0.07887591989106556, 0.07961476780284871, 0.0755308556734766, 0.08582814439501343, 0.06657065307987685, 0.08336562004884772, 0.08271803372302929, 0.9282942525639442, 1.0, 0.09528189982761004, 0.07766843499341522, 0.08474476313778898, 0.09433641002801205, 0.07637686274499801, 0.07965019523910524, 0.07462212984358127, 0.07663627777550328], [0.07394341530837668, 0.10531219274344922, 0.11835371942750156, 0.09675197767624588, 0.10381983756596204, 0.09705434511859298, 0.09701111636583983, 0.10189489194879055, 0.09795420146808448, 0.1040652043811003, 0.11239474121545191, 0.09528189982761004, 1.0, 0.8814062997480069, 0.105217747922756, 0.09308652274321837, 0.10569792745591927, 0.08904138602652847, 0.0938080621483057, 0.07608192727889103], [0.08716370533368994, 0.10049870075131992, 0.08328865379079572, 0.09055148282194747, 0.09031219550685833, 0.0822757474373313, 0.08149465390872952, 0.08232596708371612, 0.09519980531995367, 0.08785597120204598, 0.07986218326070456, 0.07766843499341522, 0.8814062997480069, 1.0, 0.09273674423471019, 0.09493382187855616, 0.09995274145276499, 0.08266230851541118, 0.09428439947995192, 0.09572561830322344], [0.08864641515052225, 0.08270204314991056, 0.11489003055947854, 0.08873107644010496, 0.08712570048701047, 0.10254633907599507, 0.09288704446210476, 0.083957714993973, 0.10873647114611883, 0.09928102578256451, 0.0942723999073025, 0.08474476313778898, 0.105217747922756, 0.09273674423471019, 1.0, 0.823828332604431, 0.0921055204793911, 0.08416124804653546, 0.0883319896787945, 0.11129388405271037], [0.07698448326651623, 0.07223525116476631, 0.09181089058256107, 0.09771748093492168, 0.06867791195617012, 0.07639155929865697, 0.07282466507162692, 0.06093214263986602, 0.08689967487854074, 0.07388132628842568, 0.08832996760731837, 0.09433641002801205, 0.09308652274321837, 0.09493382187855616, 0.823828332604431, 1.0, 0.08396919377028954, 0.09639731537355488, 0.110563525652578, 0.08102180538108879], [0.08966066600880525, 0.09044689044413554, 0.08571368611524241, 0.09849874717659303, 0.09200944418447142, 0.08128140641028438, 0.06986063245676721, 0.0666310548259943, 0.11491153200807885, 0.08182717705302485, 0.11141412423462602, 0.07637686274499801, 0.10569792745591927, 0.09995274145276499, 0.0921055204793911, 0.08396919377028954, 1.0, 1.0, 0.10482274516126001, 0.10893453318006191], [0.08982872113975236, 0.08679034219124994, 0.09301200369650608, 0.0829363802427132, 0.10422961659484141, 0.08800359304830001, 0.07420180734608524, 0.07701756977639897, 0.09735235753446259, 0.08828364064780941, 0.08541040727931276, 0.07965019523910524, 0.08904138602652847, 0.08266230851541118, 0.08416124804653546, 0.09639731537355488, 1.0, 1.0, 0.09244581571181741, 0.08531880026720891], [0.08631058248370195, 0.07879320627348287, 0.08397016362060332, 0.10867537854772308, 0.0806008345453008, 0.08840775225960774, 0.07864101151657125, 0.0930010324309017, 0.07575746053501047, 0.09968520093661713, 0.1059307553022062, 0.07462212984358127, 0.0938080621483057, 0.09428439947995192, 0.0883319896787945, 0.110563525652578, 0.10482274516126001, 0.09244581571181741, 1.0, 0.9972749385024559], [0.09596183663992239, 0.10498315574603521, 0.07702279899672095, 0.09377001213051572, 0.07635715485519715, 0.08340285167240032, 0.08064099697678792, 0.09231154591440378, 0.0868165387782186, 0.07247613806859216, 0.09385779022672326, 0.07663627777550328, 0.07608192727889103, 0.09572561830322344, 0.11129388405271037, 0.08102180538108879, 0.10893453318006191, 0.08531880026720891, 0.9972749385024559, 1.0]], "meta_info": {"source": "pretrained"}}