{"model": "LSING", "dataset": "0.3_dim20_pair_gau", "N": 10000, "seed": 1230, "metrics": {"TP": 10, "FP": 0, "FN": 0, "TN": 180, "TPR": 1.0, "FDR": 0.0, "FPR": 0.0, "Hamming": 0}, "omega": [[1.0, 0.6771809454745669, 0.07950626830657088, 0.10707420332022835, 0.09767526390881463, 0.0875420183628877, 0.10413101358385286, 0.07542480652890596, 0.11186040773010647, 0.08048774158435586, 0.08989082678286962, 0.07903814177659273, 0.07939056456119219, 0.09631098342166905, 0.11617165574100363, 0.09086552680699393, 0.08360215412936041, 0.10139212288304428, 0.1088032821910821, 0.0840464327331709], [0.6771809454745669, 1.0, 0.06600549846144205, 0.06814206625740843, 0.06507736455623474, 0.060952599762100275, 0.08979400682752203, 0.0653588637576702, 0.07680265668419464, 0.06212022943171825, 0.08804450011185133, 0.07104404259812458, 0.0655962956355171, 0.055689434255444224, 0.06373589490512566, 0.06523219979673651, 0.08074464141962785, 0.07809942594925297, 0.08659153169123038, 0.07920691983181084], [0.07950626830657088, 0.06600549846144205, 1.0, 0.7646847330409566, 0.07781149833305905, 0.08726180072692452, 0.07709938541266799, 0.07657454317698043, 0.108421437442538, 0.1278279106060629, 0.09014083241352275, 0.09832893950241002, 0.09442731635907929, 0.10766161837611306, 0.10629719377718747, 0.08421398841168355, 0.0640594695994759, 0.07055667199866528, 0.10068915076698554, 0.08603254268395344], [0.10707420332022835, 0.06814206625740843, 0.7646847330409566, 1.0, 0.08495441157657341, 0.08302172334795711, 0.10782979167654004, 0.06724741518023257, 0.10162939006171402, 0.07151409919658507, 0.06969217631145734, 0.06463179151982877, 0.08769946562940223, 0.06935735060456745, 0.09790606407135624, 0.08638392065814779, 0.06890570685942839, 0.08225078194022466, 0.11605731848411042, 0.09031941006978181], [0.09767526390881463, 0.06507736455623474, 0.07781149833305905, 0.08495441157657341, 1.0, 0.8242623957644643, 0.09062169224863498, 0.07694419761299012, 0.1323074966165642, 0.09380851581624727, 0.09548586627834993, 0.10310128859400965, 0.08601528015144748, 0.0842723716965617, 0.13509133989903857, 0.10430923096066189, 0.07539630327755892, 0.06673201998640985, 0.0744003081645129, 0.1048060228677396], [0.0875420183628877, 0.060952599762100275, 0.08726180072692452, 0.08302172334795711, 0.8242623957644643, 1.0, 0.10637652731208513, 0.08844956744437481, 0.10015440341984666, 0.0827313792860233, 0.07294537107403998, 0.10129942298055031, 0.10613046159456062, 0.08320772276088689, 0.07707275818788577, 0.08562349169008243, 0.10103023761603211, 0.08125651616853881, 0.1167907702416421, 0.09641532807067307], [0.10413101358385286, 0.08979400682752203, 0.07709938541266799, 0.10782979167654004, 0.09062169224863498, 0.10637652731208513, 1.0, 0.8943421426942966, 0.11167645933661724, 0.09366574736389703, 0.09912329392754546, 0.09125554217877989, 0.07695076756610397, 0.0947294338387553, 0.09961182771494344, 0.10854017268214627, 0.07867073394029647, 0.09972479848335115, 0.09972382315541142, 0.10018511466953749], [0.07542480652890596, 0.0653588637576702, 0.07657454317698043, 0.06724741518023257, 0.07694419761299012, 0.08844956744437481, 0.8943421426942966, 1.0, 0.0705539930636118, 0.08442732016774776, 0.06075908852263726, 0.09779969928400739, 0.05654641296926965, 0.07525996066654252, 0.07697011971942012, 0.07396194586395692, 0.069112113529778, 0.06847825587935917, 0.08706679690116852, 0.08355726330988607], [0.11186040773010647, 0.07680265668419464, 0.108421437442538, 0.10162939006171402, 0.1323074966165642, 0.10015440341984666, 0.11167645933661724, 0.0705539930636118, 1.0, 0.9148828887972155, 0.09473277929079134, 0.08974856014832479, 0.08347281638022254, 0.1076725760182434, 0.10163386524716837, 0.08536922961506961, 0.08517369823726176, 0.08687449259786312, 0.09235226627920637, 0.09338278388383965], [0.08048774158435586, 0.06212022943171825, 0.1278279106060629, 0.07151409919658507, 0.09380851581624727, 0.0827313792860233, 0.09366574736389703, 0.08442732016774776, 0.9148828887972155, 1.0, 0.0752037107506935, 0.0768612020948253, 0.06953583304411472, 0.08675147517964872, 0.08693444567177357, 0.06372594089860613, 0.06881924236484467, 0.08873532051674532, 0.09740295698020435, 0.08500545030752013], [0.08989082678286962, 0.08804450011185133, 0.09014083241352275, 0.06969217631145734, 0.09548586627834993, 0.07294537107403998, 0.09912329392754546, 0.06075908852263726, 0.09473277929079134, 0.0752037107506935, 1.0, 0.8617984087836048, 0.07757484362945435, 0.07267396741747943, 0.07809461364517037, 0.10856466911132401, 0.0745406498774247, 0.06240419912081109, 0.08516461662169625, 0.08445988170975698], [0.07903814177659273, 0.07104404259812458, 0.09832893950241002, 0.06463179151982877, 0.10310128859400965, 0.10129942298055031, 0.09125554217877989, 0.09779969928400739, 0.08974856014832479, 0.0768612020948253, 0.8617984087836048, 1.0, 0.07320028937233679, 0.06843960304121971, 0.0928034725421561, 0.07251469816631759, 0.08158664794887968, 0.06404381031052259, 0.0807839504810513, 0.08225075363255359], [0.07939056456119219, 0.0655962956355171, 0.09442731635907929, 0.08769946562940223, 0.08601528015144748, 0.10613046159456062, 0.07695076756610397, 0.05654641296926965, 0.08347281638022254, 0.06953583304411472, 0.07757484362945435, 0.07320028937233679, 1.0, 0.8625179794886115, 0.08497576070741261, 0.10487176872052167, 0.07238246274103158, 0.06081928864531345, 0.08269655313032814, 0.09923677680745716], [0.09631098342166905, 0.055689434255444224, 0.10766161837611306, 0.06935735060456745, 0.0842723716965617, 0.08320772276088689, 0.0947294338387553, 0.07525996066654252, 0.1076725760182434, 0.08675147517964872, 0.07267396741747943, 0.06843960304121971, 0.8625179794886115, 1.0, 0.08369561833897339, 0.07097320908482309, 0.08588701552038579, 0.08449394355833313, 0.08797723851195446, 0.08781515650765771], [0.11617165574100363, 0.06373589490512566, 0.10629719377718747, 0.09790606407135624, 0.13509133989903857, 0.07707275818788577, 0.09961182771494344, 0.07697011971942012, 0.10163386524716837, 0.08693444567177357, 0.07809461364517037, 0.0928034725421561, 0.08497576070741261, 0.08369561833897339, 1.0, 0.9139981659923128, 0.08081819504277711, 0.08169295869431104, 0.09205256009842093, 0.10581683833330527], [0.09086552680699393, 0.06523219979673651, 0.08421398841168355, 0.08638392065814779, 0.10430923096066189, 0.08562349169008243, 0.10854017268214627, 0.07396194586395692, 0.08536922961506961, 0.06372594089860613, 0.10856466911132401, 0.07251469816631759, 0.10487176872052167, 0.07097320908482309, 0.9139981659923128, 1.0, 0.07262853360540539, 0.07145127675419756, 0.0793985884992294, 0.08698446789998626], [0.08360215412936041, 0.08074464141962785, 0.0640594695994759, 0.06890570685942839, 0.07539630327755892, 0.10103023761603211, 0.07867073394029647, 0.069112113529778, 0.08517369823726176, 0.06881924236484467, 0.0745406498774247, 0.08158664794887968, 0.07238246274103158, 0.08588701552038579, 0.08081819504277711, 0.07262853360540539, 1.0, 0.7643736574700979, 0.07640537910806584, 0.08656014620428305], [0.10139212288304428, 0.07809942594925297, 0.07055667199866528, 0.08225078194022466, 0.06673201998640985, 0.08125651616853881, 0.09972479848335115, 0.06847825587935917, 0.08687449259786312, 0.08873532051674532, 0.06240419912081109, 0.06404381031052259, 0.06081928864531345, 0.08449394355833313, 0.08169295869431104, 0.07145127675419756, 0.7643736574700979, 1.0, 0.07910824443729558, 0.10580167571530809], [0.1088032821910821, 0.08659153169123038, 0.10068915076698554, 0.11605731848411042, 0.0744003081645129, 0.1167907702416421, 0.09972382315541142, 0.08706679690116852, 0.09235226627920637, 0.09740295698020435, 0.08516461662169625, 0.0807839504810513, 0.08269655313032814, 0.08797723851195446, 0.09205256009842093, 0.0793985884992294, 0.07640537910806584, 0.07910824443729558, 1.0, 1.0], [0.0840464327331709, 0.07920691983181084, 0.08603254268395344, 0.09031941006978181, 0.1048060228677396, 0.09641532807067307, 0.10018511466953749, 0.08355726330988607, 0.09338278388383965, 0.08500545030752013, 0.08445988170975698, 0.08225075363255359, 0.09923677680745716, 0.08781515650765771, 0.10581683833330527, 0.08698446789998626, 0.08656014620428305, 0.10580167571530809, 1.0, 1.0]], "meta_info": {"source": "pretrained"}}