{"model": "LSING", "dataset": "0.5_dim20_pair_gau", "N": 10000, "seed": 120, "metrics": {"TP": 10, "FP": 0, "FN": 0, "TN": 180, "TPR": 1.0, "FDR": 0.0, "FPR": 0.0, "Hamming": 0}, "omega": [[1.0, 0.8641441654767531, 0.0726019736405641, 0.05539517720101698, 0.06422137802713514, 0.061940071221305563, 0.06551287913505613, 0.06072977597643512, 0.06706851554916853, 0.060983827211274565, 0.08306802767608085, 0.08001745064877935, 0.061095451144817674, 0.06064739380850267, 0.06767119446233426, 0.06549713042848117, 0.07564984082885351, 0.07932326746366213, 0.06108265468281615, 0.07040050246845411], [0.8641441654767531, 1.0, 0.0666499474873005, 0.07314758262967677, 0.05855870501335527, 0.06777237709527713, 0.0757515439958439, 0.06651034740034069, 0.06876126420369008, 0.05869950692157185, 0.07637794548273409, 0.05422075797922559, 0.06831428621003242, 0.06346766258778909, 0.060561054050826575, 0.06643421164097849, 0.07352070602788634, 0.07482750420254694, 0.06140960109740825, 0.0921194564399758], [0.0726019736405641, 0.0666499474873005, 1.0, 0.8642543145638282, 0.06671402675953267, 0.06778381608613511, 0.06545709013302196, 0.054877174377885266, 0.055010573985749614, 0.06510081264550713, 0.06260255541391133, 0.06994762253728708, 0.0696229598382466, 0.06528050916395087, 0.07930665375197879, 0.08059021926731261, 0.07224626006493406, 0.054092397855399724, 0.07272446754980541, 0.06941418230735392], [0.05539517720101698, 0.07314758262967677, 0.8642543145638282, 1.0, 0.06201272909877185, 0.06174606256819251, 0.05484938959728016, 0.06194896367795069, 0.07694727449393374, 0.08225818897018973, 0.07068713811401328, 0.057622958307264105, 0.06457206232527662, 0.05692487111679049, 0.06972351221672997, 0.07289702458655818, 0.06566501031371873, 0.06864050030466552, 0.06431737318106522, 0.06936340727298336], [0.06422137802713514, 0.05855870501335527, 0.06671402675953267, 0.06201272909877185, 1.0, 0.8373966765432048, 0.0539824554509611, 0.054003845828021674, 0.05687600981053581, 0.05373197395696715, 0.060143029487743464, 0.05402554495321828, 0.05509861058235512, 0.04949450402801494, 0.0533462327113802, 0.06168211598110972, 0.07017422325603233, 0.0582839242755646, 0.06577183206550972, 0.05356655895354285], [0.061940071221305563, 0.06777237709527713, 0.06778381608613511, 0.06174606256819251, 0.8373966765432048, 1.0, 0.06253065026950395, 0.052499308506240794, 0.07283166949558209, 0.06951346652200584, 0.06010702333115253, 0.05171668428997625, 0.0759182986089493, 0.0569237560512083, 0.06488865164330558, 0.06201671730816534, 0.06739381360594347, 0.07515718852416349, 0.080493912813609, 0.06284189135535839], [0.06551287913505613, 0.0757515439958439, 0.06545709013302196, 0.05484938959728016, 0.0539824554509611, 0.06253065026950395, 1.0, 0.7700557787954843, 0.06466361507834037, 0.06424427387031353, 0.055123466083124184, 0.06444890499028846, 0.06077621577871383, 0.060202510709222536, 0.06504192850720021, 0.05952112653774433, 0.06834620719500532, 0.0636496326152345, 0.06736820282047801, 0.06650764266460359], [0.06072977597643512, 0.06651034740034069, 0.054877174377885266, 0.06194896367795069, 0.054003845828021674, 0.052499308506240794, 0.7700557787954843, 1.0, 0.062163071579555466, 0.05456179453602555, 0.06291657268135253, 0.06342431281850815, 0.059334122129535406, 0.05635860662221374, 0.07239325224569615, 0.05716068324686684, 0.06490256572252677, 0.049505562824887245, 0.07184284617810634, 0.0667271549344076], [0.06706851554916853, 0.06876126420369008, 0.055010573985749614, 0.07694727449393374, 0.05687600981053581, 0.07283166949558209, 0.06466361507834037, 0.062163071579555466, 1.0, 0.8234600000204131, 0.06162819222607916, 0.055463058413106024, 0.07563159151754047, 0.07092139629685955, 0.06893931491595416, 0.07369993049339484, 0.08590523167337408, 0.07331796056801491, 0.062023157641184656, 0.07015214648848753], [0.060983827211274565, 0.05869950692157185, 0.06510081264550713, 0.08225818897018973, 0.05373197395696715, 0.06951346652200584, 0.06424427387031353, 0.05456179453602555, 0.8234600000204131, 1.0, 0.052772371992002146, 0.07057943604728899, 0.07205043719756717, 0.06769623112936496, 0.07547373701599264, 0.06042908335995542, 0.07088872513046522, 0.05522159695763159, 0.0738501173242917, 0.07198861867614924], [0.08306802767608085, 0.07637794548273409, 0.06260255541391133, 0.07068713811401328, 0.060143029487743464, 0.06010702333115253, 0.055123466083124184, 0.06291657268135253, 0.06162819222607916, 0.052772371992002146, 1.0, 0.8273191373832243, 0.062032603803164645, 0.0526850575088057, 0.06003172450888633, 0.061097653207969685, 0.06335236429626348, 0.0651301998544546, 0.05618363318475999, 0.07261859245552241], [0.08001745064877935, 0.05422075797922559, 0.06994762253728708, 0.057622958307264105, 0.05402554495321828, 0.05171668428997625, 0.06444890499028846, 0.06342431281850815, 0.055463058413106024, 0.07057943604728899, 0.8273191373832243, 1.0, 0.07877031486185945, 0.055087329793021375, 0.0579954029699019, 0.05790854012654081, 0.06265155195695285, 0.06496366723381063, 0.05810958874748281, 0.06867587110352197], [0.061095451144817674, 0.06831428621003242, 0.0696229598382466, 0.06457206232527662, 0.05509861058235512, 0.0759182986089493, 0.06077621577871383, 0.059334122129535406, 0.07563159151754047, 0.07205043719756717, 0.062032603803164645, 0.07877031486185945, 1.0, 0.8607275841198331, 0.06007648023042307, 0.06041786636155887, 0.0803696965490634, 0.06899792602904989, 0.07469644444625895, 0.06332679433699782], [0.06064739380850267, 0.06346766258778909, 0.06528050916395087, 0.05692487111679049, 0.04949450402801494, 0.0569237560512083, 0.060202510709222536, 0.05635860662221374, 0.07092139629685955, 0.06769623112936496, 0.0526850575088057, 0.055087329793021375, 0.8607275841198331, 1.0, 0.0584849728965066, 0.06566006013699231, 0.05929335972066714, 0.05805811966771556, 0.058225389711593516, 0.06067467591652267], [0.06767119446233426, 0.060561054050826575, 0.07930665375197879, 0.06972351221672997, 0.0533462327113802, 0.06488865164330558, 0.06504192850720021, 0.07239325224569615, 0.06893931491595416, 0.07547373701599264, 0.06003172450888633, 0.0579954029699019, 0.06007648023042307, 0.0584849728965066, 1.0, 0.857611116157683, 0.07078361552742857, 0.07415326206439721, 0.06893022853485996, 0.07595096977534363], [0.06549713042848117, 0.06643421164097849, 0.08059021926731261, 0.07289702458655818, 0.06168211598110972, 0.06201671730816534, 0.05952112653774433, 0.05716068324686684, 0.07369993049339484, 0.06042908335995542, 0.061097653207969685, 0.05790854012654081, 0.06041786636155887, 0.06566006013699231, 0.857611116157683, 1.0, 0.07520753743507358, 0.06643087665078187, 0.0667900298337455, 0.06858139927717213], [0.07564984082885351, 0.07352070602788634, 0.07224626006493406, 0.06566501031371873, 0.07017422325603233, 0.06739381360594347, 0.06834620719500532, 0.06490256572252677, 0.08590523167337408, 0.07088872513046522, 0.06335236429626348, 0.06265155195695285, 0.0803696965490634, 0.05929335972066714, 0.07078361552742857, 0.07520753743507358, 1.0, 1.0, 0.06577101043823863, 0.09634078853763614], [0.07932326746366213, 0.07482750420254694, 0.054092397855399724, 0.06864050030466552, 0.0582839242755646, 0.07515718852416349, 0.0636496326152345, 0.049505562824887245, 0.07331796056801491, 0.05522159695763159, 0.0651301998544546, 0.06496366723381063, 0.06899792602904989, 0.05805811966771556, 0.07415326206439721, 0.06643087665078187, 1.0, 1.0, 0.06006419154428163, 0.07160561533758675], [0.06108265468281615, 0.06140960109740825, 0.07272446754980541, 0.06431737318106522, 0.06577183206550972, 0.080493912813609, 0.06736820282047801, 0.07184284617810634, 0.062023157641184656, 0.0738501173242917, 0.05618363318475999, 0.05810958874748281, 0.07469644444625895, 0.058225389711593516, 0.06893022853485996, 0.0667900298337455, 0.06577101043823863, 0.06006419154428163, 1.0, 0.9312567222889617], [0.07040050246845411, 0.0921194564399758, 0.06941418230735392, 0.06936340727298336, 0.05356655895354285, 0.06284189135535839, 0.06650764266460359, 0.0667271549344076, 0.07015214648848753, 0.07198861867614924, 0.07261859245552241, 0.06867587110352197, 0.06332679433699782, 0.06067467591652267, 0.07595096977534363, 0.06858139927717213, 0.09634078853763614, 0.07160561533758675, 0.9312567222889617, 1.0]], "meta_info": {"source": "pretrained"}}