{"model": "LSING", "dataset": "0.5_dim20_pair_gau", "N": 10000, "seed": 1234560, "metrics": {"TP": 10, "FP": 0, "FN": 0, "TN": 180, "TPR": 1.0, "FDR": 0.0, "FPR": 0.0, "Hamming": 0}, "omega": [[1.0, 0.8399485892410948, 0.07046191584757405, 0.07382739752429548, 0.06935027064956167, 0.07612314593758386, 0.08242959443817473, 0.0761839393011375, 0.07649170801628469, 0.07680648007682837, 0.07406437297514816, 0.06753876899480292, 0.06960752762932165, 0.07784078682793268, 0.07105603345633268, 0.07640549942406946, 0.07829545505251218, 0.07003738961179577, 0.06868609682098545, 0.0826006200598669], [0.8399485892410948, 1.0, 0.05886920507744078, 0.06643736843044654, 0.0549876044485933, 0.07287824075326196, 0.0811969316593693, 0.07031223036693364, 0.06864170340847613, 0.07493370412988046, 0.07654474676130704, 0.05109792478781543, 0.06060898860514441, 0.05748002706222426, 0.059320119782077976, 0.06011235437708575, 0.05767874165210335, 0.06174703080921041, 0.06721449788227486, 0.07072592005688913], [0.07046191584757405, 0.05886920507744078, 1.0, 0.8324951857051572, 0.06254469506005586, 0.07571047501953082, 0.0866074983296694, 0.10516394191283611, 0.0810571834733752, 0.06832011012935649, 0.07748070502931377, 0.07286396087223812, 0.061438323002644755, 0.07780487938696841, 0.07573764037310865, 0.06279261519453103, 0.07678874832340879, 0.060322702317627534, 0.08049669672032396, 0.07439169755765201], [0.07382739752429548, 0.06643736843044654, 0.8324951857051572, 1.0, 0.0837166277643778, 0.07010525461830362, 0.08512644871641115, 0.07721059672577865, 0.06870778414128889, 0.06198745813245883, 0.07339973529232584, 0.060943404750723476, 0.06610652936945235, 0.07109377639416033, 0.07371949876604526, 0.06899174262038059, 0.06584864632874675, 0.08018563549374899, 0.06491490488563392, 0.08011570164038895], [0.06935027064956167, 0.0549876044485933, 0.06254469506005586, 0.0837166277643778, 1.0, 0.9727760471176655, 0.0861156250105292, 0.06587031657466075, 0.06828373883414612, 0.058174792505189934, 0.05758993206123213, 0.06533488079663, 0.07427626614793306, 0.06460067635982031, 0.05919480230088098, 0.06405942959792135, 0.07266895427059619, 0.06838265646355793, 0.062192387800089226, 0.08379616311605877], [0.07612314593758386, 0.07287824075326196, 0.07571047501953082, 0.07010525461830362, 0.9727760471176655, 1.0, 0.07374559981601549, 0.07552996457451214, 0.07607317773692673, 0.07377726996267038, 0.07739515380109147, 0.08680814801701683, 0.07148028650188014, 0.06581785551314732, 0.08827605888761127, 0.0662634031680414, 0.07433936455405929, 0.07999566583698793, 0.06818512854374399, 0.07713280296181921], [0.08242959443817473, 0.0811969316593693, 0.0866074983296694, 0.08512644871641115, 0.0861156250105292, 0.07374559981601549, 1.0, 0.9576900727860732, 0.09408009063359098, 0.10027875705092602, 0.06430747779031722, 0.06892677172288056, 0.07802843152200015, 0.07476128125398687, 0.07634815224144843, 0.07652348060927613, 0.06803328599857267, 0.07251848336804215, 0.0869533486247012, 0.06786844984304766], [0.0761839393011375, 0.07031223036693364, 0.10516394191283611, 0.07721059672577865, 0.06587031657466075, 0.07552996457451214, 0.9576900727860732, 1.0, 0.07159107652340663, 0.08481352068992554, 0.07155397387518247, 0.058162049319214496, 0.06725378320661404, 0.08219531104938833, 0.0679973586374874, 0.05945835403887625, 0.06538900376538095, 0.07532732572079649, 0.09019097727339576, 0.0829307989111366], [0.07649170801628469, 0.06864170340847613, 0.0810571834733752, 0.06870778414128889, 0.06828373883414612, 0.07607317773692673, 0.09408009063359098, 0.07159107652340663, 1.0, 0.9451756380972519, 0.07511887872894421, 0.07403881545990801, 0.07011097453876156, 0.07051375653960498, 0.07196503695489784, 0.06132275784354195, 0.07089201687150015, 0.06086964907986343, 0.0748731498077788, 0.07635080161754114], [0.07680648007682837, 0.07493370412988046, 0.06832011012935649, 0.06198745813245883, 0.058174792505189934, 0.07377726996267038, 0.10027875705092602, 0.08481352068992554, 0.9451756380972519, 1.0, 0.06241698431860756, 0.06351369227160318, 0.0749407729271031, 0.07089802421084676, 0.07609129366410843, 0.07467447221241014, 0.07318330886914816, 0.06368274864704815, 0.06727939479075404, 0.06940197190074562], [0.07406437297514816, 0.07654474676130704, 0.07748070502931377, 0.07339973529232584, 0.05758993206123213, 0.07739515380109147, 0.06430747779031722, 0.07155397387518247, 0.07511887872894421, 0.06241698431860756, 1.0, 0.9455927995797242, 0.06929284663218824, 0.06636979653429052, 0.07889139962093945, 0.06253390120020665, 0.0775318741286939, 0.06748754298079136, 0.0803197092909903, 0.07087270004559545], [0.06753876899480292, 0.05109792478781543, 0.07286396087223812, 0.060943404750723476, 0.06533488079663, 0.08680814801701683, 0.06892677172288056, 0.058162049319214496, 0.07403881545990801, 0.06351369227160318, 0.9455927995797242, 1.0, 0.06678917484165667, 0.06639242863747556, 0.0833739305399268, 0.061964868715247354, 0.07170647093861515, 0.06639780137868181, 0.06715226742427781, 0.07041797206065296], [0.06960752762932165, 0.06060898860514441, 0.061438323002644755, 0.06610652936945235, 0.07427626614793306, 0.07148028650188014, 0.07802843152200015, 0.06725378320661404, 0.07011097453876156, 0.0749407729271031, 0.06929284663218824, 0.06678917484165667, 1.0, 0.9383789383445164, 0.07085742984998487, 0.07089761727123209, 0.06421552082032835, 0.068838388991745, 0.07156617068069626, 0.07412631885998809], [0.07784078682793268, 0.05748002706222426, 0.07780487938696841, 0.07109377639416033, 0.06460067635982031, 0.06581785551314732, 0.07476128125398687, 0.08219531104938833, 0.07051375653960498, 0.07089802421084676, 0.06636979653429052, 0.06639242863747556, 0.9383789383445164, 1.0, 0.06772081044340687, 0.049993285780931124, 0.06141350253188153, 0.07164472710071677, 0.06688561953033317, 0.06180777864105891], [0.07105603345633268, 0.059320119782077976, 0.07573764037310865, 0.07371949876604526, 0.05919480230088098, 0.08827605888761127, 0.07634815224144843, 0.0679973586374874, 0.07196503695489784, 0.07609129366410843, 0.07889139962093945, 0.0833739305399268, 0.07085742984998487, 0.06772081044340687, 1.0, 0.903520684461732, 0.09023430069083435, 0.07508758991031984, 0.06971634840460092, 0.07487139399139943], [0.07640549942406946, 0.06011235437708575, 0.06279261519453103, 0.06899174262038059, 0.06405942959792135, 0.0662634031680414, 0.07652348060927613, 0.05945835403887625, 0.06132275784354195, 0.07467447221241014, 0.06253390120020665, 0.061964868715247354, 0.07089761727123209, 0.049993285780931124, 0.903520684461732, 1.0, 0.07198296506379584, 0.07241150947255254, 0.06780402248027771, 0.06484096993368489], [0.07829545505251218, 0.05767874165210335, 0.07678874832340879, 0.06584864632874675, 0.07266895427059619, 0.07433936455405929, 0.06803328599857267, 0.06538900376538095, 0.07089201687150015, 0.07318330886914816, 0.0775318741286939, 0.07170647093861515, 0.06421552082032835, 0.06141350253188153, 0.09023430069083435, 0.07198296506379584, 1.0, 0.928382498013224, 0.06823871082349643, 0.07522276785141074], [0.07003738961179577, 0.06174703080921041, 0.060322702317627534, 0.08018563549374899, 0.06838265646355793, 0.07999566583698793, 0.07251848336804215, 0.07532732572079649, 0.06086964907986343, 0.06368274864704815, 0.06748754298079136, 0.06639780137868181, 0.068838388991745, 0.07164472710071677, 0.07508758991031984, 0.07241150947255254, 0.928382498013224, 1.0, 0.08768150019045912, 0.08717665602681782], [0.06868609682098545, 0.06721449788227486, 0.08049669672032396, 0.06491490488563392, 0.062192387800089226, 0.06818512854374399, 0.0869533486247012, 0.09019097727339576, 0.0748731498077788, 0.06727939479075404, 0.0803197092909903, 0.06715226742427781, 0.07156617068069626, 0.06688561953033317, 0.06971634840460092, 0.06780402248027771, 0.06823871082349643, 0.08768150019045912, 1.0, 1.0], [0.0826006200598669, 0.07072592005688913, 0.07439169755765201, 0.08011570164038895, 0.08379616311605877, 0.07713280296181921, 0.06786844984304766, 0.0829307989111366, 0.07635080161754114, 0.06940197190074562, 0.07087270004559545, 0.07041797206065296, 0.07412631885998809, 0.06180777864105891, 0.07487139399139943, 0.06484096993368489, 0.07522276785141074, 0.08717665602681782, 1.0, 1.0]], "meta_info": {"source": "pretrained"}}