{"model": "LSING", "dataset": "0.7_dim20_pair_gau", "N": 100, "seed": 1230, "metrics": {"TP": 8, "FP": 25, "FN": 2, "TN": 155, "TPR": 0.8, "FDR": 0.7575757575757576, "FPR": 0.1388888888888889, "Hamming": 27}, "omega": [[1.0, 0.3468185613651132, 0.1116487419665661, 0.04574471750146112, 0.08301386061818564, 0.08806681360472482, 0.07421566069563995, 0.24361114394355748, 0.06222802615145205, 0.07249449186539073, 0.06141301831614759, 0.04882002003354175, 0.08596394670576785, 0.10787811948335467, 0.17186839194061182, 0.07275894496549688, 0.07623557604058126, 0.0769098261853315, 0.0453710072492226, 0.08129312753653344], [0.3468185613651132, 1.0, 0.105487052547468, 0.0840544160124537, 0.07257138242876464, 0.14120900626987762, 0.1624849435242584, 0.5936800548607484, 0.13429267108987805, 0.23961252690066728, 0.15669515736243553, 0.1584603150135545, 0.09448270105304095, 0.09608243491958532, 0.25277289164403044, 0.11347979025241282, 0.08876858535852032, 0.16432716331476135, 0.1854144459374886, 0.1329883461761154], [0.1116487419665661, 0.105487052547468, 1.0, 0.15978674055147252, 0.07912907472598221, 0.08729418368219548, 0.1290363773822512, 0.18174120781885494, 0.06503252863276797, 0.10013363320099285, 0.1438649375436089, 0.05497511194653801, 0.07448213457986481, 0.09868230713630924, 0.18746334401098957, 0.08081769313603362, 0.03618224994430588, 0.06391233201210728, 0.047701848282142856, 0.02995253404149743], [0.04574471750146112, 0.0840544160124537, 0.15978674055147252, 1.0, 0.05277039630245528, 0.08257650383649405, 0.0836274981330896, 0.5963233746168817, 0.05653722164515793, 0.055536847037535926, 0.04490267146571122, 0.05109750705504213, 0.06513852856413756, 0.0699941194365117, 0.2329808744493908, 0.08954011365412783, 0.031543469871524975, 0.04833557244565534, 0.028061995859298958, 0.03716440957971503], [0.08301386061818564, 0.07257138242876464, 0.07912907472598221, 0.05277039630245528, 1.0, 0.5615046399055297, 0.10729463577136489, 0.39658191174892604, 0.07764454734163398, 0.10591596806180659, 0.07354352665501403, 0.04687654588623367, 0.07854331150414424, 0.13472771976571976, 0.1408940499073762, 0.08012990210363082, 0.06375208682726545, 0.03985816383166814, 0.06753528338092979, 0.044097184737251764], [0.08806681360472482, 0.14120900626987762, 0.08729418368219548, 0.08257650383649405, 0.5615046399055297, 1.0, 0.20658062629056478, 0.3193249818483475, 0.08758929986638858, 0.09108381569795214, 0.109580741763943, 0.09515365857245492, 0.111118120006253, 0.09140186315206374, 0.22354225481379644, 0.0975170418552868, 0.07296970294473455, 0.06562547217445631, 0.07438832335378265, 0.06174698284947991], [0.07421566069563995, 0.1624849435242584, 0.1290363773822512, 0.0836274981330896, 0.10729463577136489, 0.20658062629056478, 1.0, 1.0, 0.10303202588782415, 0.20074748314333787, 0.09054020570601894, 0.09416123841930017, 0.08228419686903739, 0.16434087305499528, 0.2354324723122618, 0.05870350358212581, 0.06657690336348895, 0.07796026490246585, 0.0824601113010854, 0.06473192065453796], [0.24361114394355748, 0.5936800548607484, 0.18174120781885494, 0.5963233746168817, 0.39658191174892604, 0.3193249818483475, 1.0, 1.0, 0.3535134300441032, 0.28846805499800915, 0.37653269394489197, 0.25087023352312, 0.4265097599515448, 0.8662098532562131, 0.42348158771537553, 0.1874951999568609, 0.3539529342493495, 0.7198608872603995, 0.18337535220742068, 0.249510843603837], [0.06222802615145205, 0.13429267108987805, 0.06503252863276797, 0.05653722164515793, 0.07764454734163398, 0.08758929986638858, 0.10303202588782415, 0.3535134300441032, 1.0, 0.38219312268883027, 0.06757244184254116, 0.05514502802680508, 0.052095348873943924, 0.09811007935526637, 0.14920375386522622, 0.10085348715985056, 0.06867100490707388, 0.053862824162913325, 0.03255358618371924, 0.040606833028218534], [0.07249449186539073, 0.23961252690066728, 0.10013363320099285, 0.055536847037535926, 0.10591596806180659, 0.09108381569795214, 0.20074748314333787, 0.28846805499800915, 0.38219312268883027, 1.0, 0.12271984469920003, 0.09462818933930163, 0.12846801142314948, 0.12400420279521832, 0.14925131037773412, 0.06698560286635427, 0.08965297254075748, 0.05859072912178683, 0.061642339866475736, 0.07506544943927326], [0.06141301831614759, 0.15669515736243553, 0.1438649375436089, 0.04490267146571122, 0.07354352665501403, 0.109580741763943, 0.09054020570601894, 0.37653269394489197, 0.06757244184254116, 0.12271984469920003, 1.0, 0.2747016892339049, 0.09930516618089776, 0.1075025137247191, 0.23812935306039856, 0.06645098835952092, 0.1081487683838248, 0.06908289354498369, 0.09041156999674822, 0.059751263807102814], [0.04882002003354175, 0.1584603150135545, 0.05497511194653801, 0.05109750705504213, 0.04687654588623367, 0.09515365857245492, 0.09416123841930017, 0.25087023352312, 0.05514502802680508, 0.09462818933930163, 0.2747016892339049, 1.0, 0.1242044891909837, 0.07311982105983864, 0.1554802984442141, 0.07235657471100336, 0.04039056010579976, 0.06332295071519962, 0.07720120446359076, 0.035422421498528534], [0.08596394670576785, 0.09448270105304095, 0.07448213457986481, 0.06513852856413756, 0.07854331150414424, 0.111118120006253, 0.08228419686903739, 0.4265097599515448, 0.052095348873943924, 0.12846801142314948, 0.09930516618089776, 0.1242044891909837, 1.0, 0.28273208923477644, 0.09128281391192758, 0.0813964326351733, 0.0902575464848433, 0.0449410241508213, 0.052471796172057515, 0.07403071265048987], [0.10787811948335467, 0.09608243491958532, 0.09868230713630924, 0.0699941194365117, 0.13472771976571976, 0.09140186315206374, 0.16434087305499528, 0.8662098532562131, 0.09811007935526637, 0.12400420279521832, 0.1075025137247191, 0.07311982105983864, 0.28273208923477644, 1.0, 0.22704749278427558, 0.12141618294033349, 0.08095482321951762, 0.09294674988738622, 0.0574048679109831, 0.1367851802991523], [0.17186839194061182, 0.25277289164403044, 0.18746334401098957, 0.2329808744493908, 0.1408940499073762, 0.22354225481379644, 0.2354324723122618, 0.42348158771537553, 0.14920375386522622, 0.14925131037773412, 0.23812935306039856, 0.1554802984442141, 0.09128281391192758, 0.22704749278427558, 1.0, 0.7876222342900375, 0.15272291945023778, 0.1458837689639151, 0.11088846824019116, 0.2445797054993107], [0.07275894496549688, 0.11347979025241282, 0.08081769313603362, 0.08954011365412783, 0.08012990210363082, 0.0975170418552868, 0.05870350358212581, 0.1874951999568609, 0.10085348715985056, 0.06698560286635427, 0.06645098835952092, 0.07235657471100336, 0.0813964326351733, 0.12141618294033349, 0.7876222342900375, 1.0, 0.09823476881630527, 0.08488572220700129, 0.06700234786790935, 0.06882426722064838], [0.07623557604058126, 0.08876858535852032, 0.03618224994430588, 0.031543469871524975, 0.06375208682726545, 0.07296970294473455, 0.06657690336348895, 0.3539529342493495, 0.06867100490707388, 0.08965297254075748, 0.1081487683838248, 0.04039056010579976, 0.0902575464848433, 0.08095482321951762, 0.15272291945023778, 0.09823476881630527, 1.0, 0.3031420415148582, 0.04699308276336509, 0.039323037320233276], [0.0769098261853315, 0.16432716331476135, 0.06391233201210728, 0.04833557244565534, 0.03985816383166814, 0.06562547217445631, 0.07796026490246585, 0.7198608872603995, 0.053862824162913325, 0.05859072912178683, 0.06908289354498369, 0.06332295071519962, 0.0449410241508213, 0.09294674988738622, 0.1458837689639151, 0.08488572220700129, 0.3031420415148582, 1.0, 0.052535742278671034, 0.047508597864505064], [0.0453710072492226, 0.1854144459374886, 0.047701848282142856, 0.028061995859298958, 0.06753528338092979, 0.07438832335378265, 0.0824601113010854, 0.18337535220742068, 0.03255358618371924, 0.061642339866475736, 0.09041156999674822, 0.07720120446359076, 0.052471796172057515, 0.0574048679109831, 0.11088846824019116, 0.06700234786790935, 0.04699308276336509, 0.052535742278671034, 1.0, 0.08582847791381001], [0.08129312753653344, 0.1329883461761154, 0.02995253404149743, 0.03716440957971503, 0.044097184737251764, 0.06174698284947991, 0.06473192065453796, 0.249510843603837, 0.040606833028218534, 0.07506544943927326, 0.059751263807102814, 0.035422421498528534, 0.07403071265048987, 0.1367851802991523, 0.2445797054993107, 0.06882426722064838, 0.039323037320233276, 0.047508597864505064, 0.08582847791381001, 1.0]], "meta_info": {"source": "pretrained"}}