{"model": "LSING", "dataset": "0.7_dim20_pair_gau", "N": 100, "seed": 1234560, "metrics": {"TP": 9, "FP": 48, "FN": 1, "TN": 132, "TPR": 0.9, "FDR": 0.8421052631578947, "FPR": 0.26666666666666666, "Hamming": 49}, "omega": [[1.0, 0.5671913639705467, 0.1317945985195318, 0.14475998084641803, 0.13214554686870703, 0.17425124581340343, 0.18940793163826125, 0.165180497823144, 0.12452667880395497, 0.0919129490644109, 0.26002831185847103, 0.13272771063386082, 0.3973963477477644, 0.11598335007483389, 0.2620448786522831, 0.1288162043565955, 0.248978870790074, 0.1450688380709079, 0.18093884428759924, 0.20913371229357489], [0.5671913639705467, 1.0, 0.07906685718846442, 0.044994488146020174, 0.06898410618482709, 0.07962898019473386, 0.1424770766074878, 0.07937632743524765, 0.05223280764228805, 0.04988848248737271, 0.12427838288148244, 0.0779113516481533, 0.3757221056926762, 0.06956610401913456, 0.23278605975505326, 0.0867719608968105, 0.34173674663777553, 0.04021163520737659, 0.09808727733901053, 0.08392246388943785], [0.1317945985195318, 0.07906685718846442, 1.0, 0.32618372346348634, 0.06990891023386422, 0.059192767773161764, 0.13344508499282157, 0.23666046435599852, 0.060656938104272896, 0.05170005093892615, 0.0790975590042254, 0.07933722767498638, 0.30342530539065254, 0.09575157482661656, 0.17359622457914084, 0.07024856606710873, 0.29041621411332924, 0.06853968000199412, 0.10586855828568952, 0.06485887175911015], [0.14475998084641803, 0.044994488146020174, 0.32618372346348634, 1.0, 0.0858485684122647, 0.05460113285044876, 0.26323717244398237, 0.060695429451430964, 0.04048309807197022, 0.06324497303743586, 0.14771946119746798, 0.04995113981862247, 0.1462804213234928, 0.09498746327927325, 0.30703972170594684, 0.13476028053596328, 0.14747191542069654, 0.10545500330635649, 0.08733928883108595, 0.09794255337668074], [0.13214554686870703, 0.06898410618482709, 0.06990891023386422, 0.0858485684122647, 1.0, 0.15590798714212933, 0.13164025287271003, 0.20302171179312745, 0.06822940890841785, 0.06337111735416702, 0.05316553834613001, 0.16958426561118425, 0.2574975530270276, 0.05039409336519427, 0.3866219370571571, 0.10913534256414006, 0.2108230104527399, 0.0391220871784811, 0.05124781333104275, 0.07154670069281475], [0.17425124581340343, 0.07962898019473386, 0.059192767773161764, 0.05460113285044876, 0.15590798714212933, 1.0, 0.08559940711433665, 0.07685280157548757, 0.10102211465478557, 0.1325468321837921, 0.06270620479778717, 0.06722158297363674, 0.11472158080731736, 0.053057664859255706, 0.2390867409122395, 0.04375469319266675, 0.15396510631936014, 0.07381630741808783, 0.05052183246172625, 0.14963701336792365], [0.18940793163826125, 0.1424770766074878, 0.13344508499282157, 0.26323717244398237, 0.13164025287271003, 0.08559940711433665, 1.0, 0.4755691441856642, 0.10976743999106334, 0.17336999169774228, 0.19012548114644867, 0.23943176529974125, 0.24922076109049973, 0.1711276967288559, 0.2908830835954257, 0.19484442535870977, 0.2646842115675076, 0.21493586228904957, 0.22448524241473408, 0.13850977838773956], [0.165180497823144, 0.07937632743524765, 0.23666046435599852, 0.060695429451430964, 0.20302171179312745, 0.07685280157548757, 0.4755691441856642, 1.0, 0.10683619323443523, 0.14312399719001642, 0.11177082911016284, 0.1333450263878903, 0.40775979843310767, 0.10428919392140737, 0.39588339029094, 0.17512619916609426, 0.2553098654387489, 0.12051615905563076, 0.13250342974450172, 0.09822441457431096], [0.12452667880395497, 0.05223280764228805, 0.060656938104272896, 0.04048309807197022, 0.06822940890841785, 0.10102211465478557, 0.10976743999106334, 0.10683619323443523, 1.0, 0.2565407588935753, 0.052412793061760214, 0.11850560725499808, 0.439964924615865, 0.0699063820930528, 0.15086968827475303, 0.15303489684254434, 0.16944020076304958, 0.08614702269452779, 0.05240903887636203, 0.05900023152884091], [0.0919129490644109, 0.04988848248737271, 0.05170005093892615, 0.06324497303743586, 0.06337111735416702, 0.1325468321837921, 0.17336999169774228, 0.14312399719001642, 0.2565407588935753, 1.0, 0.0482917725881615, 0.0678283471390563, 0.34607584748764936, 0.09411229559923925, 0.2373004434981224, 0.119951366175952, 0.28097928094347097, 0.03869788381754443, 0.0713324816656094, 0.05754398324334443], [0.26002831185847103, 0.12427838288148244, 0.0790975590042254, 0.14771946119746798, 0.05316553834613001, 0.06270620479778717, 0.19012548114644867, 0.11177082911016284, 0.052412793061760214, 0.0482917725881615, 1.0, 0.3126761966651477, 0.16005820798778925, 0.07559703116898484, 0.20555613723535573, 0.15223338171692444, 0.19602719886810088, 0.08614360958920261, 0.0555092931137611, 0.06372847247768659], [0.13272771063386082, 0.0779113516481533, 0.07933722767498638, 0.04995113981862247, 0.16958426561118425, 0.06722158297363674, 0.23943176529974125, 0.1333450263878903, 0.11850560725499808, 0.0678283471390563, 0.3126761966651477, 1.0, 0.2819210802289838, 0.06564963825324008, 0.18016141218064788, 0.13827716638713772, 0.20578977017158154, 0.17358596452180952, 0.07139207849458244, 0.07016788219308144], [0.3973963477477644, 0.3757221056926762, 0.30342530539065254, 0.1462804213234928, 0.2574975530270276, 0.11472158080731736, 0.24922076109049973, 0.40775979843310767, 0.439964924615865, 0.34607584748764936, 0.16005820798778925, 0.2819210802289838, 1.0, 1.0, 0.25819336559434597, 0.27831814540641747, 0.47879201901390506, 0.2601890711934224, 0.24794976076735864, 0.23868078763980388], [0.11598335007483389, 0.06956610401913456, 0.09575157482661656, 0.09498746327927325, 0.05039409336519427, 0.053057664859255706, 0.1711276967288559, 0.10428919392140737, 0.0699063820930528, 0.09411229559923925, 0.07559703116898484, 0.06564963825324008, 1.0, 1.0, 0.27063625242749917, 0.12485370199922517, 0.29432664644928364, 0.04727094873708466, 0.04774643970940494, 0.06626801873020019], [0.2620448786522831, 0.23278605975505326, 0.17359622457914084, 0.30703972170594684, 0.3866219370571571, 0.2390867409122395, 0.2908830835954257, 0.39588339029094, 0.15086968827475303, 0.2373004434981224, 0.20555613723535573, 0.18016141218064788, 0.25819336559434597, 0.27063625242749917, 1.0, 0.870568261341378, 0.36460679929666706, 0.15550752226289555, 0.2305503282729772, 0.2852518008889579], [0.1288162043565955, 0.0867719608968105, 0.07024856606710873, 0.13476028053596328, 0.10913534256414006, 0.04375469319266675, 0.19484442535870977, 0.17512619916609426, 0.15303489684254434, 0.119951366175952, 0.15223338171692444, 0.13827716638713772, 0.27831814540641747, 0.12485370199922517, 0.870568261341378, 1.0, 0.30768653166791127, 0.172324811733479, 0.07539006931171129, 0.09153886718974338], [0.248978870790074, 0.34173674663777553, 0.29041621411332924, 0.14747191542069654, 0.2108230104527399, 0.15396510631936014, 0.2646842115675076, 0.2553098654387489, 0.16944020076304958, 0.28097928094347097, 0.19602719886810088, 0.20578977017158154, 0.47879201901390506, 0.29432664644928364, 0.36460679929666706, 0.30768653166791127, 1.0, 0.8548290015334407, 0.2681235685353301, 0.3789683168507771], [0.1450688380709079, 0.04021163520737659, 0.06853968000199412, 0.10545500330635649, 0.0391220871784811, 0.07381630741808783, 0.21493586228904957, 0.12051615905563076, 0.08614702269452779, 0.03869788381754443, 0.08614360958920261, 0.17358596452180952, 0.2601890711934224, 0.04727094873708466, 0.15550752226289555, 0.172324811733479, 0.8548290015334407, 1.0, 0.051383683039044836, 0.08242975230046064], [0.18093884428759924, 0.09808727733901053, 0.10586855828568952, 0.08733928883108595, 0.05124781333104275, 0.05052183246172625, 0.22448524241473408, 0.13250342974450172, 0.05240903887636203, 0.0713324816656094, 0.0555092931137611, 0.07139207849458244, 0.24794976076735864, 0.04774643970940494, 0.2305503282729772, 0.07539006931171129, 0.2681235685353301, 0.051383683039044836, 1.0, 0.32833393372644565], [0.20913371229357489, 0.08392246388943785, 0.06485887175911015, 0.09794255337668074, 0.07154670069281475, 0.14963701336792365, 0.13850977838773956, 0.09822441457431096, 0.05900023152884091, 0.05754398324334443, 0.06372847247768659, 0.07016788219308144, 0.23868078763980388, 0.06626801873020019, 0.2852518008889579, 0.09153886718974338, 0.3789683168507771, 0.08242975230046064, 0.32833393372644565, 1.0]], "meta_info": {"source": "pretrained"}}