{"model": "LSING", "dataset": "0.7_dim20_pair_gau", "N": 100, "seed": 123450, "metrics": {"TP": 6, "FP": 11, "FN": 4, "TN": 169, "TPR": 0.6, "FDR": 0.6470588235294118, "FPR": 0.06111111111111111, "Hamming": 15}, "omega": [[1.0, 0.341685000878754, 0.0827780934209561, 0.043003765989787716, 0.04461992511226176, 0.06471574296283711, 0.060273223467758014, 0.059784000939568246, 0.07767840106430865, 0.06924167298022732, 0.08593661160003738, 0.23554701534419006, 0.06681055896698353, 0.13612187769434703, 0.19436744019600438, 0.1265733982900226, 0.05578115538285524, 0.04645175799726745, 0.047987654489838785, 0.11982714437086779], [0.341685000878754, 1.0, 0.049662997231067624, 0.02527316083405754, 0.04248782271203798, 0.052121042689875476, 0.048296315247899374, 0.05493757040801705, 0.06223958914969325, 0.06326998462577922, 0.04491438192729773, 0.11219509726396756, 0.11988124984995098, 0.0705974949698551, 0.3444186241632493, 0.07193676869665104, 0.05431487640520118, 0.04961336917277591, 0.03246421388494823, 0.04714462474863915], [0.0827780934209561, 0.049662997231067624, 1.0, 0.050565398282995916, 0.03743596828187583, 0.03345732191931909, 0.03857319865686578, 0.044730171927102824, 0.04301067294986201, 0.025981405256814066, 0.03896378513165039, 0.20412235881318277, 0.0462090633871452, 0.03729223491849505, 0.13665310976427394, 0.032609575306286116, 0.049210844651943586, 0.042167027328035046, 0.04637491407994712, 0.036173706820075945], [0.043003765989787716, 0.02527316083405754, 0.050565398282995916, 1.0, 0.019175848516202406, 0.03420471867869535, 0.037086588821864906, 0.03094770247039026, 0.0376213645580838, 0.0239021938274415, 0.037348659099260884, 0.11516474555827728, 0.07386645131548338, 0.045844652361840516, 0.14088930245255585, 0.05543847427818999, 0.03598787660420696, 0.019826101870043626, 0.028898949945488812, 0.039236564830752656], [0.04461992511226176, 0.04248782271203798, 0.03743596828187583, 0.019175848516202406, 1.0, 0.1935039128182388, 0.0504735965178423, 0.04160624449001194, 0.06832693131172243, 0.048359125661146286, 0.030733813088657448, 0.11811529946186462, 0.08896776692015435, 0.12126509702221612, 0.33781042788583676, 0.05307759209203419, 0.04651182779400468, 0.0329009642202006, 0.03671397633696705, 0.052770488288564565], [0.06471574296283711, 0.052121042689875476, 0.03345732191931909, 0.03420471867869535, 0.1935039128182388, 1.0, 0.05803847394776847, 0.05590587905217038, 0.08663930316358952, 0.05215157322053161, 0.05157956127884674, 0.11190518792745148, 0.06517721426547671, 0.08833504838835018, 0.11708345996006334, 0.07326074474334905, 0.05336658126734138, 0.039808938563094656, 0.04168957554385501, 0.07166133516897129], [0.060273223467758014, 0.048296315247899374, 0.03857319865686578, 0.037086588821864906, 0.0504735965178423, 0.05803847394776847, 1.0, 0.34468221688919093, 0.05501855923332837, 0.038816712001336406, 0.061363846631879555, 0.16585567003755178, 0.14680458963026835, 0.0717932716473989, 0.28032901535138405, 0.05127165024304385, 0.09975888848541214, 0.030769381501932296, 0.08696137004308112, 0.05759075696392642], [0.059784000939568246, 0.05493757040801705, 0.044730171927102824, 0.03094770247039026, 0.04160624449001194, 0.05590587905217038, 0.34468221688919093, 1.0, 0.05390756495480712, 0.03878267858426004, 0.03376012815168807, 0.10308385127953017, 0.09499367054564807, 0.1083089867042561, 0.19984114671493666, 0.07343313485456057, 0.05631017697460531, 0.060128797892195086, 0.06155540955664374, 0.047750193296592136], [0.07767840106430865, 0.06223958914969325, 0.04301067294986201, 0.0376213645580838, 0.06832693131172243, 0.08663930316358952, 0.05501855923332837, 0.05390756495480712, 1.0, 0.19148007679498147, 0.07232976954897127, 0.16454522663445098, 0.11184179300270937, 0.1315033376338322, 0.15747632027867167, 0.043431233676026464, 0.07040584839407192, 0.09165200055176212, 0.04554105144479112, 0.08779155203340151], [0.06924167298022732, 0.06326998462577922, 0.025981405256814066, 0.0239021938274415, 0.048359125661146286, 0.05215157322053161, 0.038816712001336406, 0.03878267858426004, 0.19148007679498147, 1.0, 0.04221477114712399, 0.11459050065720423, 0.06999657428164478, 0.05913374601727042, 0.22319482146655795, 0.06744944989835147, 0.05997035867967574, 0.05255965844285134, 0.04405637865369875, 0.11746353463867402], [0.08593661160003738, 0.04491438192729773, 0.03896378513165039, 0.037348659099260884, 0.030733813088657448, 0.05157956127884674, 0.061363846631879555, 0.03376012815168807, 0.07232976954897127, 0.04221477114712399, 1.0, 0.48928740792009523, 0.10507927105163635, 0.16147310741033427, 0.14982993329584093, 0.07960929871419183, 0.03924493306956494, 0.033684068462670774, 0.04307422785717793, 0.12154092789223607], [0.23554701534419006, 0.11219509726396756, 0.20412235881318277, 0.11516474555827728, 0.11811529946186462, 0.11190518792745148, 0.16585567003755178, 0.10308385127953017, 0.16454522663445098, 0.11459050065720423, 0.48928740792009523, 1.0, 0.18071600169543886, 0.22622421802400064, 0.27168080912619236, 0.13384369656529752, 0.14946316958562714, 0.09801309903854029, 0.14627236420449094, 0.17814180888803788], [0.06681055896698353, 0.11988124984995098, 0.0462090633871452, 0.07386645131548338, 0.08896776692015435, 0.06517721426547671, 0.14680458963026835, 0.09499367054564807, 0.11184179300270937, 0.06999657428164478, 0.10507927105163635, 0.18071600169543886, 1.0, 0.30042583387727406, 0.2077037318476243, 0.07143360990869742, 0.1631415416230322, 0.08129083895029013, 0.07362128481774995, 0.10032349940319181], [0.13612187769434703, 0.0705974949698551, 0.03729223491849505, 0.045844652361840516, 0.12126509702221612, 0.08833504838835018, 0.0717932716473989, 0.1083089867042561, 0.1315033376338322, 0.05913374601727042, 0.16147310741033427, 0.22622421802400064, 0.30042583387727406, 1.0, 0.3148892539977031, 0.09635736618743834, 0.10268526044786588, 0.1089009933307552, 0.06743784959329292, 0.07758610680378072], [0.19436744019600438, 0.3444186241632493, 0.13665310976427394, 0.14088930245255585, 0.33781042788583676, 0.11708345996006334, 0.28032901535138405, 0.19984114671493666, 0.15747632027867167, 0.22319482146655795, 0.14982993329584093, 0.27168080912619236, 0.2077037318476243, 0.3148892539977031, 1.0, 1.0, 0.1061153662990288, 0.18087825748569966, 0.27899832840168753, 0.17120410079044357], [0.1265733982900226, 0.07193676869665104, 0.032609575306286116, 0.05543847427818999, 0.05307759209203419, 0.07326074474334905, 0.05127165024304385, 0.07343313485456057, 0.043431233676026464, 0.06744944989835147, 0.07960929871419183, 0.13384369656529752, 0.07143360990869742, 0.09635736618743834, 1.0, 1.0, 0.06838765881459646, 0.06295203233078424, 0.08715403088746955, 0.09130679370914223], [0.05578115538285524, 0.05431487640520118, 0.049210844651943586, 0.03598787660420696, 0.04651182779400468, 0.05336658126734138, 0.09975888848541214, 0.05631017697460531, 0.07040584839407192, 0.05997035867967574, 0.03924493306956494, 0.14946316958562714, 0.1631415416230322, 0.10268526044786588, 0.1061153662990288, 0.06838765881459646, 1.0, 0.23133084505012244, 0.056013653979400266, 0.0515853248340552], [0.04645175799726745, 0.04961336917277591, 0.042167027328035046, 0.019826101870043626, 0.0329009642202006, 0.039808938563094656, 0.030769381501932296, 0.060128797892195086, 0.09165200055176212, 0.05255965844285134, 0.033684068462670774, 0.09801309903854029, 0.08129083895029013, 0.1089009933307552, 0.18087825748569966, 0.06295203233078424, 0.23133084505012244, 1.0, 0.06356239199084991, 0.05610444565849957], [0.047987654489838785, 0.03246421388494823, 0.04637491407994712, 0.028898949945488812, 0.03671397633696705, 0.04168957554385501, 0.08696137004308112, 0.06155540955664374, 0.04554105144479112, 0.04405637865369875, 0.04307422785717793, 0.14627236420449094, 0.07362128481774995, 0.06743784959329292, 0.27899832840168753, 0.08715403088746955, 0.056013653979400266, 0.06356239199084991, 1.0, 0.18646251300877908], [0.11982714437086779, 0.04714462474863915, 0.036173706820075945, 0.039236564830752656, 0.052770488288564565, 0.07166133516897129, 0.05759075696392642, 0.047750193296592136, 0.08779155203340151, 0.11746353463867402, 0.12154092789223607, 0.17814180888803788, 0.10032349940319181, 0.07758610680378072, 0.17120410079044357, 0.09130679370914223, 0.0515853248340552, 0.05610444565849957, 0.18646251300877908, 1.0]], "meta_info": {"source": "pretrained"}}