{"model": "LSING", "dataset": "dim6_butterfly", "N": 100, "seed": 1234560, "metrics": {"TP": 3, "FP": 9, "FN": 0, "TN": 3, "TPR": 1.0, "FDR": 0.75, "FPR": 0.75, "Hamming": 9}, "omega": [[1.0, 0.694484266415074, 0.38354645439273927, 0.29045659675889884, 0.32266011625087065, 0.16044575107017317], [0.694484266415074, 1.0, 0.42075329412533347, 0.45033416496225187, 0.5715856474432301, 0.3816873272745863], [0.38354645439273927, 0.42075329412533347, 1.0, 1.0, 0.19154055196831762, 0.23663691738451414], [0.29045659675889884, 0.45033416496225187, 1.0, 1.0, 0.5845671653856334, 0.16064785849093863], [0.32266011625087065, 0.5715856474432301, 0.19154055196831762, 0.5845671653856334, 1.0, 0.219152011652402], [0.16044575107017317, 0.3816873272745863, 0.23663691738451414, 0.16064785849093863, 0.219152011652402, 1.0]], "meta_info": {"source": "pretrained"}}