{"model": "LSING", "dataset": "0.5_dim20_pair_gau", "N": 500, "seed": 123450, "metrics": {"TP": 10, "FP": 6, "FN": 0, "TN": 174, "TPR": 1.0, "FDR": 0.375, "FPR": 0.03333333333333333, "Hamming": 6}, "omega": [[1.0, 0.9148184224393593, 0.21307410207852134, 0.14354051554414418, 0.1527362193278108, 0.20035317208301673, 0.11097608397810776, 0.14478224633196957, 0.09912958805322025, 0.13853388700977703, 0.16426819053351036, 0.14007290521166968, 0.09923957872201676, 0.1977452294629645, 0.12164915351651755, 0.1201925277244372, 0.14505556452914523, 0.1586429276794381, 0.13144156261074125, 0.1513596542795501], [0.9148184224393593, 1.0, 0.10648818148664631, 0.08302631860767268, 0.1310772397993843, 0.12967942151242917, 0.11956265291756826, 0.1764818748459914, 0.07708741572626587, 0.14917803512033728, 0.0952089200585632, 0.1749341902749224, 0.1354283529387926, 0.15649841399253808, 0.091070359940311, 0.12091343551752937, 0.23846458803939533, 0.10680878556064043, 0.1592966865870728, 0.1051595239208503], [0.21307410207852134, 0.10648818148664631, 1.0, 0.431767178734909, 0.1298693413819417, 0.14809462032657272, 0.07466234897149387, 0.09410631286806018, 0.1064039835832556, 0.09089116212337765, 0.07470681054050039, 0.0956039001508815, 0.06407317040256647, 0.10661863097696268, 0.07110385009228239, 0.2248025058269984, 0.0729167332979773, 0.04896836985719598, 0.08933029229063322, 0.0980488686034406], [0.14354051554414418, 0.08302631860767268, 0.431767178734909, 1.0, 0.12760859775629352, 0.10600616112818959, 0.14457053931351874, 0.10005196313689714, 0.09172642987972607, 0.24226565756014223, 0.1353599737384253, 0.18386355280445563, 0.10032367444478803, 0.17999293567106853, 0.09899500140333278, 0.11463447565845938, 0.13080209805369444, 0.08501625625149573, 0.08693798750647966, 0.13193718607367297], [0.1527362193278108, 0.1310772397993843, 0.1298693413819417, 0.12760859775629352, 1.0, 1.0, 0.09792931397723163, 0.131001584459896, 0.1113720080856399, 0.16712317626061934, 0.12346819345531482, 0.18624993041111892, 0.11097216089848953, 0.18135390641336493, 0.19331188640816593, 0.12032248199365779, 0.11748021209989386, 0.09655587243286154, 0.15108764377558048, 0.1609303229695801], [0.20035317208301673, 0.12967942151242917, 0.14809462032657272, 0.10600616112818959, 1.0, 1.0, 0.14016830749235265, 0.08813806297817466, 0.07561234036909076, 0.136636302941766, 0.09619959696431118, 0.1254904030072136, 0.1028908283856275, 0.1596931420255723, 0.09250278438061109, 0.14020775494776427, 0.12034180077494673, 0.12963676543700103, 0.10178749125986351, 0.09168397240859158], [0.11097608397810776, 0.11956265291756826, 0.07466234897149387, 0.14457053931351874, 0.09792931397723163, 0.14016830749235265, 1.0, 0.6661134152877476, 0.09163264996398711, 0.09758285265591819, 0.12217916905284137, 0.11564118276790708, 0.10210075471282315, 0.09414476472272715, 0.07441635305071258, 0.10091339507447321, 0.14420807873982408, 0.13283426877159293, 0.0961880933909402, 0.10115543954359434], [0.14478224633196957, 0.1764818748459914, 0.09410631286806018, 0.10005196313689714, 0.131001584459896, 0.08813806297817466, 0.6661134152877476, 1.0, 0.07040269955749107, 0.13540373890276586, 0.18004342758862693, 0.12580714332494994, 0.1773434873329253, 0.14610512631831465, 0.0792597185386141, 0.16247236924213138, 0.1139127476554273, 0.08811958762031448, 0.23125542757162434, 0.10357997496739897], [0.09912958805322025, 0.07708741572626587, 0.1064039835832556, 0.09172642987972607, 0.1113720080856399, 0.07561234036909076, 0.09163264996398711, 0.07040269955749107, 1.0, 0.5291939438916975, 0.10967736149584173, 0.1089797187771456, 0.11101338805471417, 0.16923770843701166, 0.10157101000053607, 0.09354101282866122, 0.08666703192661517, 0.06926807838656637, 0.12236532833715774, 0.07810624285617776], [0.13853388700977703, 0.14917803512033728, 0.09089116212337765, 0.24226565756014223, 0.16712317626061934, 0.136636302941766, 0.09758285265591819, 0.13540373890276586, 0.5291939438916975, 1.0, 0.11061293473757677, 0.10940771102990678, 0.11831931781973465, 0.18794388575480422, 0.09485530640340273, 0.14339934658052517, 0.12209735955952725, 0.09820689571852888, 0.14908366455027053, 0.0928397230129367], [0.16426819053351036, 0.0952089200585632, 0.07470681054050039, 0.1353599737384253, 0.12346819345531482, 0.09619959696431118, 0.12217916905284137, 0.18004342758862693, 0.10967736149584173, 0.11061293473757677, 1.0, 0.6533670226742344, 0.12070222372017433, 0.13346134764269188, 0.07766765751466442, 0.11751009043933994, 0.14229527694022365, 0.08803786066384965, 0.1024990311205603, 0.1129711002174392], [0.14007290521166968, 0.1749341902749224, 0.0956039001508815, 0.18386355280445563, 0.18624993041111892, 0.1254904030072136, 0.11564118276790708, 0.12580714332494994, 0.1089797187771456, 0.10940771102990678, 0.6533670226742344, 1.0, 0.08845190418907938, 0.15400893754399472, 0.07746203500957283, 0.16964479565341142, 0.15645619123556878, 0.0872950573922045, 0.13330005000495015, 0.0712837004661805], [0.09923957872201676, 0.1354283529387926, 0.06407317040256647, 0.10032367444478803, 0.11097216089848953, 0.1028908283856275, 0.10210075471282315, 0.1773434873329253, 0.11101338805471417, 0.11831931781973465, 0.12070222372017433, 0.08845190418907938, 1.0, 0.6009324352938957, 0.06585583480431194, 0.0915331079444565, 0.06745651577046023, 0.08287280780580697, 0.08329996437296901, 0.10467692322517196], [0.1977452294629645, 0.15649841399253808, 0.10661863097696268, 0.17999293567106853, 0.18135390641336493, 0.1596931420255723, 0.09414476472272715, 0.14610512631831465, 0.16923770843701166, 0.18794388575480422, 0.13346134764269188, 0.15400893754399472, 0.6009324352938957, 1.0, 0.09728772151703885, 0.1234921549343768, 0.133397541499631, 0.17933715461062602, 0.10563143867382102, 0.09509802664297749], [0.12164915351651755, 0.091070359940311, 0.07110385009228239, 0.09899500140333278, 0.19331188640816593, 0.09250278438061109, 0.07441635305071258, 0.0792597185386141, 0.10157101000053607, 0.09485530640340273, 0.07766765751466442, 0.07746203500957283, 0.06585583480431194, 0.09728772151703885, 1.0, 0.6521229137934386, 0.07743350305248094, 0.09797718792910134, 0.08655349991112844, 0.061765053204697454], [0.1201925277244372, 0.12091343551752937, 0.2248025058269984, 0.11463447565845938, 0.12032248199365779, 0.14020775494776427, 0.10091339507447321, 0.16247236924213138, 0.09354101282866122, 0.14339934658052517, 0.11751009043933994, 0.16964479565341142, 0.0915331079444565, 0.1234921549343768, 0.6521229137934386, 1.0, 0.08730927178521963, 0.09200681529462292, 0.17256725009626891, 0.08470023039336114], [0.14505556452914523, 0.23846458803939533, 0.0729167332979773, 0.13080209805369444, 0.11748021209989386, 0.12034180077494673, 0.14420807873982408, 0.1139127476554273, 0.08666703192661517, 0.12209735955952725, 0.14229527694022365, 0.15645619123556878, 0.06745651577046023, 0.133397541499631, 0.07743350305248094, 0.08730927178521963, 1.0, 0.5288178234694438, 0.09032725747258714, 0.1554366909144798], [0.1586429276794381, 0.10680878556064043, 0.04896836985719598, 0.08501625625149573, 0.09655587243286154, 0.12963676543700103, 0.13283426877159293, 0.08811958762031448, 0.06926807838656637, 0.09820689571852888, 0.08803786066384965, 0.0872950573922045, 0.08287280780580697, 0.17933715461062602, 0.09797718792910134, 0.09200681529462292, 0.5288178234694438, 1.0, 0.10478222734849423, 0.1766891558258986], [0.13144156261074125, 0.1592966865870728, 0.08933029229063322, 0.08693798750647966, 0.15108764377558048, 0.10178749125986351, 0.0961880933909402, 0.23125542757162434, 0.12236532833715774, 0.14908366455027053, 0.1024990311205603, 0.13330005000495015, 0.08329996437296901, 0.10563143867382102, 0.08655349991112844, 0.17256725009626891, 0.09032725747258714, 0.10478222734849423, 1.0, 0.6069878956821714], [0.1513596542795501, 0.1051595239208503, 0.0980488686034406, 0.13193718607367297, 0.1609303229695801, 0.09168397240859158, 0.10115543954359434, 0.10357997496739897, 0.07810624285617776, 0.0928397230129367, 0.1129711002174392, 0.0712837004661805, 0.10467692322517196, 0.09509802664297749, 0.061765053204697454, 0.08470023039336114, 0.1554366909144798, 0.1766891558258986, 0.6069878956821714, 1.0]], "meta_info": {"source": "pretrained"}}