{"model": "LSING", "dataset": "0.5_dim20_pair_gau", "N": 500, "seed": 1230, "metrics": {"TP": 8, "FP": 2, "FN": 2, "TN": 178, "TPR": 0.8, "FDR": 0.2, "FPR": 0.011111111111111112, "Hamming": 4}, "omega": [[1.0, 0.4462554029610689, 0.07927821350141616, 0.06777078542705271, 0.14768445189432391, 0.06123983958320878, 0.08339064016472894, 0.13463806472618028, 0.1163673708392979, 0.08668447737377911, 0.1336933848828921, 0.1284202606122318, 0.1117317866813544, 0.10308009439634756, 0.11118977129207325, 0.09165556748555105, 0.10469875616889363, 0.06497435907166185, 0.06550082250624285, 0.1079459471944874], [0.4462554029610689, 1.0, 0.0767895232042715, 0.04599675164052067, 0.07907871866065734, 0.0576260454708371, 0.06243861890820302, 0.07974183890726748, 0.061295540073064855, 0.09619259300620707, 0.10927155554164984, 0.09244425149414932, 0.09086254074002251, 0.05841280109513641, 0.06537102152634483, 0.15809233305380796, 0.06938158458048425, 0.06587167152351034, 0.09561522584090722, 0.041972915455295405], [0.07927821350141616, 0.0767895232042715, 1.0, 0.19289380317965013, 0.08255536128008784, 0.031766139027679205, 0.05993137275250295, 0.04896130174149366, 0.08461321451284985, 0.07689523390139869, 0.11150216954850406, 0.12052314936288971, 0.043613745902764206, 0.0535472503330916, 0.04871107258128721, 0.060720105164321574, 0.05534737481068532, 0.0567123281995458, 0.044286975645977764, 0.04659832428825581], [0.06777078542705271, 0.04599675164052067, 0.19289380317965013, 1.0, 0.0481356880118931, 0.043084891349097654, 0.0960301033954743, 0.07514045840095586, 0.0681895081334448, 0.07855144882842523, 0.11211100461542131, 0.09822625818169314, 0.07451599490225028, 0.06664566612279517, 0.06187559264903003, 0.06882184393190899, 0.06658259285441458, 0.06557818924559437, 0.04935896614283798, 0.0338727981955899], [0.14768445189432391, 0.07907871866065734, 0.08255536128008784, 0.0481356880118931, 1.0, 0.24507626179063724, 0.07579686415283832, 0.08035469724986068, 0.10078294338666413, 0.05109528936761696, 0.1027667629258283, 0.15291976356924264, 0.06767390541344714, 0.07558685613261831, 0.09604629911300518, 0.08163265456271214, 0.08143790517367695, 0.08280670371436245, 0.0759500622813917, 0.04468225570468738], [0.06123983958320878, 0.0576260454708371, 0.031766139027679205, 0.043084891349097654, 0.24507626179063724, 1.0, 0.07984991168154801, 0.11310720484645569, 0.07323419050144497, 0.052553730672400496, 0.14960939956463434, 0.09569715313168062, 0.06929254395244744, 0.05790270666161518, 0.06688866190575173, 0.10849612046252724, 0.11093693223022523, 0.09669966320652051, 0.0661916923190827, 0.04571753185551461], [0.08339064016472894, 0.06243861890820302, 0.05993137275250295, 0.0960301033954743, 0.07579686415283832, 0.07984991168154801, 1.0, 0.5002067940463885, 0.1348574203763153, 0.12899296364321824, 0.12050597783643646, 0.09900763717627539, 0.06523829796000175, 0.08464819842439386, 0.1047389114805004, 0.08294321628479495, 0.1298828936358981, 0.07954386586375663, 0.058034315017761275, 0.06131004458207653], [0.13463806472618028, 0.07974183890726748, 0.04896130174149366, 0.07514045840095586, 0.08035469724986068, 0.11310720484645569, 0.5002067940463885, 1.0, 0.16750193070765354, 0.10069165491307401, 0.17404414094893855, 0.12161760619511655, 0.10472389873767499, 0.11943099265169414, 0.0794946978725197, 0.12475316293747606, 0.10557406451676858, 0.13078640363608088, 0.06276037447519292, 0.08498142749073678], [0.1163673708392979, 0.061295540073064855, 0.08461321451284985, 0.0681895081334448, 0.10078294338666413, 0.07323419050144497, 0.1348574203763153, 0.16750193070765354, 1.0, 0.4436204090900783, 0.1357383241364633, 0.09932020581204186, 0.07966846736972409, 0.10532331260178229, 0.08209245030576895, 0.14745179116697762, 0.09670777945850968, 0.06377298727018538, 0.10131140200198817, 0.07917941478415572], [0.08668447737377911, 0.09619259300620707, 0.07689523390139869, 0.07855144882842523, 0.05109528936761696, 0.052553730672400496, 0.12899296364321824, 0.10069165491307401, 0.4436204090900783, 1.0, 0.08773201406032234, 0.10750170921451718, 0.05586394753121891, 0.056567484466825746, 0.06419614564769086, 0.1485413205513723, 0.08498529006772114, 0.0534281871235972, 0.037179867877020815, 0.03645014867145938], [0.1336933848828921, 0.10927155554164984, 0.11150216954850406, 0.11211100461542131, 0.1027667629258283, 0.14960939956463434, 0.12050597783643646, 0.17404414094893855, 0.1357383241364633, 0.08773201406032234, 1.0, 1.0, 0.08134297871404493, 0.12256339350408647, 0.24932768314152234, 0.1131317549598199, 0.11424345689139495, 0.21127197544926707, 0.14640349358181043, 0.08173160042576247], [0.1284202606122318, 0.09244425149414932, 0.12052314936288971, 0.09822625818169314, 0.15291976356924264, 0.09569715313168062, 0.09900763717627539, 0.12161760619511655, 0.09932020581204186, 0.10750170921451718, 1.0, 1.0, 0.12235542229137902, 0.11394464251472465, 0.11509369237112585, 0.08381647427225565, 0.16312264740987786, 0.10260966156158546, 0.0895917151576582, 0.06660705971423977], [0.1117317866813544, 0.09086254074002251, 0.043613745902764206, 0.07451599490225028, 0.06767390541344714, 0.06929254395244744, 0.06523829796000175, 0.10472389873767499, 0.07966846736972409, 0.05586394753121891, 0.08134297871404493, 0.12235542229137902, 1.0, 0.3432811218766757, 0.054489629087284094, 0.10817063010305472, 0.06324389941299673, 0.0571682400682013, 0.04042455936031543, 0.04664325990190487], [0.10308009439634756, 0.05841280109513641, 0.0535472503330916, 0.06664566612279517, 0.07558685613261831, 0.05790270666161518, 0.08464819842439386, 0.11943099265169414, 0.10532331260178229, 0.056567484466825746, 0.12256339350408647, 0.11394464251472465, 0.3432811218766757, 1.0, 0.15035355648276333, 0.11548830252926574, 0.13586347163075638, 0.08471621462963715, 0.06751259490516222, 0.05285102325182282], [0.11118977129207325, 0.06537102152634483, 0.04871107258128721, 0.06187559264903003, 0.09604629911300518, 0.06688866190575173, 0.1047389114805004, 0.0794946978725197, 0.08209245030576895, 0.06419614564769086, 0.24932768314152234, 0.11509369237112585, 0.054489629087284094, 0.15035355648276333, 1.0, 0.4624203902554172, 0.08361159892952212, 0.07264077863666173, 0.05322035434409997, 0.05397536907261908], [0.09165556748555105, 0.15809233305380796, 0.060720105164321574, 0.06882184393190899, 0.08163265456271214, 0.10849612046252724, 0.08294321628479495, 0.12475316293747606, 0.14745179116697762, 0.1485413205513723, 0.1131317549598199, 0.08381647427225565, 0.10817063010305472, 0.11548830252926574, 0.4624203902554172, 1.0, 0.1526471140373676, 0.057094107632033916, 0.09619021737615203, 0.04198539090130978], [0.10469875616889363, 0.06938158458048425, 0.05534737481068532, 0.06658259285441458, 0.08143790517367695, 0.11093693223022523, 0.1298828936358981, 0.10557406451676858, 0.09670777945850968, 0.08498529006772114, 0.11424345689139495, 0.16312264740987786, 0.06324389941299673, 0.13586347163075638, 0.08361159892952212, 0.1526471140373676, 1.0, 0.5209321391497328, 0.06000403953915797, 0.06141203500768721], [0.06497435907166185, 0.06587167152351034, 0.0567123281995458, 0.06557818924559437, 0.08280670371436245, 0.09669966320652051, 0.07954386586375663, 0.13078640363608088, 0.06377298727018538, 0.0534281871235972, 0.21127197544926707, 0.10260966156158546, 0.0571682400682013, 0.08471621462963715, 0.07264077863666173, 0.057094107632033916, 0.5209321391497328, 1.0, 0.04063466031471851, 0.04410379269047868], [0.06550082250624285, 0.09561522584090722, 0.044286975645977764, 0.04935896614283798, 0.0759500622813917, 0.0661916923190827, 0.058034315017761275, 0.06276037447519292, 0.10131140200198817, 0.037179867877020815, 0.14640349358181043, 0.0895917151576582, 0.04042455936031543, 0.06751259490516222, 0.05322035434409997, 0.09619021737615203, 0.06000403953915797, 0.04063466031471851, 1.0, 0.13936858115214223], [0.1079459471944874, 0.041972915455295405, 0.04659832428825581, 0.0338727981955899, 0.04468225570468738, 0.04571753185551461, 0.06131004458207653, 0.08498142749073678, 0.07917941478415572, 0.03645014867145938, 0.08173160042576247, 0.06660705971423977, 0.04664325990190487, 0.05285102325182282, 0.05397536907261908, 0.04198539090130978, 0.06141203500768721, 0.04410379269047868, 0.13936858115214223, 1.0]], "meta_info": {"source": "pretrained"}}