{"model": "LSING", "dataset": "0.5_dim20_pair_gau", "N": 500, "seed": 120, "metrics": {"TP": 9, "FP": 10, "FN": 1, "TN": 170, "TPR": 0.9, "FDR": 0.5263157894736842, "FPR": 0.05555555555555555, "Hamming": 11}, "omega": [[1.0, 0.2972186951506792, 0.07080826846743968, 0.05212593461444462, 0.12291087550171179, 0.1288578283414537, 0.10804528823626545, 0.04706395014736672, 0.07572028650312447, 0.04109221205259138, 0.06821310601971511, 0.09488643641576346, 0.04832983746427932, 0.054827608713850236, 0.04564213944431445, 0.08702876355962824, 0.04380625151984603, 0.05313392060668657, 0.04990424300457626, 0.03273583744530276], [0.2972186951506792, 1.0, 0.17270373359121044, 0.09313699511460845, 0.17248240421928387, 0.220347174536402, 0.11243536684970369, 0.10741818005965066, 0.06940682695325753, 0.11474273989923144, 0.11992160999537982, 0.08840318643898679, 0.0640640698220902, 0.0993774963160233, 0.10947007359077274, 0.11452287202808407, 0.07549301165420616, 0.10311123291134475, 0.07681487406836977, 0.09542973020083469], [0.07080826846743968, 0.17270373359121044, 1.0, 0.3924777702670751, 0.10600544443473511, 0.18157822648487332, 0.11002306799161787, 0.07380118868219918, 0.08852787120245091, 0.056538352764662105, 0.14507788727895948, 0.07936486007316074, 0.08280201722305976, 0.07954786904769375, 0.0897474189972758, 0.08667837448669567, 0.08757495930370736, 0.09039165389702679, 0.05944972927037137, 0.060118073194101534], [0.05212593461444462, 0.09313699511460845, 0.3924777702670751, 1.0, 0.12538639478977268, 0.14402095440132873, 0.08426501202333075, 0.045060802640924255, 0.04967111067478639, 0.03658994221180008, 0.08223637624937274, 0.06673818965811441, 0.05583406816470241, 0.05507566021193445, 0.09304111377684092, 0.06458669599666625, 0.1008637890456002, 0.05946690955636335, 0.0437082582751934, 0.046916359611219365], [0.12291087550171179, 0.17248240421928387, 0.10600544443473511, 0.12538639478977268, 1.0, 1.0, 0.24090112465163102, 0.1039838961743725, 0.10781613868739477, 0.15299014068513625, 0.17033433475468748, 0.17447613996678185, 0.11740809264353966, 0.098322694474869, 0.1406405030990703, 0.1449308993249397, 0.13272848498686715, 0.09569211550171791, 0.15506200550962837, 0.10381501057713365], [0.1288578283414537, 0.220347174536402, 0.18157822648487332, 0.14402095440132873, 1.0, 1.0, 0.3023531004246922, 0.22591743224566557, 0.17734676661699605, 0.15753903699188554, 0.29922185413487645, 0.24986021625008284, 0.13668071594867698, 0.20744685531708523, 0.2594584427992316, 0.2305250009220463, 0.21526102556953003, 0.19776994684575228, 0.14342613697491377, 0.1720191601221784], [0.10804528823626545, 0.11243536684970369, 0.11002306799161787, 0.08426501202333075, 0.24090112465163102, 0.3023531004246922, 1.0, 0.3871930599679021, 0.09000422419636205, 0.0610428378121318, 0.08888272703496385, 0.0881993262098816, 0.11637237830863499, 0.06783702973151695, 0.07981955515589163, 0.1724738877252146, 0.06931333681440884, 0.09058509423772328, 0.07652365473444378, 0.09510185283100353], [0.04706395014736672, 0.10741818005965066, 0.07380118868219918, 0.045060802640924255, 0.1039838961743725, 0.22591743224566557, 0.3871930599679021, 1.0, 0.05994057928075491, 0.05544119609529842, 0.08521701909240342, 0.06959475031980851, 0.06093573314311888, 0.06609580745928573, 0.1050624320995155, 0.08426167390964008, 0.057927407868444726, 0.05363891121099648, 0.035943566710776954, 0.037567973176946115], [0.07572028650312447, 0.06940682695325753, 0.08852787120245091, 0.04967111067478639, 0.10781613868739477, 0.17734676661699605, 0.09000422419636205, 0.05994057928075491, 1.0, 0.1045189871906726, 0.10540481926438611, 0.04934060107318538, 0.07532074777113479, 0.0691242867149273, 0.09158535761393699, 0.1106948303733224, 0.055391153084325226, 0.1653170752721873, 0.050151470017273256, 0.037052160962809166], [0.04109221205259138, 0.11474273989923144, 0.056538352764662105, 0.03658994221180008, 0.15299014068513625, 0.15753903699188554, 0.0610428378121318, 0.05544119609529842, 0.1045189871906726, 1.0, 0.07058828007986681, 0.03884557545560183, 0.051193556419056804, 0.04406396537452144, 0.08500887766075399, 0.0940796554653472, 0.04436437456413226, 0.06454758554714993, 0.035820957507974364, 0.03868344164763017], [0.06821310601971511, 0.11992160999537982, 0.14507788727895948, 0.08223637624937274, 0.17033433475468748, 0.29922185413487645, 0.08888272703496385, 0.08521701909240342, 0.10540481926438611, 0.07058828007986681, 1.0, 0.44323711556981926, 0.12506259010994006, 0.09304441554430803, 0.1532135379658878, 0.1041352322845063, 0.10884482672339636, 0.1495286086099383, 0.06559879102513032, 0.09758516264514194], [0.09488643641576346, 0.08840318643898679, 0.07936486007316074, 0.06673818965811441, 0.17447613996678185, 0.24986021625008284, 0.0881993262098816, 0.06959475031980851, 0.04934060107318538, 0.03884557545560183, 0.44323711556981926, 1.0, 0.05235854853230888, 0.0735939673838937, 0.0988652441188367, 0.11362305431013414, 0.12085082606931738, 0.07393008960759699, 0.04384997793975525, 0.10611472031236634], [0.04832983746427932, 0.0640640698220902, 0.08280201722305976, 0.05583406816470241, 0.11740809264353966, 0.13668071594867698, 0.11637237830863499, 0.06093573314311888, 0.07532074777113479, 0.051193556419056804, 0.12506259010994006, 0.05235854853230888, 1.0, 0.38596746530925125, 0.09542177611675111, 0.08127092681645799, 0.04990640273543974, 0.04653484095428196, 0.03604942030451555, 0.04171951152511968], [0.054827608713850236, 0.0993774963160233, 0.07954786904769375, 0.05507566021193445, 0.098322694474869, 0.20744685531708523, 0.06783702973151695, 0.06609580745928573, 0.0691242867149273, 0.04406396537452144, 0.09304441554430803, 0.0735939673838937, 0.38596746530925125, 1.0, 0.06874512291068516, 0.11900565838008478, 0.12673628205526494, 0.09266101644854087, 0.04771502770194383, 0.04797209497643158], [0.04564213944431445, 0.10947007359077274, 0.0897474189972758, 0.09304111377684092, 0.1406405030990703, 0.2594584427992316, 0.07981955515589163, 0.1050624320995155, 0.09158535761393699, 0.08500887766075399, 0.1532135379658878, 0.0988652441188367, 0.09542177611675111, 0.06874512291068516, 1.0, 0.7823195746680748, 0.08320830487487793, 0.08790650381620044, 0.08241803467475639, 0.06304034974096238], [0.08702876355962824, 0.11452287202808407, 0.08667837448669567, 0.06458669599666625, 0.1449308993249397, 0.2305250009220463, 0.1724738877252146, 0.08426167390964008, 0.1106948303733224, 0.0940796554653472, 0.1041352322845063, 0.11362305431013414, 0.08127092681645799, 0.11900565838008478, 0.7823195746680748, 1.0, 0.09749924973742723, 0.11955729840586228, 0.09299259730725751, 0.06630905075294836], [0.04380625151984603, 0.07549301165420616, 0.08757495930370736, 0.1008637890456002, 0.13272848498686715, 0.21526102556953003, 0.06931333681440884, 0.057927407868444726, 0.055391153084325226, 0.04436437456413226, 0.10884482672339636, 0.12085082606931738, 0.04990640273543974, 0.12673628205526494, 0.08320830487487793, 0.09749924973742723, 1.0, 0.4452112128788367, 0.1074328371525435, 0.05537276954703729], [0.05313392060668657, 0.10311123291134475, 0.09039165389702679, 0.05946690955636335, 0.09569211550171791, 0.19776994684575228, 0.09058509423772328, 0.05363891121099648, 0.1653170752721873, 0.06454758554714993, 0.1495286086099383, 0.07393008960759699, 0.04653484095428196, 0.09266101644854087, 0.08790650381620044, 0.11955729840586228, 0.4452112128788367, 1.0, 0.1025473958581221, 0.048723369504584904], [0.04990424300457626, 0.07681487406836977, 0.05944972927037137, 0.0437082582751934, 0.15506200550962837, 0.14342613697491377, 0.07652365473444378, 0.035943566710776954, 0.050151470017273256, 0.035820957507974364, 0.06559879102513032, 0.04384997793975525, 0.03604942030451555, 0.04771502770194383, 0.08241803467475639, 0.09299259730725751, 0.1074328371525435, 0.1025473958581221, 1.0, 0.22237116947149838], [0.03273583744530276, 0.09542973020083469, 0.060118073194101534, 0.046916359611219365, 0.10381501057713365, 0.1720191601221784, 0.09510185283100353, 0.037567973176946115, 0.037052160962809166, 0.03868344164763017, 0.09758516264514194, 0.10611472031236634, 0.04171951152511968, 0.04797209497643158, 0.06304034974096238, 0.06630905075294836, 0.05537276954703729, 0.048723369504584904, 0.22237116947149838, 1.0]], "meta_info": {"source": "pretrained"}}