{"model": "LSING", "dataset": "dim6_butterfly", "N": 2000, "seed": 123450, "metrics": {"TP": 2, "FP": 0, "FN": 1, "TN": 12, "TPR": 0.6666666666666666, "FDR": 0.0, "FPR": 0.0, "Hamming": 1}, "omega": [[1.0, 0.9410026981759573, 0.042410749683790626, 0.04140642789999172, 0.043145571775084185, 0.07552085864898546], [0.9410026981759573, 1.0, 0.055166324079919345, 0.06872758137905091, 0.050710897419185566, 0.11609943403898519], [0.042410749683790626, 0.055166324079919345, 1.0, 0.1942349239246549, 0.01766555279638473, 0.08025643713821018], [0.04140642789999172, 0.06872758137905091, 0.1942349239246549, 1.0, 0.025402522397570602, 0.08135785940714167], [0.043145571775084185, 0.050710897419185566, 0.01766555279638473, 0.025402522397570602, 1.0, 1.0], [0.07552085864898546, 0.11609943403898519, 0.08025643713821018, 0.08135785940714167, 1.0, 1.0]], "meta_info": {"source": "pretrained"}}