{"model": "LSING", "dataset": "dim6_butterfly", "N": 2000, "seed": 120, "metrics": {"TP": 3, "FP": 0, "FN": 0, "TN": 12, "TPR": 1.0, "FDR": 0.0, "FPR": 0.0, "Hamming": 0}, "omega": [[1.0, 0.7281848386551664, 0.031795927375728485, 0.05226207468333844, 0.017174549609405752, 0.07893421829418866], [0.7281848386551664, 1.0, 0.08535694240178565, 0.10387262199833623, 0.04845773062711199, 0.1399746807811116], [0.031795927375728485, 0.08535694240178565, 1.0, 0.7431324543813631, 0.027186023425124696, 0.09557957076001282], [0.05226207468333844, 0.10387262199833623, 0.7431324543813631, 1.0, 0.05223607413710655, 0.12493195083846094], [0.017174549609405752, 0.04845773062711199, 0.027186023425124696, 0.05223607413710655, 1.0, 1.0], [0.07893421829418866, 0.1399746807811116, 0.09557957076001282, 0.12493195083846094, 1.0, 1.0]], "meta_info": {"source": "pretrained"}}