{"model": "LSING", "dataset": "dim20_cop_gau", "N": 10000, "seed": 123450, "metrics": {"TP": 19, "FP": 0, "FN": 0, "TN": 171, "TPR": 1.0, "FDR": 0.0, "FPR": 0.0, "Hamming": 0}, "omega": [[1.0, 0.7732181152076936, 0.04460659620069545, 0.051028313206474274, 0.04822741211036448, 0.053967083863319276, 0.05731553818282408, 0.043537041371213635, 0.04756547283514767, 0.05485771726165891, 0.050182302536555576, 0.041838752347018726, 0.05573100811709638, 0.05643902413252779, 0.04623377836210026, 0.058524055924926176, 0.05848021300171302, 0.052743504508547784, 0.057421373995461426, 0.03279279586576392], [0.7732181152076936, 1.0, 0.6523994632236846, 0.07224366932037844, 0.06107790985742925, 0.07194757078460828, 0.0816576207529664, 0.06300964819192025, 0.06772039946509521, 0.06935587193061522, 0.06199791916778356, 0.058137235176201923, 0.05847089757866844, 0.06124231878873585, 0.06309294113567607, 0.06441863598240614, 0.0664193887023797, 0.08399755949562823, 0.0764990208505876, 0.056940063599873005], [0.04460659620069545, 0.6523994632236846, 1.0, 0.6663782513783187, 0.06639576385377238, 0.06068807711108996, 0.07994440495741925, 0.05620826515019854, 0.052420814615192386, 0.06089310089696834, 0.05599745455984077, 0.044143115726264046, 0.047249183842872786, 0.05031457861951916, 0.0515487763218699, 0.047978444676433606, 0.05215822170984977, 0.0538640585986183, 0.05020182203566278, 0.04479359998789742], [0.051028313206474274, 0.07224366932037844, 0.6663782513783187, 1.0, 0.6360632199519088, 0.09430175929773446, 0.08920450082251254, 0.062429859770748705, 0.07243505951187418, 0.08353543393274533, 0.06869450126336242, 0.06061609459203529, 0.05696727880162447, 0.057805678247796415, 0.06042636960957701, 0.07201814315591222, 0.06635878809017023, 0.07158400935080021, 0.08576840614521855, 0.05794344220990973], [0.04822741211036448, 0.06107790985742925, 0.06639576385377238, 0.6360632199519088, 1.0, 0.577266505136083, 0.08709427969730874, 0.0517838372295954, 0.05932430502590175, 0.06764376735748917, 0.05400187942152802, 0.05076319568177148, 0.05452637153049717, 0.05279829394736513, 0.06231987799375667, 0.06201102964283934, 0.06256061360896294, 0.045645400711483874, 0.07088217491623462, 0.051625580636459334], [0.053967083863319276, 0.07194757078460828, 0.06068807711108996, 0.09430175929773446, 0.577266505136083, 1.0, 0.8221535433334894, 0.0651323754431438, 0.05306876450990049, 0.060294991927196555, 0.0604717071594384, 0.06009665334638069, 0.05699977393447026, 0.05771197165532838, 0.06447633831859337, 0.058156991866059826, 0.055744740811724196, 0.06202482894582865, 0.05893557862820099, 0.04797942268213169], [0.05731553818282408, 0.0816576207529664, 0.07994440495741925, 0.08920450082251254, 0.08709427969730874, 0.8221535433334894, 1.0, 1.0, 0.09426900098063104, 0.08414710663934992, 0.0876059553827692, 0.09835041371005689, 0.06928720683288198, 0.09764164225833044, 0.09927110372537382, 0.09139567547584883, 0.08452660534209197, 0.08911147006122459, 0.09862819007263261, 0.07220870155518633], [0.043537041371213635, 0.06300964819192025, 0.05620826515019854, 0.062429859770748705, 0.0517838372295954, 0.0651323754431438, 1.0, 1.0, 0.8712112189223581, 0.07481468709042356, 0.0548502246332875, 0.0642843925158871, 0.05103389206289825, 0.06246262783541722, 0.056593198120482295, 0.058070673927935496, 0.05448641463656945, 0.059692741866852625, 0.0646761699014633, 0.04936888285053947], [0.04756547283514767, 0.06772039946509521, 0.052420814615192386, 0.07243505951187418, 0.05932430502590175, 0.05306876450990049, 0.09426900098063104, 0.8712112189223581, 1.0, 0.965053965379664, 0.06628617035479005, 0.057477914746807905, 0.05980673314228799, 0.06138428720059444, 0.06175766443245543, 0.07398265117966592, 0.052346518674021306, 0.0702356221725238, 0.06125045313180948, 0.04529702923328564], [0.05485771726165891, 0.06935587193061522, 0.06089310089696834, 0.08353543393274533, 0.06764376735748917, 0.060294991927196555, 0.08414710663934992, 0.07481468709042356, 0.965053965379664, 1.0, 0.8537626874957143, 0.11374137385977533, 0.07485642941335827, 0.06111907382483485, 0.06326417011336236, 0.06557492139693473, 0.06155544144694832, 0.08210661959485169, 0.07596502324105447, 0.053530635011496665], [0.050182302536555576, 0.06199791916778356, 0.05599745455984077, 0.06869450126336242, 0.05400187942152802, 0.0604717071594384, 0.0876059553827692, 0.0548502246332875, 0.06628617035479005, 0.8537626874957143, 1.0, 0.7338809974623579, 0.06535199133397274, 0.06822556540166493, 0.0489111745592398, 0.05933889388166393, 0.04992861078274091, 0.060437847367478995, 0.05971702467610401, 0.04597899325640052], [0.041838752347018726, 0.058137235176201923, 0.044143115726264046, 0.06061609459203529, 0.05076319568177148, 0.06009665334638069, 0.09835041371005689, 0.0642843925158871, 0.057477914746807905, 0.11374137385977533, 0.7338809974623579, 1.0, 0.867111938906109, 0.05246700995078234, 0.0459892769375781, 0.05188856669359421, 0.04841907198449456, 0.08241170213645312, 0.078721618404609, 0.043476470001699456], [0.05573100811709638, 0.05847089757866844, 0.047249183842872786, 0.05696727880162447, 0.05452637153049717, 0.05699977393447026, 0.06928720683288198, 0.05103389206289825, 0.05980673314228799, 0.07485642941335827, 0.06535199133397274, 0.867111938906109, 1.0, 0.8157980269160685, 0.051988718051185684, 0.05897873434807479, 0.049885001801090095, 0.050407373814650595, 0.05244472864156425, 0.03843285562639595], [0.05643902413252779, 0.06124231878873585, 0.05031457861951916, 0.057805678247796415, 0.05279829394736513, 0.05771197165532838, 0.09764164225833044, 0.06246262783541722, 0.06138428720059444, 0.06111907382483485, 0.06822556540166493, 0.05246700995078234, 0.8157980269160685, 1.0, 0.6992293653014652, 0.08363019651143223, 0.06637580408964162, 0.06506742741690097, 0.07990342294456214, 0.04163732541266122], [0.04623377836210026, 0.06309294113567607, 0.0515487763218699, 0.06042636960957701, 0.06231987799375667, 0.06447633831859337, 0.09927110372537382, 0.056593198120482295, 0.06175766443245543, 0.06326417011336236, 0.0489111745592398, 0.0459892769375781, 0.051988718051185684, 0.6992293653014652, 1.0, 0.718064286413511, 0.06910820579662483, 0.0695246835121574, 0.06791011307539421, 0.04427966611652276], [0.058524055924926176, 0.06441863598240614, 0.047978444676433606, 0.07201814315591222, 0.06201102964283934, 0.058156991866059826, 0.09139567547584883, 0.058070673927935496, 0.07398265117966592, 0.06557492139693473, 0.05933889388166393, 0.05188856669359421, 0.05897873434807479, 0.08363019651143223, 0.718064286413511, 1.0, 0.7838715280277848, 0.061915669213493146, 0.06916719156221653, 0.04904953962120078], [0.05848021300171302, 0.0664193887023797, 0.05215822170984977, 0.06635878809017023, 0.06256061360896294, 0.055744740811724196, 0.08452660534209197, 0.05448641463656945, 0.052346518674021306, 0.06155544144694832, 0.04992861078274091, 0.04841907198449456, 0.049885001801090095, 0.06637580408964162, 0.06910820579662483, 0.7838715280277848, 1.0, 0.679021779075674, 0.07541764222464285, 0.045004839471119475], [0.052743504508547784, 0.08399755949562823, 0.0538640585986183, 0.07158400935080021, 0.045645400711483874, 0.06202482894582865, 0.08911147006122459, 0.059692741866852625, 0.0702356221725238, 0.08210661959485169, 0.060437847367478995, 0.08241170213645312, 0.050407373814650595, 0.06506742741690097, 0.0695246835121574, 0.061915669213493146, 0.679021779075674, 1.0, 0.9282567251830761, 0.05470704589876267], [0.057421373995461426, 0.0764990208505876, 0.05020182203566278, 0.08576840614521855, 0.07088217491623462, 0.05893557862820099, 0.09862819007263261, 0.0646761699014633, 0.06125045313180948, 0.07596502324105447, 0.05971702467610401, 0.078721618404609, 0.05244472864156425, 0.07990342294456214, 0.06791011307539421, 0.06916719156221653, 0.07541764222464285, 0.9282567251830761, 1.0, 0.7760879283398524], [0.03279279586576392, 0.056940063599873005, 0.04479359998789742, 0.05794344220990973, 0.051625580636459334, 0.04797942268213169, 0.07220870155518633, 0.04936888285053947, 0.04529702923328564, 0.053530635011496665, 0.04597899325640052, 0.043476470001699456, 0.03843285562639595, 0.04163732541266122, 0.04427966611652276, 0.04904953962120078, 0.045004839471119475, 0.05470704589876267, 0.7760879283398524, 1.0]], "meta_info": {"source": "pretrained"}}