{"model": "LSING", "dataset": "dim20_cop_gau", "N": 10000, "seed": 12340, "metrics": {"TP": 19, "FP": 0, "FN": 0, "TN": 171, "TPR": 1.0, "FDR": 0.0, "FPR": 0.0, "Hamming": 0}, "omega": [[1.0, 0.9066440272252841, 0.07942170834176568, 0.05264296078999637, 0.045557688651416094, 0.056212958412677615, 0.04069265714328317, 0.03620371367138654, 0.033924781928102665, 0.03802607391298599, 0.0567351947384377, 0.04781078215434501, 0.07489389662693191, 0.053050891876814166, 0.056616782890435216, 0.04977096658494316, 0.05923825678244437, 0.054488669697959284, 0.041952454184552, 0.04229001388522273], [0.9066440272252841, 1.0, 1.0, 0.05595466445104614, 0.08416933914382478, 0.0720124510169057, 0.07584807140015838, 0.05726394804553182, 0.04795311820119255, 0.06141689143058113, 0.06449186775771573, 0.0662819110584564, 0.07533240221682017, 0.057673671731225784, 0.055807869347494855, 0.05727650811792261, 0.06500952490416698, 0.0619583130524135, 0.05550646325088878, 0.047274314599951704], [0.07942170834176568, 1.0, 1.0, 0.9649966002398692, 0.07226180970475754, 0.08604365835226044, 0.07044216608207352, 0.04353027384279004, 0.050955520674415083, 0.05224118103658279, 0.0572734179309056, 0.058968060122678606, 0.08184793943953654, 0.056870547833845694, 0.04238262643371477, 0.059555866230453176, 0.06582710047496108, 0.05377541862965484, 0.05619759459948198, 0.040253743664549], [0.05264296078999637, 0.05595466445104614, 0.9649966002398692, 1.0, 0.7374749030877222, 0.08986244837051231, 0.0870831703361984, 0.04783894232505576, 0.042012928656064284, 0.05189723833748371, 0.058261068630125826, 0.05589776329702853, 0.085093573027722, 0.06225634119576177, 0.043692873649098546, 0.05185883342459483, 0.0585362840387334, 0.07067381526585863, 0.0509802487706943, 0.03564656126840009], [0.045557688651416094, 0.08416933914382478, 0.07226180970475754, 0.7374749030877222, 1.0, 0.8540982707033606, 0.0647754019867339, 0.042498713711304203, 0.039030896864621537, 0.04455150871035146, 0.053040812138214474, 0.045569993958281776, 0.07156242157709924, 0.05509247983281383, 0.03931132770633642, 0.05486353802774375, 0.04844432461400568, 0.0507484081827582, 0.04678901663527533, 0.034988925646230046], [0.056212958412677615, 0.0720124510169057, 0.08604365835226044, 0.08986244837051231, 0.8540982707033606, 1.0, 0.936749930693217, 0.10966370676119508, 0.06623310960009722, 0.06327762886446829, 0.07516574332248206, 0.07054284466549397, 0.08630791752325964, 0.059414866052576676, 0.05544178052811199, 0.06553337562493851, 0.07267621949207917, 0.0705263363874783, 0.05876453546883129, 0.03949220198896422], [0.04069265714328317, 0.07584807140015838, 0.07044216608207352, 0.0870831703361984, 0.0647754019867339, 0.936749930693217, 1.0, 0.7736345634437228, 0.05254293694077515, 0.06068738948984336, 0.05611053079132569, 0.07598728953938773, 0.09464807751664303, 0.08694687474035037, 0.06637270526751404, 0.051660643006431306, 0.06014603254941374, 0.08842148400026037, 0.05129789517950467, 0.040195471000787415], [0.03620371367138654, 0.05726394804553182, 0.04353027384279004, 0.04783894232505576, 0.042498713711304203, 0.10966370676119508, 0.7736345634437228, 1.0, 0.5645455137211379, 0.049458750773906386, 0.04367657129554875, 0.04166089946159306, 0.06086020763775745, 0.05631307334387413, 0.03578385876597641, 0.03477114864329147, 0.04166561064376466, 0.041795964790760254, 0.04565276635337002, 0.026652394411543698], [0.033924781928102665, 0.04795311820119255, 0.050955520674415083, 0.042012928656064284, 0.039030896864621537, 0.06623310960009722, 0.05254293694077515, 0.5645455137211379, 1.0, 0.5939873899882862, 0.03859670776834524, 0.04416300976495929, 0.06533486179976125, 0.04557915495695672, 0.04028363571281905, 0.03978235088143486, 0.03536404346142511, 0.048512641375594016, 0.037007079134005465, 0.03296091682472162], [0.03802607391298599, 0.06141689143058113, 0.05224118103658279, 0.05189723833748371, 0.04455150871035146, 0.06327762886446829, 0.06068738948984336, 0.049458750773906386, 0.5939873899882862, 1.0, 0.7118142646644303, 0.06530553868382966, 0.05777973075133199, 0.0599014761257088, 0.050623522914366385, 0.04511802671645012, 0.053614129611773455, 0.05675992415474554, 0.045558903077753406, 0.039233224252503696], [0.0567351947384377, 0.06449186775771573, 0.0572734179309056, 0.058261068630125826, 0.053040812138214474, 0.07516574332248206, 0.05611053079132569, 0.04367657129554875, 0.03859670776834524, 0.7118142646644303, 1.0, 0.8244811368753947, 0.08273279686947502, 0.04430783538579833, 0.047196089703485246, 0.04573894046223136, 0.0721950188962626, 0.05518483959582371, 0.046338983235382984, 0.04473538077799235], [0.04781078215434501, 0.0662819110584564, 0.058968060122678606, 0.05589776329702853, 0.045569993958281776, 0.07054284466549397, 0.07598728953938773, 0.04166089946159306, 0.04416300976495929, 0.06530553868382966, 0.8244811368753947, 1.0, 0.8161817684066587, 0.10018339580131208, 0.06600157393877407, 0.04832106430085434, 0.059942787741635466, 0.0501817014125658, 0.05526255100115406, 0.0442817489800614], [0.07489389662693191, 0.07533240221682017, 0.08184793943953654, 0.085093573027722, 0.07156242157709924, 0.08630791752325964, 0.09464807751664303, 0.06086020763775745, 0.06533486179976125, 0.05777973075133199, 0.08273279686947502, 0.8161817684066587, 1.0, 0.5850481983636798, 0.06229490979220046, 0.07596046919773392, 0.06477096933060271, 0.056752881802017756, 0.05733164439366523, 0.06809194091264625], [0.053050891876814166, 0.057673671731225784, 0.056870547833845694, 0.06225634119576177, 0.05509247983281383, 0.059414866052576676, 0.08694687474035037, 0.05631307334387413, 0.04557915495695672, 0.0599014761257088, 0.04430783538579833, 0.10018339580131208, 0.5850481983636798, 1.0, 0.5593582447446281, 0.05953178890828732, 0.04952007798391204, 0.04498907443985694, 0.04395137353519591, 0.040419811186061985], [0.056616782890435216, 0.055807869347494855, 0.04238262643371477, 0.043692873649098546, 0.03931132770633642, 0.05544178052811199, 0.06637270526751404, 0.03578385876597641, 0.04028363571281905, 0.050623522914366385, 0.047196089703485246, 0.06600157393877407, 0.06229490979220046, 0.5593582447446281, 1.0, 0.6319859452644744, 0.04867000462833718, 0.061938805669356105, 0.048902567271932526, 0.030791833903733544], [0.04977096658494316, 0.05727650811792261, 0.059555866230453176, 0.05185883342459483, 0.05486353802774375, 0.06553337562493851, 0.051660643006431306, 0.03477114864329147, 0.03978235088143486, 0.04511802671645012, 0.04573894046223136, 0.04832106430085434, 0.07596046919773392, 0.05953178890828732, 0.6319859452644744, 1.0, 0.6295898292998117, 0.0651001739100756, 0.03273163445226563, 0.03308163872282225], [0.05923825678244437, 0.06500952490416698, 0.06582710047496108, 0.0585362840387334, 0.04844432461400568, 0.07267621949207917, 0.06014603254941374, 0.04166561064376466, 0.03536404346142511, 0.053614129611773455, 0.0721950188962626, 0.059942787741635466, 0.06477096933060271, 0.04952007798391204, 0.04867000462833718, 0.6295898292998117, 1.0, 0.6969995305766996, 0.04899002972873433, 0.05640471501131064], [0.054488669697959284, 0.0619583130524135, 0.05377541862965484, 0.07067381526585863, 0.0507484081827582, 0.0705263363874783, 0.08842148400026037, 0.041795964790760254, 0.048512641375594016, 0.05675992415474554, 0.05518483959582371, 0.0501817014125658, 0.056752881802017756, 0.04498907443985694, 0.061938805669356105, 0.0651001739100756, 0.6969995305766996, 1.0, 0.6324324528679026, 0.051415524250531044], [0.041952454184552, 0.05550646325088878, 0.05619759459948198, 0.0509802487706943, 0.04678901663527533, 0.05876453546883129, 0.05129789517950467, 0.04565276635337002, 0.037007079134005465, 0.045558903077753406, 0.046338983235382984, 0.05526255100115406, 0.05733164439366523, 0.04395137353519591, 0.048902567271932526, 0.03273163445226563, 0.04899002972873433, 0.6324324528679026, 1.0, 0.6325216023212904], [0.04229001388522273, 0.047274314599951704, 0.040253743664549, 0.03564656126840009, 0.034988925646230046, 0.03949220198896422, 0.040195471000787415, 0.026652394411543698, 0.03296091682472162, 0.039233224252503696, 0.04473538077799235, 0.0442817489800614, 0.06809194091264625, 0.040419811186061985, 0.030791833903733544, 0.03308163872282225, 0.05640471501131064, 0.051415524250531044, 0.6325216023212904, 1.0]], "meta_info": {"source": "pretrained"}}