{"model": "LSING", "dataset": "0.1_dim20_pair_gau", "N": 1000, "seed": 120, "metrics": {"TP": 10, "FP": 159, "FN": 0, "TN": 21, "TPR": 1.0, "FDR": 0.9408284023668639, "FPR": 0.8833333333333333, "Hamming": 159}, "omega": [[1.0, 0.38622838261878284, 0.16704478878089468, 0.39555527445899313, 0.16443201168380978, 0.45794669416803174, 0.2594556135749701, 0.24776925068392291, 0.35736553551034134, 0.33455851972615136, 0.2764619619323777, 0.26573270016244005, 0.3549975388600357, 0.2872720915208058, 0.43655271671076534, 0.19456271117528057, 0.2258910465316961, 0.19292901027387166, 0.2623158610138538, 0.30397477808537054], [0.38622838261878284, 1.0, 0.29872851397912226, 0.33700764634573316, 0.28257078190894236, 0.3318834533227874, 0.344728545482808, 0.37134870401655806, 0.3136812642634248, 0.47119101917911105, 0.2792034664631525, 0.29663457887858413, 0.502684868563181, 0.3711207582093715, 0.3213643453001824, 0.32786467607748476, 0.3018251929321504, 0.4559675013266539, 0.4069007387477531, 0.3248949122983664], [0.16704478878089468, 0.29872851397912226, 1.0, 0.43458199247955503, 0.21985626135640055, 0.463472775743475, 0.29360458310696236, 0.3997916653511636, 0.3251946190337017, 0.2881601899959476, 0.22858846413901487, 0.2936322799073755, 0.25993687112733477, 0.23888395754132927, 0.3825036131786893, 0.20931899084348338, 0.2189961218324577, 0.23363863945748192, 0.2828341978572342, 0.2160125096531328], [0.39555527445899313, 0.33700764634573316, 0.43458199247955503, 1.0, 0.1815093516137991, 0.2188061422977717, 0.19873953115084217, 0.22862978708135973, 0.27893459093979983, 0.2042411073267429, 0.31226227055451933, 0.2473992875379922, 0.33038812814377205, 0.20962856242686706, 0.29967920950276994, 0.17040286056201984, 0.18585366884469898, 0.1964400128449326, 0.175757524018198, 0.22653329886012508], [0.16443201168380978, 0.28257078190894236, 0.21985626135640055, 0.1815093516137991, 1.0, 0.23799154497608194, 0.21966522182071108, 0.2366991188063486, 0.23875305881526127, 0.1960130205052293, 0.19450885058665812, 0.21871270263942302, 0.4214002189255406, 0.18021346049454906, 0.37618985397585747, 0.17717131460389826, 0.22549486830718501, 0.14411934922868286, 0.22673094345583078, 0.2489566854639418], [0.45794669416803174, 0.3318834533227874, 0.463472775743475, 0.2188061422977717, 0.23799154497608194, 1.0, 0.24694802345488157, 0.3709032072507351, 0.3097704760450829, 0.3946025957076616, 0.728665707437945, 0.2898150795195656, 0.46473007370791064, 0.3858185497576895, 0.41319409008180313, 0.21860216619069583, 0.2724674222369017, 0.6326112659687726, 0.6894626759171396, 0.39470904032455817], [0.2594556135749701, 0.344728545482808, 0.29360458310696236, 0.19873953115084217, 0.21966522182071108, 0.24694802345488157, 1.0, 0.7158541021913458, 0.28844550123378415, 0.2513070325276467, 0.2714794443123686, 0.3334850920433065, 0.45097082756421136, 0.22301538918575123, 0.3359916410828396, 0.3274124374773225, 0.2530875207723154, 0.23023302720124425, 0.28223055578041, 0.25655015082446536], [0.24776925068392291, 0.37134870401655806, 0.3997916653511636, 0.22862978708135973, 0.2366991188063486, 0.3709032072507351, 0.7158541021913458, 1.0, 0.37579870220771766, 0.2577785324174408, 0.6367853675546641, 0.26515161445105523, 0.30165232728463326, 0.238008305529583, 0.7487514384954478, 0.3307898400294357, 0.3204199755889747, 0.2221561272970478, 0.2870328618319694, 0.3869227174696349], [0.35736553551034134, 0.3136812642634248, 0.3251946190337017, 0.27893459093979983, 0.23875305881526127, 0.3097704760450829, 0.28844550123378415, 0.37579870220771766, 1.0, 0.3509714840809619, 0.2996668314265359, 0.26978924421768885, 0.30075815374997694, 0.3188951470486962, 0.3310060688362828, 0.27463659461296547, 0.19871632510736842, 0.27137138119931614, 0.27084861833884255, 0.28482875501423216], [0.33455851972615136, 0.47119101917911105, 0.2881601899959476, 0.2042411073267429, 0.1960130205052293, 0.3946025957076616, 0.2513070325276467, 0.2577785324174408, 0.3509714840809619, 1.0, 0.2727726455365991, 0.3351634155676033, 0.4985074160063753, 0.2587111623325885, 0.5329417081740644, 0.21277659443926208, 0.22736513749706136, 0.25954247666795316, 0.23798925970510135, 0.3389118412666506], [0.2764619619323777, 0.2792034664631525, 0.22858846413901487, 0.31226227055451933, 0.19450885058665812, 0.728665707437945, 0.2714794443123686, 0.6367853675546641, 0.2996668314265359, 0.2727726455365991, 1.0, 0.5022445464259125, 0.4310169241583871, 0.29719607166819517, 0.429418761785245, 0.20565099984423685, 0.21565777974742933, 0.5154889854155944, 0.30683789778503784, 0.3172382515016738], [0.26573270016244005, 0.29663457887858413, 0.2936322799073755, 0.2473992875379922, 0.21871270263942302, 0.2898150795195656, 0.3334850920433065, 0.26515161445105523, 0.26978924421768885, 0.3351634155676033, 0.5022445464259125, 1.0, 0.5222998224008211, 0.2927516584285592, 0.611980853965531, 0.22334732337095, 0.24989174312332327, 0.29363602980339853, 0.23355026044908528, 0.4171003419517646], [0.3549975388600357, 0.502684868563181, 0.25993687112733477, 0.33038812814377205, 0.4214002189255406, 0.46473007370791064, 0.45097082756421136, 0.30165232728463326, 0.30075815374997694, 0.4985074160063753, 0.4310169241583871, 0.5222998224008211, 1.0, 0.35346652128164013, 0.42349821166432855, 0.23524535022581328, 0.4900428691760667, 0.3201687097597119, 0.3854984978418038, 0.3169730574871826], [0.2872720915208058, 0.3711207582093715, 0.23888395754132927, 0.20962856242686706, 0.18021346049454906, 0.3858185497576895, 0.22301538918575123, 0.238008305529583, 0.3188951470486962, 0.2587111623325885, 0.29719607166819517, 0.2927516584285592, 0.35346652128164013, 1.0, 0.5167516859657896, 0.15610051777515682, 0.19909469987416534, 0.21738728536318927, 0.2381885057001725, 0.25204410935444505], [0.43655271671076534, 0.3213643453001824, 0.3825036131786893, 0.29967920950276994, 0.37618985397585747, 0.41319409008180313, 0.3359916410828396, 0.7487514384954478, 0.3310060688362828, 0.5329417081740644, 0.429418761785245, 0.611980853965531, 0.42349821166432855, 0.5167516859657896, 1.0, 1.0, 0.31344510059899633, 0.2233993944955128, 0.34257985506161764, 0.3078032623548303], [0.19456271117528057, 0.32786467607748476, 0.20931899084348338, 0.17040286056201984, 0.17717131460389826, 0.21860216619069583, 0.3274124374773225, 0.3307898400294357, 0.27463659461296547, 0.21277659443926208, 0.20565099984423685, 0.22334732337095, 0.23524535022581328, 0.15610051777515682, 1.0, 1.0, 0.18158222953225256, 0.2105923198983639, 0.18677022207796076, 0.19894526822732703], [0.2258910465316961, 0.3018251929321504, 0.2189961218324577, 0.18585366884469898, 0.22549486830718501, 0.2724674222369017, 0.2530875207723154, 0.3204199755889747, 0.19871632510736842, 0.22736513749706136, 0.21565777974742933, 0.24989174312332327, 0.4900428691760667, 0.19909469987416534, 0.31344510059899633, 0.18158222953225256, 1.0, 0.3078363617410031, 0.21881441144538477, 0.2861588055206585], [0.19292901027387166, 0.4559675013266539, 0.23363863945748192, 0.1964400128449326, 0.14411934922868286, 0.6326112659687726, 0.23023302720124425, 0.2221561272970478, 0.27137138119931614, 0.25954247666795316, 0.5154889854155944, 0.29363602980339853, 0.3201687097597119, 0.21738728536318927, 0.2233993944955128, 0.2105923198983639, 0.3078363617410031, 1.0, 0.21942173503107046, 0.20698017841435384], [0.2623158610138538, 0.4069007387477531, 0.2828341978572342, 0.175757524018198, 0.22673094345583078, 0.6894626759171396, 0.28223055578041, 0.2870328618319694, 0.27084861833884255, 0.23798925970510135, 0.30683789778503784, 0.23355026044908528, 0.3854984978418038, 0.2381885057001725, 0.34257985506161764, 0.18677022207796076, 0.21881441144538477, 0.21942173503107046, 1.0, 0.5225088477599887], [0.30397477808537054, 0.3248949122983664, 0.2160125096531328, 0.22653329886012508, 0.2489566854639418, 0.39470904032455817, 0.25655015082446536, 0.3869227174696349, 0.28482875501423216, 0.3389118412666506, 0.3172382515016738, 0.4171003419517646, 0.3169730574871826, 0.25204410935444505, 0.3078032623548303, 0.19894526822732703, 0.2861588055206585, 0.20698017841435384, 0.5225088477599887, 1.0]], "meta_info": {"source": "pretrained"}}