{"model": "LSING", "dataset": "dim6_butterfly", "N": 50000, "seed": 1230, "metrics": {"TP": 3, "FP": 0, "FN": 0, "TN": 12, "TPR": 1.0, "FDR": 0.0, "FPR": 0.0, "Hamming": 0}, "omega": [[1.0, 1.0, 0.0033854593233113, 0.009580785899795944, 0.0027447752346576766, 0.012729733463140465], [1.0, 1.0, 0.011229289182259895, 0.023114906418126593, 0.012556857545820749, 0.021682079969588996], [0.0033854593233113, 0.011229289182259895, 1.0, 0.619913303269025, 0.0031122223002119516, 0.01361827358348625], [0.009580785899795944, 0.023114906418126593, 0.619913303269025, 1.0, 0.011619668333453648, 0.021305812448524704], [0.0027447752346576766, 0.012556857545820749, 0.0031122223002119516, 0.011619668333453648, 1.0, 0.8655822774979853], [0.012729733463140465, 0.021682079969588996, 0.01361827358348625, 0.021305812448524704, 0.8655822774979853, 1.0]], "meta_info": {"source": "pretrained"}}