{"model": "LSING", "dataset": "dim6_butterfly", "N": 50000, "seed": 120, "metrics": {"TP": 3, "FP": 0, "FN": 0, "TN": 12, "TPR": 1.0, "FDR": 0.0, "FPR": 0.0, "Hamming": 0}, "omega": [[1.0, 0.6675855068565417, 0.0031875728830637533, 0.012420921589812114, 0.003693365366642227, 0.013790518165460581], [0.6675855068565417, 1.0, 0.01021682013911419, 0.01825233636678346, 0.012566487981459696, 0.023823470043922247], [0.0031875728830637533, 0.01021682013911419, 1.0, 0.6926203925582038, 0.003336396527567731, 0.016325363669093436], [0.012420921589812114, 0.01825233636678346, 0.6926203925582038, 1.0, 0.010692213053034158, 0.022247359893318688], [0.003693365366642227, 0.012566487981459696, 0.003336396527567731, 0.010692213053034158, 1.0, 1.0], [0.013790518165460581, 0.023823470043922247, 0.016325363669093436, 0.022247359893318688, 1.0, 1.0]], "meta_info": {"source": "pretrained"}}