{"model": "LSING", "dataset": "dim6_butterfly", "N": 50000, "seed": 123450, "metrics": {"TP": 3, "FP": 0, "FN": 0, "TN": 12, "TPR": 1.0, "FDR": 0.0, "FPR": 0.0, "Hamming": 0}, "omega": [[1.0, 1.0, 0.003302239586137926, 0.012379521999858503, 0.0024295095064513087, 0.010179286124150892], [1.0, 1.0, 0.01502255016173782, 0.021670962834537066, 0.01565485510044903, 0.024607033387460193], [0.003302239586137926, 0.01502255016173782, 1.0, 0.8798735367835664, 0.0028972656645990702, 0.011187778906681762], [0.012379521999858503, 0.021670962834537066, 0.8798735367835664, 1.0, 0.014106336721004186, 0.01881213085940947], [0.0024295095064513087, 0.01565485510044903, 0.0028972656645990702, 0.014106336721004186, 1.0, 0.612171034287507], [0.010179286124150892, 0.024607033387460193, 0.011187778906681762, 0.01881213085940947, 0.612171034287507, 1.0]], "meta_info": {"source": "pretrained"}}