{"model": "LSING", "dataset": "dim6_butterfly", "N": 50000, "seed": 1234560, "metrics": {"TP": 3, "FP": 0, "FN": 0, "TN": 12, "TPR": 1.0, "FDR": 0.0, "FPR": 0.0, "Hamming": 0}, "omega": [[1.0, 0.6861015900700953, 0.0034221321716281674, 0.01540946817855901, 0.003538091506992864, 0.01414251192950586], [0.6861015900700953, 1.0, 0.01106449027881071, 0.019783848970246636, 0.011765117704581779, 0.020074280971668662], [0.0034221321716281674, 0.01106449027881071, 1.0, 1.0, 0.0032499808298583673, 0.01455292696826243], [0.01540946817855901, 0.019783848970246636, 1.0, 1.0, 0.015174445807215288, 0.02213151966619641], [0.003538091506992864, 0.011765117704581779, 0.0032499808298583673, 0.015174445807215288, 1.0, 0.7254121619981636], [0.01414251192950586, 0.020074280971668662, 0.01455292696826243, 0.02213151966619641, 0.7254121619981636, 1.0]], "meta_info": {"source": "pretrained"}}