{"model": "LSING", "dataset": "0.3_dim20_pair_gau", "N": 5000, "seed": 12340, "metrics": {"TP": 10, "FP": 0, "FN": 0, "TN": 180, "TPR": 1.0, "FDR": 0.0, "FPR": 0.0, "Hamming": 0}, "omega": [[1.0, 0.7617852614038487, 0.10884780136481481, 0.11283265358363077, 0.08888650246365555, 0.1082913711399042, 0.09865956232537344, 0.06800767498516008, 0.09855489129854256, 0.1069137621370705, 0.12286720980518123, 0.13542415656611126, 0.10978205823199716, 0.10162565310905854, 0.09313630351717539, 0.09742626581843873, 0.1215196716677323, 0.08309307080663547, 0.15534342015512867, 0.09508721886172858], [0.7617852614038487, 1.0, 0.105467618646874, 0.14160495447311036, 0.09540853745534672, 0.10656255865392392, 0.06821961831650458, 0.07636751146755742, 0.10799093906553522, 0.08880996624585893, 0.09163750024796781, 0.10086592743012267, 0.10350461010304779, 0.06983270136512001, 0.0843209144060904, 0.09148856458302497, 0.10255003656571453, 0.07892748105144455, 0.130052320253858, 0.10544171554811567], [0.10884780136481481, 0.105467618646874, 1.0, 0.8596739108872364, 0.13419949601496658, 0.12658769972853248, 0.08666326124209746, 0.07492200458702297, 0.10724640618347786, 0.08387743590222896, 0.10333582986051239, 0.0887945922417358, 0.08369222540807872, 0.08808549491322652, 0.1017862504139155, 0.10893910597304857, 0.13232653793449684, 0.10016861334112588, 0.08534693366822975, 0.12677261695306313], [0.11283265358363077, 0.14160495447311036, 0.8596739108872364, 1.0, 0.11187292279274316, 0.11356197936297452, 0.10153237429558068, 0.07706802291069954, 0.1327159666090364, 0.1139309793049882, 0.14128140416921628, 0.1249611596576976, 0.09544846980972858, 0.09155992447282044, 0.09910197981313146, 0.08499915166397844, 0.0956727328494019, 0.08288462525197345, 0.1153969268395778, 0.10004338006064148], [0.08888650246365555, 0.09540853745534672, 0.13419949601496658, 0.11187292279274316, 1.0, 0.8692939936855951, 0.08146505246617337, 0.06578069755633448, 0.13175501028494171, 0.08292269784779202, 0.08264787083395007, 0.09607513691637914, 0.11964443895948129, 0.07537003949936444, 0.09033166600414755, 0.08387860659640149, 0.09452179503515039, 0.1386304900072788, 0.11956833191673776, 0.10383958123196511], [0.1082913711399042, 0.10656255865392392, 0.12658769972853248, 0.11356197936297452, 0.8692939936855951, 1.0, 0.0913816880732825, 0.09154122674634191, 0.1360255738738065, 0.1139303069307384, 0.1258152990796961, 0.12092614641240175, 0.1383213409107209, 0.10894837853850063, 0.09949796532875954, 0.1020921282428467, 0.11058552638606375, 0.09686014577455225, 0.13077162718001853, 0.10864098190674273], [0.09865956232537344, 0.06821961831650458, 0.08666326124209746, 0.10153237429558068, 0.08146505246617337, 0.0913816880732825, 1.0, 0.5059679747667958, 0.09307231590106924, 0.06487677382818044, 0.11885323090609726, 0.0974728265430846, 0.10301412500934648, 0.08815291354545135, 0.08187383455130035, 0.06150070165352564, 0.0994489583063112, 0.07010567815762207, 0.11175210763099949, 0.08469339305033975], [0.06800767498516008, 0.07636751146755742, 0.07492200458702297, 0.07706802291069954, 0.06578069755633448, 0.09154122674634191, 0.5059679747667958, 1.0, 0.078043275532673, 0.07175780183023132, 0.07708203309187626, 0.09249252901604847, 0.062321123414341234, 0.06732983113773734, 0.07304756585262014, 0.06460039701553576, 0.06686064027958562, 0.09358075720212962, 0.07323326751377557, 0.0857192835599632], [0.09855489129854256, 0.10799093906553522, 0.10724640618347786, 0.1327159666090364, 0.13175501028494171, 0.1360255738738065, 0.09307231590106924, 0.078043275532673, 1.0, 0.8767395132506367, 0.12572869155398755, 0.13209676714830917, 0.10676832424881014, 0.08954541015401471, 0.10786103016127827, 0.14237068383417745, 0.13810097382680708, 0.13938548522340755, 0.10887828233080585, 0.11867583378221865], [0.1069137621370705, 0.08880996624585893, 0.08387743590222896, 0.1139309793049882, 0.08292269784779202, 0.1139303069307384, 0.06487677382818044, 0.07175780183023132, 0.8767395132506367, 1.0, 0.1033932534826125, 0.09801451222061658, 0.12288750978519121, 0.14549651834122507, 0.0820261368561039, 0.08592121280673617, 0.0840747515171815, 0.07535902877494748, 0.10087105845631265, 0.10100617230024095], [0.12286720980518123, 0.09163750024796781, 0.10333582986051239, 0.14128140416921628, 0.08264787083395007, 0.1258152990796961, 0.11885323090609726, 0.07708203309187626, 0.12572869155398755, 0.1033932534826125, 1.0, 0.8877269668425076, 0.0917774947659718, 0.09865247616838617, 0.10460864385261098, 0.08761013347153405, 0.13288694518156585, 0.09431610573805138, 0.1356399410141807, 0.13474421929815192], [0.13542415656611126, 0.10086592743012267, 0.0887945922417358, 0.1249611596576976, 0.09607513691637914, 0.12092614641240175, 0.0974728265430846, 0.09249252901604847, 0.13209676714830917, 0.09801451222061658, 0.8877269668425076, 1.0, 0.13259180626618466, 0.10082698456266871, 0.08966866207633746, 0.10952650833095538, 0.11208782504764797, 0.10392728553836482, 0.13808223318282323, 0.13514254143351334], [0.10978205823199716, 0.10350461010304779, 0.08369222540807872, 0.09544846980972858, 0.11964443895948129, 0.1383213409107209, 0.10301412500934648, 0.062321123414341234, 0.10676832424881014, 0.12288750978519121, 0.0917774947659718, 0.13259180626618466, 1.0, 0.8065687435432998, 0.08368583069978805, 0.08291606709322216, 0.08493857360523831, 0.10183824735590019, 0.08034728273060625, 0.09051764662908747], [0.10162565310905854, 0.06983270136512001, 0.08808549491322652, 0.09155992447282044, 0.07537003949936444, 0.10894837853850063, 0.08815291354545135, 0.06732983113773734, 0.08954541015401471, 0.14549651834122507, 0.09865247616838617, 0.10082698456266871, 0.8065687435432998, 1.0, 0.0877353834421594, 0.08070011946326032, 0.08987333804345006, 0.07534700233623824, 0.0879489361799529, 0.09892811146191138], [0.09313630351717539, 0.0843209144060904, 0.1017862504139155, 0.09910197981313146, 0.09033166600414755, 0.09949796532875954, 0.08187383455130035, 0.07304756585262014, 0.10786103016127827, 0.0820261368561039, 0.10460864385261098, 0.08966866207633746, 0.08368583069978805, 0.0877353834421594, 1.0, 0.6350608360406331, 0.08409945292579124, 0.08374732671628057, 0.10012619654004795, 0.09173824670736899], [0.09742626581843873, 0.09148856458302497, 0.10893910597304857, 0.08499915166397844, 0.08387860659640149, 0.1020921282428467, 0.06150070165352564, 0.06460039701553576, 0.14237068383417745, 0.08592121280673617, 0.08761013347153405, 0.10952650833095538, 0.08291606709322216, 0.08070011946326032, 0.6350608360406331, 1.0, 0.09794987845762497, 0.08457028895497973, 0.08987712670544629, 0.0798005423246715], [0.1215196716677323, 0.10255003656571453, 0.13232653793449684, 0.0956727328494019, 0.09452179503515039, 0.11058552638606375, 0.0994489583063112, 0.06686064027958562, 0.13810097382680708, 0.0840747515171815, 0.13288694518156585, 0.11208782504764797, 0.08493857360523831, 0.08987333804345006, 0.08409945292579124, 0.09794987845762497, 1.0, 0.7923308897695349, 0.1240975879217551, 0.09444358980325852], [0.08309307080663547, 0.07892748105144455, 0.10016861334112588, 0.08288462525197345, 0.1386304900072788, 0.09686014577455225, 0.07010567815762207, 0.09358075720212962, 0.13938548522340755, 0.07535902877494748, 0.09431610573805138, 0.10392728553836482, 0.10183824735590019, 0.07534700233623824, 0.08374732671628057, 0.08457028895497973, 0.7923308897695349, 1.0, 0.11284688312094572, 0.09173347571136242], [0.15534342015512867, 0.130052320253858, 0.08534693366822975, 0.1153969268395778, 0.11956833191673776, 0.13077162718001853, 0.11175210763099949, 0.07323326751377557, 0.10887828233080585, 0.10087105845631265, 0.1356399410141807, 0.13808223318282323, 0.08034728273060625, 0.0879489361799529, 0.10012619654004795, 0.08987712670544629, 0.1240975879217551, 0.11284688312094572, 1.0, 1.0], [0.09508721886172858, 0.10544171554811567, 0.12677261695306313, 0.10004338006064148, 0.10383958123196511, 0.10864098190674273, 0.08469339305033975, 0.0857192835599632, 0.11867583378221865, 0.10100617230024095, 0.13474421929815192, 0.13514254143351334, 0.09051764662908747, 0.09892811146191138, 0.09173824670736899, 0.0798005423246715, 0.09444358980325852, 0.09173347571136242, 1.0, 1.0]], "meta_info": {"source": "pretrained"}}