{"model": "LSING", "dataset": "0.3_dim20_pair_gau", "N": 5000, "seed": 120, "metrics": {"TP": 10, "FP": 0, "FN": 0, "TN": 180, "TPR": 1.0, "FDR": 0.0, "FPR": 0.0, "Hamming": 0}, "omega": [[1.0, 0.7982576529081228, 0.06857375465845705, 0.0797078939509341, 0.07274894448944763, 0.11596309082516078, 0.06628194640282874, 0.10755466183659217, 0.08638256362947988, 0.09940418005351408, 0.08607793212577586, 0.09858237392735086, 0.06027554431454553, 0.10141205589211702, 0.08682855065000679, 0.08466080525156307, 0.10213717103495366, 0.10733437862086946, 0.08593246984740596, 0.09414565958220979], [0.7982576529081228, 1.0, 0.12081708688007006, 0.16047529316226555, 0.11711089145881896, 0.11764538955563474, 0.11265016964678982, 0.11157835250576549, 0.13378439376378232, 0.1120279504510087, 0.10600407081477746, 0.12134181110851097, 0.12796770949201344, 0.13324868548893903, 0.11062379377185912, 0.11181532329211273, 0.10766585254554449, 0.13528177897245755, 0.1032538095844038, 0.11883507859680485], [0.06857375465845705, 0.12081708688007006, 1.0, 0.7516579551030227, 0.07673484510864194, 0.10805398913448382, 0.09082489185602628, 0.08334607568623706, 0.0836910352521722, 0.07692752674078843, 0.08545541598816392, 0.10417783933649614, 0.06930238267917907, 0.12101300685897531, 0.10906976270694772, 0.10750590454823897, 0.12454739061637818, 0.09452671158727981, 0.14014663861623403, 0.07178833486540377], [0.0797078939509341, 0.16047529316226555, 0.7516579551030227, 1.0, 0.07755077402762532, 0.13024525333441025, 0.12001041918460266, 0.0611946086949857, 0.09348817714334967, 0.0736505775440172, 0.07092195945123715, 0.08626536405046048, 0.09457101474817069, 0.0948752764752552, 0.09999454523459458, 0.08121973126248865, 0.10072811761693357, 0.10428960151840588, 0.1088336463286986, 0.09257993293103729], [0.07274894448944763, 0.11711089145881896, 0.07673484510864194, 0.07755077402762532, 1.0, 0.8147693443259929, 0.06788865102665453, 0.08342221325246237, 0.0736741564061872, 0.10188851586769743, 0.09455247549311056, 0.10116435317978983, 0.06521995635560177, 0.09418330676394944, 0.0763612950868072, 0.07103079703624712, 0.1851151509044938, 0.16980066171638114, 0.14021452063929493, 0.08167554817815094], [0.11596309082516078, 0.11764538955563474, 0.10805398913448382, 0.13024525333441025, 0.8147693443259929, 1.0, 0.09363199783763597, 0.10554811943488988, 0.15490178464057286, 0.11810128210742374, 0.1291819942810572, 0.11736725030564839, 0.09862323704514507, 0.1120878962834402, 0.11042209183126694, 0.07996607646881884, 0.12013693321256055, 0.09824930043866265, 0.12252450800996667, 0.10734493126121572], [0.06628194640282874, 0.11265016964678982, 0.09082489185602628, 0.12001041918460266, 0.06788865102665453, 0.09363199783763597, 1.0, 0.660508175268022, 0.09756524170594404, 0.08055401288983027, 0.09398022096237212, 0.1008164690169549, 0.06801093783553026, 0.12691659143766773, 0.10598866345563109, 0.08338792767635465, 0.08433207663815412, 0.0989255658489912, 0.08886763619556423, 0.07834768186140799], [0.10755466183659217, 0.11157835250576549, 0.08334607568623706, 0.0611946086949857, 0.08342221325246237, 0.10554811943488988, 0.660508175268022, 1.0, 0.1068974063061122, 0.08810276726479192, 0.08097425561389261, 0.10505250671122154, 0.11682553876341409, 0.11689110407992696, 0.07315551108126404, 0.1284903355182724, 0.10117091671478619, 0.10926579754071207, 0.08446407288463009, 0.12291987205101465], [0.08638256362947988, 0.13378439376378232, 0.0836910352521722, 0.09348817714334967, 0.0736741564061872, 0.15490178464057286, 0.09756524170594404, 0.1068974063061122, 1.0, 0.7089171788670465, 0.11985161693455003, 0.08343666815667969, 0.11824136861812057, 0.12165375690580248, 0.15419860957716067, 0.14947480850837624, 0.11249107045490638, 0.12001148369305277, 0.1077230110466395, 0.08620514928957844], [0.09940418005351408, 0.1120279504510087, 0.07692752674078843, 0.0736505775440172, 0.10188851586769743, 0.11810128210742374, 0.08055401288983027, 0.08810276726479192, 0.7089171788670465, 1.0, 0.06579064493838334, 0.08610035403534087, 0.07929592637940237, 0.12891309944655868, 0.06327234009928928, 0.06943049346981213, 0.08203571900957059, 0.13038218273715108, 0.13778657856092533, 0.08255398615386016], [0.08607793212577586, 0.10600407081477746, 0.08545541598816392, 0.07092195945123715, 0.09455247549311056, 0.1291819942810572, 0.09398022096237212, 0.08097425561389261, 0.11985161693455003, 0.06579064493838334, 1.0, 0.88335425671381, 0.06540875253190534, 0.09984037359629994, 0.08900972286161206, 0.10991139110098724, 0.1320141414232868, 0.15796511500478672, 0.11177544344396587, 0.08055420898349214], [0.09858237392735086, 0.12134181110851097, 0.10417783933649614, 0.08626536405046048, 0.10116435317978983, 0.11736725030564839, 0.1008164690169549, 0.10505250671122154, 0.08343666815667969, 0.08610035403534087, 0.88335425671381, 1.0, 0.09191624832978625, 0.14076660833757978, 0.11921234599420091, 0.09137948675184497, 0.13528871508541146, 0.1086507301609129, 0.09176054435959105, 0.08831402176805486], [0.06027554431454553, 0.12796770949201344, 0.06930238267917907, 0.09457101474817069, 0.06521995635560177, 0.09862323704514507, 0.06801093783553026, 0.11682553876341409, 0.11824136861812057, 0.07929592637940237, 0.06540875253190534, 0.09191624832978625, 1.0, 0.9412206671334966, 0.08072681902867795, 0.0830761247473025, 0.10317891581226231, 0.09687585762963685, 0.08688739835793184, 0.10196129182829079], [0.10141205589211702, 0.13324868548893903, 0.12101300685897531, 0.0948752764752552, 0.09418330676394944, 0.1120878962834402, 0.12691659143766773, 0.11689110407992696, 0.12165375690580248, 0.12891309944655868, 0.09984037359629994, 0.14076660833757978, 0.9412206671334966, 1.0, 0.07331046709420613, 0.12253942233362035, 0.11226071362763997, 0.1423726938657017, 0.12807941564716266, 0.09493439311163081], [0.08682855065000679, 0.11062379377185912, 0.10906976270694772, 0.09999454523459458, 0.0763612950868072, 0.11042209183126694, 0.10598866345563109, 0.07315551108126404, 0.15419860957716067, 0.06327234009928928, 0.08900972286161206, 0.11921234599420091, 0.08072681902867795, 0.07331046709420613, 1.0, 0.6175841915251054, 0.07530535312837967, 0.09338382169918229, 0.08962034171662499, 0.07628146815840083], [0.08466080525156307, 0.11181532329211273, 0.10750590454823897, 0.08121973126248865, 0.07103079703624712, 0.07996607646881884, 0.08338792767635465, 0.1284903355182724, 0.14947480850837624, 0.06943049346981213, 0.10991139110098724, 0.09137948675184497, 0.0830761247473025, 0.12253942233362035, 0.6175841915251054, 1.0, 0.09416935049790086, 0.10346212268273879, 0.12119417499183242, 0.09641785286897578], [0.10213717103495366, 0.10766585254554449, 0.12454739061637818, 0.10072811761693357, 0.1851151509044938, 0.12013693321256055, 0.08433207663815412, 0.10117091671478619, 0.11249107045490638, 0.08203571900957059, 0.1320141414232868, 0.13528871508541146, 0.10317891581226231, 0.11226071362763997, 0.07530535312837967, 0.09416935049790086, 1.0, 1.0, 0.11530168931440143, 0.12122132555998635], [0.10733437862086946, 0.13528177897245755, 0.09452671158727981, 0.10428960151840588, 0.16980066171638114, 0.09824930043866265, 0.0989255658489912, 0.10926579754071207, 0.12001148369305277, 0.13038218273715108, 0.15796511500478672, 0.1086507301609129, 0.09687585762963685, 0.1423726938657017, 0.09338382169918229, 0.10346212268273879, 1.0, 1.0, 0.152575497516513, 0.17002577163752372], [0.08593246984740596, 0.1032538095844038, 0.14014663861623403, 0.1088336463286986, 0.14021452063929493, 0.12252450800996667, 0.08886763619556423, 0.08446407288463009, 0.1077230110466395, 0.13778657856092533, 0.11177544344396587, 0.09176054435959105, 0.08688739835793184, 0.12807941564716266, 0.08962034171662499, 0.12119417499183242, 0.11530168931440143, 0.152575497516513, 1.0, 0.8717798451303803], [0.09414565958220979, 0.11883507859680485, 0.07178833486540377, 0.09257993293103729, 0.08167554817815094, 0.10734493126121572, 0.07834768186140799, 0.12291987205101465, 0.08620514928957844, 0.08255398615386016, 0.08055420898349214, 0.08831402176805486, 0.10196129182829079, 0.09493439311163081, 0.07628146815840083, 0.09641785286897578, 0.12122132555998635, 0.17002577163752372, 0.8717798451303803, 1.0]], "meta_info": {"source": "pretrained"}}