{"model": "LSING", "dataset": "0.3_dim20_pair_gau", "N": 5000, "seed": 123450, "metrics": {"TP": 10, "FP": 0, "FN": 0, "TN": 180, "TPR": 1.0, "FDR": 0.0, "FPR": 0.0, "Hamming": 0}, "omega": [[1.0, 0.8143811349011202, 0.08430158542222232, 0.11378687109540422, 0.11262175731802665, 0.09814628197116905, 0.1091142608169857, 0.10034269697081276, 0.09153674312501725, 0.08031039247147466, 0.1257666020005275, 0.12340144635171589, 0.11555840769093761, 0.12620268910387214, 0.09259141782425513, 0.10017756443700064, 0.08958303513933456, 0.09083454430204502, 0.09054545066523462, 0.10690848201330953], [0.8143811349011202, 1.0, 0.09436920496316782, 0.09584680266977859, 0.10626006861165256, 0.1316809852954934, 0.0838655751895111, 0.10499834286132023, 0.09535432615241186, 0.0874529835183981, 0.10775083041423508, 0.11364069197714267, 0.12062558051741469, 0.09529904175374508, 0.11893748219003512, 0.08616906617708273, 0.10646436192877336, 0.11542979351241064, 0.10659354302822174, 0.07937263800565598], [0.08430158542222232, 0.09436920496316782, 1.0, 0.8387610790761287, 0.14637465313087555, 0.09921593683509304, 0.0987080333424835, 0.09235392600232964, 0.09373413101861507, 0.09719320142281393, 0.08405356472572674, 0.09049651289823889, 0.10805445500296759, 0.10452868250883302, 0.09812460445254695, 0.0861892879580846, 0.08785641982020112, 0.08308492267852033, 0.08782694473670233, 0.09556347192826678], [0.11378687109540422, 0.09584680266977859, 0.8387610790761287, 1.0, 0.10770620701153959, 0.08536836244180797, 0.07815562694189633, 0.10600999883233508, 0.09012023354989585, 0.10973511609656458, 0.09687400092198638, 0.16422141021636855, 0.1634162143534538, 0.13754915973094972, 0.09614671825044899, 0.10225337902165053, 0.10963162420191948, 0.08569750567862587, 0.09834836765978656, 0.09628627208099336], [0.11262175731802665, 0.10626006861165256, 0.14637465313087555, 0.10770620701153959, 1.0, 1.0, 0.10434697474469148, 0.10204253968965327, 0.08407593888446413, 0.11611457633250054, 0.07876086306964887, 0.084791839897842, 0.12585220225524602, 0.07259653250793748, 0.09042439863526952, 0.08617628481000154, 0.09104408884431076, 0.10495549228760778, 0.07664411247049993, 0.08473077578842557], [0.09814628197116905, 0.1316809852954934, 0.09921593683509304, 0.08536836244180797, 1.0, 1.0, 0.1314976392259773, 0.1183914364500096, 0.11960858203737773, 0.08749304753164937, 0.10004368702229226, 0.1271562885290028, 0.14955168758329412, 0.09358999377655351, 0.12384354377771042, 0.12628955772404196, 0.08102247877966948, 0.11343767663430233, 0.09152054504123303, 0.09445647715416305], [0.1091142608169857, 0.0838655751895111, 0.0987080333424835, 0.07815562694189633, 0.10434697474469148, 0.1314976392259773, 1.0, 0.8279665588146057, 0.09044631397241375, 0.08933248732076556, 0.11314551057436277, 0.10838809276963278, 0.10689270912021637, 0.08386485692953015, 0.10675751289370351, 0.08349793658080498, 0.10498617327916823, 0.1268629886272204, 0.08003830165789201, 0.08281721108883486], [0.10034269697081276, 0.10499834286132023, 0.09235392600232964, 0.10600999883233508, 0.10204253968965327, 0.1183914364500096, 0.8279665588146057, 1.0, 0.09714983197232596, 0.15122369112180314, 0.1248716404554462, 0.16092582202957076, 0.0927440829022108, 0.07747273225673962, 0.09696395397632185, 0.10980809515415983, 0.08725506806164318, 0.10069536021924734, 0.09141969077019686, 0.07793700926268071], [0.09153674312501725, 0.09535432615241186, 0.09373413101861507, 0.09012023354989585, 0.08407593888446413, 0.11960858203737773, 0.09044631397241375, 0.09714983197232596, 1.0, 0.6966398846817505, 0.08932795195339426, 0.16701238113013514, 0.08323548102067904, 0.08038849063281366, 0.1059354006870236, 0.10367666762575593, 0.11146152002145614, 0.08035172244796993, 0.07457296297241521, 0.07875158814728629], [0.08031039247147466, 0.0874529835183981, 0.09719320142281393, 0.10973511609656458, 0.11611457633250054, 0.08749304753164937, 0.08933248732076556, 0.15122369112180314, 0.6966398846817505, 1.0, 0.08211107024369298, 0.12369526513027382, 0.11085739371347347, 0.07751400217805253, 0.0828692044635087, 0.09730154817840045, 0.08089190920440509, 0.08642190329920303, 0.06381290958114806, 0.07539748459301113], [0.1257666020005275, 0.10775083041423508, 0.08405356472572674, 0.09687400092198638, 0.07876086306964887, 0.10004368702229226, 0.11314551057436277, 0.1248716404554462, 0.08932795195339426, 0.08211107024369298, 1.0, 0.9192036217752673, 0.1174087895342785, 0.10138747697820617, 0.11705710158200533, 0.10257517390635573, 0.1229293693786908, 0.09213688176889166, 0.09603857328027517, 0.09843238005548369], [0.12340144635171589, 0.11364069197714267, 0.09049651289823889, 0.16422141021636855, 0.084791839897842, 0.1271562885290028, 0.10838809276963278, 0.16092582202957076, 0.16701238113013514, 0.12369526513027382, 0.9192036217752673, 1.0, 0.09984633368204415, 0.08802021912896502, 0.10092071128550838, 0.11090815235359815, 0.10571863991404633, 0.12873975151106526, 0.1017921408079365, 0.10308333443514575], [0.11555840769093761, 0.12062558051741469, 0.10805445500296759, 0.1634162143534538, 0.12585220225524602, 0.14955168758329412, 0.10689270912021637, 0.0927440829022108, 0.08323548102067904, 0.11085739371347347, 0.1174087895342785, 0.09984633368204415, 1.0, 0.6865239975896444, 0.07265520161668167, 0.08792519741723896, 0.10648817260747263, 0.09509552194737297, 0.13996972469320737, 0.09546363619312333], [0.12620268910387214, 0.09529904175374508, 0.10452868250883302, 0.13754915973094972, 0.07259653250793748, 0.09358999377655351, 0.08386485692953015, 0.07747273225673962, 0.08038849063281366, 0.07751400217805253, 0.10138747697820617, 0.08802021912896502, 0.6865239975896444, 1.0, 0.07491480667919709, 0.07151057146090102, 0.09094035672893623, 0.07261139496446617, 0.10520492067757774, 0.07102828991129052], [0.09259141782425513, 0.11893748219003512, 0.09812460445254695, 0.09614671825044899, 0.09042439863526952, 0.12384354377771042, 0.10675751289370351, 0.09696395397632185, 0.1059354006870236, 0.0828692044635087, 0.11705710158200533, 0.10092071128550838, 0.07265520161668167, 0.07491480667919709, 1.0, 0.8873795638959852, 0.09924809037972479, 0.10536245022530398, 0.07219040092955045, 0.09054313733961039], [0.10017756443700064, 0.08616906617708273, 0.0861892879580846, 0.10225337902165053, 0.08617628481000154, 0.12628955772404196, 0.08349793658080498, 0.10980809515415983, 0.10367666762575593, 0.09730154817840045, 0.10257517390635573, 0.11090815235359815, 0.08792519741723896, 0.07151057146090102, 0.8873795638959852, 1.0, 0.0914074635350698, 0.10327354841531573, 0.08738750415197509, 0.07417863824287876], [0.08958303513933456, 0.10646436192877336, 0.08785641982020112, 0.10963162420191948, 0.09104408884431076, 0.08102247877966948, 0.10498617327916823, 0.08725506806164318, 0.11146152002145614, 0.08089190920440509, 0.1229293693786908, 0.10571863991404633, 0.10648817260747263, 0.09094035672893623, 0.09924809037972479, 0.0914074635350698, 1.0, 0.738460853130276, 0.07336155145385813, 0.08478592566348389], [0.09083454430204502, 0.11542979351241064, 0.08308492267852033, 0.08569750567862587, 0.10495549228760778, 0.11343767663430233, 0.1268629886272204, 0.10069536021924734, 0.08035172244796993, 0.08642190329920303, 0.09213688176889166, 0.12873975151106526, 0.09509552194737297, 0.07261139496446617, 0.10536245022530398, 0.10327354841531573, 0.738460853130276, 1.0, 0.09181239160760248, 0.1049426260653405], [0.09054545066523462, 0.10659354302822174, 0.08782694473670233, 0.09834836765978656, 0.07664411247049993, 0.09152054504123303, 0.08003830165789201, 0.09141969077019686, 0.07457296297241521, 0.06381290958114806, 0.09603857328027517, 0.1017921408079365, 0.13996972469320737, 0.10520492067757774, 0.07219040092955045, 0.08738750415197509, 0.07336155145385813, 0.09181239160760248, 1.0, 0.6855453767733383], [0.10690848201330953, 0.07937263800565598, 0.09556347192826678, 0.09628627208099336, 0.08473077578842557, 0.09445647715416305, 0.08281721108883486, 0.07793700926268071, 0.07875158814728629, 0.07539748459301113, 0.09843238005548369, 0.10308333443514575, 0.09546363619312333, 0.07102828991129052, 0.09054313733961039, 0.07417863824287876, 0.08478592566348389, 0.1049426260653405, 0.6855453767733383, 1.0]], "meta_info": {"source": "pretrained"}}