{"model": "LSING", "dataset": "0.3_dim20_pair_gau", "N": 5000, "seed": 1230, "metrics": {"TP": 10, "FP": 0, "FN": 0, "TN": 180, "TPR": 1.0, "FDR": 0.0, "FPR": 0.0, "Hamming": 0}, "omega": [[1.0, 0.9559300420083292, 0.10547495036482876, 0.18886757385381014, 0.11747499164816178, 0.11562309471707846, 0.1216991416196822, 0.10247111731733458, 0.11905732554555967, 0.09144456801010359, 0.09184286387556932, 0.06687742518432205, 0.12019308777420318, 0.11192704147985183, 0.14940797225996894, 0.11851797741107989, 0.09455348374227661, 0.09991770510181629, 0.125552725034137, 0.10171351686961344], [0.9559300420083292, 1.0, 0.1172951463701418, 0.12285570942150799, 0.11629693620989055, 0.12893040805952177, 0.13213856928379591, 0.1126123405780225, 0.13757503647610883, 0.11971181547602179, 0.13852337406481197, 0.09989557770060464, 0.1520767166147058, 0.12285002027366958, 0.15341220177127493, 0.1513715372229734, 0.13325636522586423, 0.13083129193737353, 0.13075965943280593, 0.11204000754689783], [0.10547495036482876, 0.1172951463701418, 1.0, 0.8720148576008411, 0.09917575245430683, 0.09827700985326566, 0.09737642726760762, 0.09323364109860702, 0.11985776643971267, 0.10265919758397753, 0.12195151295801764, 0.07235723247406192, 0.14328362576117204, 0.149264945179879, 0.13756811009723494, 0.11690767363258053, 0.07790298444235903, 0.09132922265260472, 0.1503108231025254, 0.10690972595565205], [0.18886757385381014, 0.12285570942150799, 0.8720148576008411, 1.0, 0.1247799896554796, 0.15205201429249293, 0.12104803556897527, 0.10854965454394565, 0.092200291462023, 0.13049081018625636, 0.09739372735285601, 0.08332317200066222, 0.11522086244774127, 0.11976801960383059, 0.13292999002347652, 0.1538069789305265, 0.10597132322641768, 0.17118582926753131, 0.14093430379338842, 0.12476319715219447], [0.11747499164816178, 0.11629693620989055, 0.09917575245430683, 0.1247799896554796, 1.0, 0.9700914095897968, 0.1068179329299805, 0.12017268403674183, 0.1397862274148233, 0.13649105818234392, 0.12267089142644151, 0.08417685612783823, 0.1142976184423477, 0.13309051281936318, 0.150003096249976, 0.11285543532724782, 0.14966042026433007, 0.12530536342403287, 0.10411229106763183, 0.12106674736655902], [0.11562309471707846, 0.12893040805952177, 0.09827700985326566, 0.15205201429249293, 0.9700914095897968, 1.0, 0.11398481577016553, 0.12007070764793201, 0.09513226465052856, 0.10424207607452352, 0.09137010943720919, 0.11340053870096747, 0.1364189128085009, 0.09871594399966635, 0.13562483783813736, 0.146762671847161, 0.13540405554604779, 0.14486606011750014, 0.10808269499966626, 0.12849403032852988], [0.1216991416196822, 0.13213856928379591, 0.09737642726760762, 0.12104803556897527, 0.1068179329299805, 0.11398481577016553, 1.0, 0.9400291487402112, 0.13407174806406125, 0.11607245808663087, 0.09834266505148447, 0.09875980225368083, 0.16310295132686578, 0.10551539830252749, 0.10054455825184035, 0.10722387160511206, 0.09253929540940334, 0.1134462078593822, 0.09906266477908214, 0.11508653828339671], [0.10247111731733458, 0.1126123405780225, 0.09323364109860702, 0.10854965454394565, 0.12017268403674183, 0.12007070764793201, 0.9400291487402112, 1.0, 0.0961507913075912, 0.09586554610616534, 0.10204984014975022, 0.11180542537018164, 0.1299659228504179, 0.14324630791224685, 0.0971769264067909, 0.10631940813235978, 0.10231182646517128, 0.1268839221805789, 0.09242780978975025, 0.18263311908016674], [0.11905732554555967, 0.13757503647610883, 0.11985776643971267, 0.092200291462023, 0.1397862274148233, 0.09513226465052856, 0.13407174806406125, 0.0961507913075912, 1.0, 0.9491341116989944, 0.08180594077736686, 0.10150839823967191, 0.11037829787633628, 0.13640032261909585, 0.10702312293863563, 0.15760291478096441, 0.08127484878075851, 0.15532262924749873, 0.11722727578814578, 0.10622450087985104], [0.09144456801010359, 0.11971181547602179, 0.10265919758397753, 0.13049081018625636, 0.13649105818234392, 0.10424207607452352, 0.11607245808663087, 0.09586554610616534, 0.9491341116989944, 1.0, 0.1073894887262239, 0.10121742952287888, 0.11662432657620485, 0.14078228299538667, 0.11259060972521966, 0.11194860842597902, 0.08975817187926553, 0.14068796792183508, 0.08109389316719386, 0.0988273238730771], [0.09184286387556932, 0.13852337406481197, 0.12195151295801764, 0.09739372735285601, 0.12267089142644151, 0.09137010943720919, 0.09834266505148447, 0.10204984014975022, 0.08180594077736686, 0.1073894887262239, 1.0, 0.45181722168075444, 0.10765267526149565, 0.09450704792360486, 0.09190489462133158, 0.13085455611069044, 0.08524515225386271, 0.1241266259224985, 0.07829208302839642, 0.07740859696647023], [0.06687742518432205, 0.09989557770060464, 0.07235723247406192, 0.08332317200066222, 0.08417685612783823, 0.11340053870096747, 0.09875980225368083, 0.11180542537018164, 0.10150839823967191, 0.10121742952287888, 0.45181722168075444, 1.0, 0.10274641179735534, 0.14523241797412026, 0.10826696840158463, 0.08060390209133074, 0.06913064893254244, 0.0822705725824865, 0.0965683567820691, 0.07566144961940235], [0.12019308777420318, 0.1520767166147058, 0.14328362576117204, 0.11522086244774127, 0.1142976184423477, 0.1364189128085009, 0.16310295132686578, 0.1299659228504179, 0.11037829787633628, 0.11662432657620485, 0.10765267526149565, 0.10274641179735534, 1.0, 1.0, 0.12329107727588544, 0.18752339635611984, 0.10538852660461251, 0.11008290103564486, 0.1320253943679213, 0.13782864240182371], [0.11192704147985183, 0.12285002027366958, 0.149264945179879, 0.11976801960383059, 0.13309051281936318, 0.09871594399966635, 0.10551539830252749, 0.14324630791224685, 0.13640032261909585, 0.14078228299538667, 0.09450704792360486, 0.14523241797412026, 1.0, 1.0, 0.13494340905243668, 0.13593803177141622, 0.1388374404045902, 0.1428521599431373, 0.12202940299647629, 0.10796109210827637], [0.14940797225996894, 0.15341220177127493, 0.13756811009723494, 0.13292999002347652, 0.150003096249976, 0.13562483783813736, 0.10054455825184035, 0.0971769264067909, 0.10702312293863563, 0.11259060972521966, 0.09190489462133158, 0.10826696840158463, 0.12329107727588544, 0.13494340905243668, 1.0, 0.9870063247250535, 0.08976509825813944, 0.13084860259724615, 0.13590112633283621, 0.10541166123878254], [0.11851797741107989, 0.1513715372229734, 0.11690767363258053, 0.1538069789305265, 0.11285543532724782, 0.146762671847161, 0.10722387160511206, 0.10631940813235978, 0.15760291478096441, 0.11194860842597902, 0.13085455611069044, 0.08060390209133074, 0.18752339635611984, 0.13593803177141622, 0.9870063247250535, 1.0, 0.09200493849756246, 0.1424398923554011, 0.08748294630349629, 0.12224658991632596], [0.09455348374227661, 0.13325636522586423, 0.07790298444235903, 0.10597132322641768, 0.14966042026433007, 0.13540405554604779, 0.09253929540940334, 0.10231182646517128, 0.08127484878075851, 0.08975817187926553, 0.08524515225386271, 0.06913064893254244, 0.10538852660461251, 0.1388374404045902, 0.08976509825813944, 0.09200493849756246, 1.0, 0.8954483518009981, 0.11403314180291929, 0.10260750353340495], [0.09991770510181629, 0.13083129193737353, 0.09132922265260472, 0.17118582926753131, 0.12530536342403287, 0.14486606011750014, 0.1134462078593822, 0.1268839221805789, 0.15532262924749873, 0.14068796792183508, 0.1241266259224985, 0.0822705725824865, 0.11008290103564486, 0.1428521599431373, 0.13084860259724615, 0.1424398923554011, 0.8954483518009981, 1.0, 0.10318930349687595, 0.10701131372702123], [0.125552725034137, 0.13075965943280593, 0.1503108231025254, 0.14093430379338842, 0.10411229106763183, 0.10808269499966626, 0.09906266477908214, 0.09242780978975025, 0.11722727578814578, 0.08109389316719386, 0.07829208302839642, 0.0965683567820691, 0.1320253943679213, 0.12202940299647629, 0.13590112633283621, 0.08748294630349629, 0.11403314180291929, 0.10318930349687595, 1.0, 0.8326614781074401], [0.10171351686961344, 0.11204000754689783, 0.10690972595565205, 0.12476319715219447, 0.12106674736655902, 0.12849403032852988, 0.11508653828339671, 0.18263311908016674, 0.10622450087985104, 0.0988273238730771, 0.07740859696647023, 0.07566144961940235, 0.13782864240182371, 0.10796109210827637, 0.10541166123878254, 0.12224658991632596, 0.10260750353340495, 0.10701131372702123, 0.8326614781074401, 1.0]], "meta_info": {"source": "pretrained"}}