{"model": "LSING", "dataset": "dim20_butterfly", "N": 200, "seed": 120, "metrics": {"TP": 2, "FP": 37, "FN": 8, "TN": 143, "TPR": 0.2, "FDR": 0.9487179487179487, "FPR": 0.20555555555555555, "Hamming": 45}, "omega": [[1.0, 0.0417214504780722, 0.14165076168369084, 0.06878491301311421, 0.0625309820294937, 0.09269153641887505, 0.1256379781098837, 0.06547456723319217, 0.08975376045501945, 0.04016056611725335, 0.08228693981962569, 0.07874966098881546, 0.09592228022170786, 0.7369345050679913, 0.08248211348790019, 0.08912292305460978, 0.05657852858805791, 0.044571093137572064, 0.05497820830369003, 0.09593080773296396], [0.0417214504780722, 1.0, 0.4799874950102166, 0.033850142915568156, 0.04920080161963897, 0.09286019008682464, 0.04359145775792613, 0.05757406019505578, 0.07182962567260585, 0.03331224572062353, 0.06952382364425946, 0.11281693235253284, 0.06316840395586057, 1.0, 0.03244562848519887, 0.05444117988711473, 0.02406452355638361, 0.026482681015143943, 0.056669037994893715, 0.078532439684413], [0.14165076168369084, 0.4799874950102166, 1.0, 0.3003165057543694, 0.42244905854431325, 0.22432421247740308, 0.2535966298766715, 0.26265256190186437, 0.19062619990472235, 0.16039159456139043, 0.2269792449661652, 0.26707992770410555, 0.1413777871952392, 0.6078597160492919, 0.2781689639299477, 0.2298746555824827, 0.41648958237172523, 0.2765275642935489, 0.329574559690466, 0.2419083070244644], [0.06878491301311421, 0.033850142915568156, 0.3003165057543694, 1.0, 0.054457732468256664, 0.10467709595370125, 0.0652565585586424, 0.06861854004738452, 0.08858644032752268, 0.025753851011490417, 0.07711894745355959, 0.08098352040896112, 0.1001885747686781, 0.5071394629106291, 0.07211524959955487, 0.07094747409481619, 0.05689262186064806, 0.0441375790912995, 0.06059665780223561, 0.1871784930141913], [0.0625309820294937, 0.04920080161963897, 0.42244905854431325, 0.054457732468256664, 1.0, 0.1551768827799119, 0.1155727927402712, 0.11110671224044791, 0.18280586152122064, 0.048302244377108026, 0.07098250252634516, 0.07399454822874801, 0.10019021310914615, 0.902967670334983, 0.11240317633614405, 0.07934931395217942, 0.06554129144716138, 0.07917478108419618, 0.05601414573688203, 0.20397804634966435], [0.09269153641887505, 0.09286019008682464, 0.22432421247740308, 0.10467709595370125, 0.1551768827799119, 1.0, 0.22333749140243314, 0.15378963325262718, 0.20533711845610406, 0.19765122447925698, 0.09688844317661202, 0.1662463479603802, 0.16340144351380234, 0.6866864935204181, 0.16292694551575898, 0.1427417514270206, 0.1152262493871837, 0.13922028995934727, 0.3198196935591512, 0.2642010836609681], [0.1256379781098837, 0.04359145775792613, 0.2535966298766715, 0.0652565585586424, 0.1155727927402712, 0.22333749140243314, 1.0, 0.13088329047881567, 0.13511872622162827, 0.055170514876145445, 0.08089785606333869, 0.08879792616828348, 0.12434410126924347, 0.7718249318526049, 0.0950820939463653, 0.10204804540779666, 0.08961201856446324, 0.05219543486655484, 0.09343423126034055, 0.10835698926944742], [0.06547456723319217, 0.05757406019505578, 0.26265256190186437, 0.06861854004738452, 0.11110671224044791, 0.15378963325262718, 0.13088329047881567, 1.0, 0.10725034116341442, 0.0717467947147106, 0.09690833731086698, 0.10857376410063227, 0.12069350473739503, 0.28175914538503316, 0.0863520237698576, 0.10428296313482853, 0.06131175525643795, 0.09536073012225742, 0.14142229205261214, 0.14699340012604892], [0.08975376045501945, 0.07182962567260585, 0.19062619990472235, 0.08858644032752268, 0.18280586152122064, 0.20533711845610406, 0.13511872622162827, 0.10725034116341442, 1.0, 0.09506831306078228, 0.09291898081515777, 0.1419998910198308, 0.18030649172897933, 0.45569449991474903, 0.08991564070449667, 0.1616990907431731, 0.09375173604623452, 0.0788592784317624, 0.10266634848602293, 0.25183071763670384], [0.04016056611725335, 0.03331224572062353, 0.16039159456139043, 0.025753851011490417, 0.048302244377108026, 0.19765122447925698, 0.055170514876145445, 0.0717467947147106, 0.09506831306078228, 1.0, 0.05799658858336844, 0.057383869600371035, 0.08482463126037718, 0.7757579258746033, 0.07271377811185224, 0.08746380822589837, 0.04191286919210625, 0.0283409178108976, 0.061283923820536504, 0.12383699037425876], [0.08228693981962569, 0.06952382364425946, 0.2269792449661652, 0.07711894745355959, 0.07098250252634516, 0.09688844317661202, 0.08089785606333869, 0.09690833731086698, 0.09291898081515777, 0.05799658858336844, 1.0, 0.13273475258409348, 0.137306808780932, 0.5559819475130715, 0.07005067603308286, 0.08545761198663208, 0.0709282948265108, 0.05595131130952098, 0.06272943110670084, 0.112149126715304], [0.07874966098881546, 0.11281693235253284, 0.26707992770410555, 0.08098352040896112, 0.07399454822874801, 0.1662463479603802, 0.08879792616828348, 0.10857376410063227, 0.1419998910198308, 0.057383869600371035, 0.13273475258409348, 1.0, 0.07277417792457365, 0.6022293097181378, 0.07717998835602936, 0.0824618352085976, 0.08841707815364087, 0.0456165527887329, 0.10753378932842972, 0.12254856661249008], [0.09592228022170786, 0.06316840395586057, 0.1413777871952392, 0.1001885747686781, 0.10019021310914615, 0.16340144351380234, 0.12434410126924347, 0.12069350473739503, 0.18030649172897933, 0.08482463126037718, 0.137306808780932, 0.07277417792457365, 1.0, 0.900225475080512, 0.10544803436019214, 0.1334987865557547, 0.0848123704189396, 0.056146913642964535, 0.14732469342954674, 0.12313067356000285], [0.7369345050679913, 1.0, 0.6078597160492919, 0.5071394629106291, 0.902967670334983, 0.6866864935204181, 0.7718249318526049, 0.28175914538503316, 0.45569449991474903, 0.7757579258746033, 0.5559819475130715, 0.6022293097181378, 0.900225475080512, 1.0, 0.7730369629020366, 0.7348729919418656, 0.6232849968368708, 0.3867337909342069, 0.5543230998050886, 0.7171528286397199], [0.08248211348790019, 0.03244562848519887, 0.2781689639299477, 0.07211524959955487, 0.11240317633614405, 0.16292694551575898, 0.0950820939463653, 0.0863520237698576, 0.08991564070449667, 0.07271377811185224, 0.07005067603308286, 0.07717998835602936, 0.10544803436019214, 0.7730369629020366, 1.0, 0.13077028060261695, 0.10002173370567181, 0.09044443417061376, 0.08877865022771445, 0.1701198147640369], [0.08912292305460978, 0.05444117988711473, 0.2298746555824827, 0.07094747409481619, 0.07934931395217942, 0.1427417514270206, 0.10204804540779666, 0.10428296313482853, 0.1616990907431731, 0.08746380822589837, 0.08545761198663208, 0.0824618352085976, 0.1334987865557547, 0.7348729919418656, 0.13077028060261695, 1.0, 0.05960347113363282, 0.07708263557053041, 0.08014961528674841, 0.12139337885408051], [0.05657852858805791, 0.02406452355638361, 0.41648958237172523, 0.05689262186064806, 0.06554129144716138, 0.1152262493871837, 0.08961201856446324, 0.06131175525643795, 0.09375173604623452, 0.04191286919210625, 0.0709282948265108, 0.08841707815364087, 0.0848123704189396, 0.6232849968368708, 0.10002173370567181, 0.05960347113363282, 1.0, 0.06310363799123186, 0.04195222116342632, 0.1803991927977922], [0.044571093137572064, 0.026482681015143943, 0.2765275642935489, 0.0441375790912995, 0.07917478108419618, 0.13922028995934727, 0.05219543486655484, 0.09536073012225742, 0.0788592784317624, 0.0283409178108976, 0.05595131130952098, 0.0456165527887329, 0.056146913642964535, 0.3867337909342069, 0.09044443417061376, 0.07708263557053041, 0.06310363799123186, 1.0, 0.03956203251694209, 0.10531289925565385], [0.05497820830369003, 0.056669037994893715, 0.329574559690466, 0.06059665780223561, 0.05601414573688203, 0.3198196935591512, 0.09343423126034055, 0.14142229205261214, 0.10266634848602293, 0.061283923820536504, 0.06272943110670084, 0.10753378932842972, 0.14732469342954674, 0.5543230998050886, 0.08877865022771445, 0.08014961528674841, 0.04195222116342632, 0.03956203251694209, 1.0, 0.11393455403249281], [0.09593080773296396, 0.078532439684413, 0.2419083070244644, 0.1871784930141913, 0.20397804634966435, 0.2642010836609681, 0.10835698926944742, 0.14699340012604892, 0.25183071763670384, 0.12383699037425876, 0.112149126715304, 0.12254856661249008, 0.12313067356000285, 0.7171528286397199, 0.1701198147640369, 0.12139337885408051, 0.1803991927977922, 0.10531289925565385, 0.11393455403249281, 1.0]], "meta_info": {"source": "pretrained"}}