{"model": "LSING", "dataset": "dim20_butterfly", "N": 200, "seed": 12340, "metrics": {"TP": 1, "FP": 21, "FN": 9, "TN": 159, "TPR": 0.1, "FDR": 0.9545454545454546, "FPR": 0.11666666666666667, "Hamming": 30}, "omega": [[1.0, 0.03724875042547095, 0.06828340434736141, 0.024859614894836006, 0.04812800587161855, 0.0801738167288567, 0.039238590728723224, 0.03469373115842619, 0.05788386192076023, 0.2119775080566717, 0.03516647927627969, 0.03797133795143523, 0.031782804905184286, 0.03716284614858999, 0.0324131348795071, 0.03141322550860204, 0.04945615120691992, 0.13811969252367307, 0.0400626599050035, 0.07884104978754725], [0.03724875042547095, 1.0, 0.028043861933502456, 0.017844381402272607, 0.03384398766743486, 0.039422402461033866, 0.026712719626232232, 0.02997355063928553, 0.03651819391026637, 0.5795262012854678, 0.03338331918149663, 0.03977568964520382, 0.029138417386642353, 0.05795926277929968, 0.02076966687197581, 0.01875971997043166, 0.04164143912631641, 0.15989333735987732, 0.032491895226395145, 0.0347452002019006], [0.06828340434736141, 0.028043861933502456, 1.0, 0.04278225268888879, 0.03658432989500245, 0.04561658541107303, 0.03816347800380897, 0.02673693623008768, 0.04225467731343507, 0.4103117217186653, 0.029633709690957973, 0.04182597143160681, 0.025192958581229392, 0.0717635972710608, 0.04015830561500601, 0.045071832238377775, 0.06865223067828312, 0.16765717673326552, 0.06911280614595872, 0.03927512651837581], [0.024859614894836006, 0.017844381402272607, 0.04278225268888879, 1.0, 0.03328867246215041, 0.061165364012795105, 0.039244225341838135, 0.025255740174507994, 0.03575666486204866, 1.0, 0.03850366108095185, 0.055720076192150886, 0.031779779900314366, 0.03875238172146541, 0.03936695210849624, 0.024289960223543273, 0.08612737035300909, 0.13782156516924784, 0.0489545164587374, 0.04770912297316949], [0.04812800587161855, 0.03384398766743486, 0.03658432989500245, 0.03328867246215041, 1.0, 0.07999158248434259, 0.07415661312860396, 0.062413613031603754, 0.04899003796706038, 0.5908040387127993, 0.041986500565356716, 0.05953204487111794, 0.0272343832451173, 0.04181812731619854, 0.039276598245681936, 0.05293111217190157, 0.06542728368993254, 0.11580093390972801, 0.040299037149487196, 0.04581600509816532], [0.0801738167288567, 0.039422402461033866, 0.04561658541107303, 0.061165364012795105, 0.07999158248434259, 1.0, 0.07856777359991986, 0.07619820853834383, 0.09248644027869163, 0.38534891771499363, 0.05647536664565792, 0.08121283836786716, 0.0825192531079488, 0.046863600982234625, 0.05863942250949575, 0.046610931525338635, 0.12700052513906152, 0.16336225596045578, 0.09114668677390207, 0.08814436306939243], [0.039238590728723224, 0.026712719626232232, 0.03816347800380897, 0.039244225341838135, 0.07415661312860396, 0.07856777359991986, 1.0, 0.059379517856400506, 0.049004370424843395, 0.2639221895861914, 0.07300281459883405, 0.0676173681024131, 0.02909174642903049, 0.044958682530103114, 0.05088973592847915, 0.031596988820447196, 0.09086548364638598, 0.15110116962501377, 0.06492799860854873, 0.05153612875511461], [0.03469373115842619, 0.02997355063928553, 0.02673693623008768, 0.025255740174507994, 0.062413613031603754, 0.07619820853834383, 0.059379517856400506, 1.0, 0.05490285596329091, 0.2382296815223522, 0.04245450475181565, 0.04871316974542781, 0.03990647969358765, 0.03261137973320005, 0.03577634204726506, 0.045918810665945456, 0.04141201467840926, 0.23544251288199408, 0.047800135609158925, 0.0379401016543075], [0.05788386192076023, 0.03651819391026637, 0.04225467731343507, 0.03575666486204866, 0.04899003796706038, 0.09248644027869163, 0.049004370424843395, 0.05490285596329091, 1.0, 0.3674279453301089, 0.06706856035284503, 0.0640445086015612, 0.07141792739064501, 0.08175719653150189, 0.03329558320937535, 0.07002382955868727, 0.09018703902004623, 0.2399097034772106, 0.06100134987975319, 0.08852489186228774], [0.2119775080566717, 0.5795262012854678, 0.4103117217186653, 1.0, 0.5908040387127993, 0.38534891771499363, 0.2639221895861914, 0.2382296815223522, 0.3674279453301089, 1.0, 0.9900397739082818, 0.6905842486633005, 0.614323102439388, 0.42981025325655503, 0.49856272958906156, 0.43618095428773573, 0.8441869418605595, 0.6071540842742273, 0.4470771390576836, 0.3800336757966321], [0.03516647927627969, 0.03338331918149663, 0.029633709690957973, 0.03850366108095185, 0.041986500565356716, 0.05647536664565792, 0.07300281459883405, 0.04245450475181565, 0.06706856035284503, 0.9900397739082818, 1.0, 0.06697486675213515, 0.03276704006172335, 0.049976641903739794, 0.035147781331266545, 0.03489012456642579, 0.10024362820918979, 0.13341260273222033, 0.06592690516612919, 0.042735576634385826], [0.03797133795143523, 0.03977568964520382, 0.04182597143160681, 0.055720076192150886, 0.05953204487111794, 0.08121283836786716, 0.0676173681024131, 0.04871316974542781, 0.0640445086015612, 0.6905842486633005, 0.06697486675213515, 1.0, 0.07922956413457895, 0.03398360425698716, 0.050034371840823454, 0.054064277212261785, 0.06821664017079682, 0.10641815245024279, 0.11721426486026475, 0.06358660390482385], [0.031782804905184286, 0.029138417386642353, 0.025192958581229392, 0.031779779900314366, 0.0272343832451173, 0.0825192531079488, 0.02909174642903049, 0.03990647969358765, 0.07141792739064501, 0.614323102439388, 0.03276704006172335, 0.07922956413457895, 1.0, 0.04935041365253251, 0.02785968322503236, 0.02816122868205386, 0.06872988691113587, 0.10891918672094218, 0.042454277940161544, 0.040058675410383354], [0.03716284614858999, 0.05795926277929968, 0.0717635972710608, 0.03875238172146541, 0.04181812731619854, 0.046863600982234625, 0.044958682530103114, 0.03261137973320005, 0.08175719653150189, 0.42981025325655503, 0.049976641903739794, 0.03398360425698716, 0.04935041365253251, 1.0, 0.03443578387079253, 0.04456452082772874, 0.0918316222910621, 0.24685568041345982, 0.07724342799693613, 0.07474867564452178], [0.0324131348795071, 0.02076966687197581, 0.04015830561500601, 0.03936695210849624, 0.039276598245681936, 0.05863942250949575, 0.05088973592847915, 0.03577634204726506, 0.03329558320937535, 0.49856272958906156, 0.035147781331266545, 0.050034371840823454, 0.02785968322503236, 0.03443578387079253, 1.0, 0.03971506722241893, 0.04393195204398872, 0.11236100897419174, 0.0466279067211588, 0.04877716631012321], [0.03141322550860204, 0.01875971997043166, 0.045071832238377775, 0.024289960223543273, 0.05293111217190157, 0.046610931525338635, 0.031596988820447196, 0.045918810665945456, 0.07002382955868727, 0.43618095428773573, 0.03489012456642579, 0.054064277212261785, 0.02816122868205386, 0.04456452082772874, 0.03971506722241893, 1.0, 0.054905305019466145, 0.15083835990326738, 0.057549806580946515, 0.051945353044922565], [0.04945615120691992, 0.04164143912631641, 0.06865223067828312, 0.08612737035300909, 0.06542728368993254, 0.12700052513906152, 0.09086548364638598, 0.04141201467840926, 0.09018703902004623, 0.8441869418605595, 0.10024362820918979, 0.06821664017079682, 0.06872988691113587, 0.0918316222910621, 0.04393195204398872, 0.054905305019466145, 1.0, 0.13559297629292597, 0.06507499294797332, 0.09081600812444442], [0.13811969252367307, 0.15989333735987732, 0.16765717673326552, 0.13782156516924784, 0.11580093390972801, 0.16336225596045578, 0.15110116962501377, 0.23544251288199408, 0.2399097034772106, 0.6071540842742273, 0.13341260273222033, 0.10641815245024279, 0.10891918672094218, 0.24685568041345982, 0.11236100897419174, 0.15083835990326738, 0.13559297629292597, 1.0, 0.1408975860964456, 0.08909365648897152], [0.0400626599050035, 0.032491895226395145, 0.06911280614595872, 0.0489545164587374, 0.040299037149487196, 0.09114668677390207, 0.06492799860854873, 0.047800135609158925, 0.06100134987975319, 0.4470771390576836, 0.06592690516612919, 0.11721426486026475, 0.042454277940161544, 0.07724342799693613, 0.0466279067211588, 0.057549806580946515, 0.06507499294797332, 0.1408975860964456, 1.0, 0.13977678483967967], [0.07884104978754725, 0.0347452002019006, 0.03927512651837581, 0.04770912297316949, 0.04581600509816532, 0.08814436306939243, 0.05153612875511461, 0.0379401016543075, 0.08852489186228774, 0.3800336757966321, 0.042735576634385826, 0.06358660390482385, 0.040058675410383354, 0.07474867564452178, 0.04877716631012321, 0.051945353044922565, 0.09081600812444442, 0.08909365648897152, 0.13977678483967967, 1.0]], "meta_info": {"source": "pretrained"}}