{"model": "LSING", "dataset": "dim20_butterfly", "N": 200, "seed": 1230, "metrics": {"TP": 3, "FP": 35, "FN": 7, "TN": 145, "TPR": 0.3, "FDR": 0.9210526315789473, "FPR": 0.19444444444444445, "Hamming": 42}, "omega": [[1.0, 0.25411388242248356, 0.21543499860378976, 0.07811067297869405, 0.1085826901360448, 0.21642721649079652, 0.17214129038063963, 0.15826079152296976, 0.26847774235484656, 0.24550540839934495, 0.08048280667696248, 0.12985462976618428, 0.11803386293943399, 0.14993045984976355, 0.2972168118751573, 0.430633037186565, 0.08356377725279786, 0.19633793633840219, 0.18437366705251423, 0.10711911662905306], [0.25411388242248356, 1.0, 0.15757314592792757, 0.14196125695613593, 0.19361596319499413, 0.11218746943486942, 0.1189085504873057, 0.13085540088232483, 0.1633100055119143, 0.1592607892910874, 0.11813106195904587, 0.18923932534151672, 0.1703422168475497, 0.23167382225743033, 0.3351764201646705, 0.5602120085966665, 0.2076959193346538, 0.1295619453800284, 0.22878383925603746, 0.11480801179828405], [0.21543499860378976, 0.15757314592792757, 1.0, 0.08476748726372754, 0.04913024463381424, 0.07915884568855298, 0.05814549817032586, 0.13154472618927288, 0.06476517782999358, 0.06559049174668838, 0.07904066728377468, 0.09637756006171459, 0.10065702982950106, 0.05689779084367479, 0.1646691213547508, 0.9882399208860023, 0.046343352017272056, 0.1464035597902416, 0.15942539177768308, 0.07604529396051093], [0.07811067297869405, 0.14196125695613593, 0.08476748726372754, 1.0, 0.05854573051933662, 0.07556382294838584, 0.07220224613581697, 0.06576864329064608, 0.08270587445041616, 0.10990811893900183, 0.06191964841965566, 0.16307355280720282, 0.0828882670349317, 0.05980394609892346, 0.16261299621901026, 0.5450553834191985, 0.10186246131312982, 0.1115640643133972, 0.13641208739062188, 0.07077225758676567], [0.1085826901360448, 0.19361596319499413, 0.04913024463381424, 0.05854573051933662, 1.0, 0.08130674867426456, 0.04499035490399307, 0.13833870921313612, 0.07679687997009024, 0.07308441969255076, 0.05574075238592984, 0.06823886381205671, 0.07104072535293102, 0.06469456032862639, 0.09805758130676027, 0.2793999777674817, 0.038566861264178125, 0.08896607720188233, 0.114239652042389, 0.09278178872066124], [0.21642721649079652, 0.11218746943486942, 0.07915884568855298, 0.07556382294838584, 0.08130674867426456, 1.0, 0.05622496414344824, 0.09164914011286393, 0.08005366503215798, 0.04537905354058963, 0.048887824775757725, 0.08011164448013422, 0.06397577819548436, 0.06250913604353757, 0.21336458818336934, 1.0, 0.06658170118787324, 0.11691725047624048, 0.12978795788643013, 0.07674459855034707], [0.17214129038063963, 0.1189085504873057, 0.05814549817032586, 0.07220224613581697, 0.04499035490399307, 0.05622496414344824, 1.0, 0.09291266395328027, 0.042694689858233444, 0.0507211034919025, 0.04880078290907922, 0.07222101683902989, 0.07583726024894663, 0.08874743624883533, 0.2075856275330135, 0.9682095079851145, 0.0642634203525306, 0.13732205971538847, 0.1793462228104156, 0.06330557623844768], [0.15826079152296976, 0.13085540088232483, 0.13154472618927288, 0.06576864329064608, 0.13833870921313612, 0.09164914011286393, 0.09291266395328027, 1.0, 0.05235217490048786, 0.08154176295165336, 0.05872896141310902, 0.10044701634699803, 0.05465604980885907, 0.04213940277731826, 0.12657692564009587, 0.5287963630085907, 0.07462743150845942, 0.07404584904806806, 0.22899845261258098, 0.11093562314959955], [0.26847774235484656, 0.1633100055119143, 0.06476517782999358, 0.08270587445041616, 0.07679687997009024, 0.08005366503215798, 0.042694689858233444, 0.05235217490048786, 1.0, 0.11329012451294483, 0.043753771415304045, 0.0847756661924182, 0.041250873846531894, 0.04884697034640159, 0.17246300315818475, 0.7024923211065407, 0.049919368956427304, 0.17402980934606335, 0.10538400516424487, 0.0725433328280329], [0.24550540839934495, 0.1592607892910874, 0.06559049174668838, 0.10990811893900183, 0.07308441969255076, 0.04537905354058963, 0.0507211034919025, 0.08154176295165336, 0.11329012451294483, 1.0, 0.05956714538760167, 0.10282100298712943, 0.05770238986022698, 0.04577454990630788, 0.18249214688669815, 0.3102037596799798, 0.06208184270050791, 0.05884112317026882, 0.13134436254340015, 0.09925241946917072], [0.08048280667696248, 0.11813106195904587, 0.07904066728377468, 0.06191964841965566, 0.05574075238592984, 0.048887824775757725, 0.04880078290907922, 0.05872896141310902, 0.043753771415304045, 0.05956714538760167, 1.0, 0.12009241020118241, 0.04857950638597002, 0.04040824621429941, 0.13346042988439918, 0.22097682522982592, 0.03448156217129664, 0.09238453221484277, 0.08778708803385411, 0.06462275496469594], [0.12985462976618428, 0.18923932534151672, 0.09637756006171459, 0.16307355280720282, 0.06823886381205671, 0.08011164448013422, 0.07222101683902989, 0.10044701634699803, 0.0847756661924182, 0.10282100298712943, 0.12009241020118241, 1.0, 0.11265341161869377, 0.08211134769081675, 0.1509331179350801, 0.586611307486773, 0.08487727638915295, 0.08859709120639063, 0.252375556923292, 0.061057240091692284], [0.11803386293943399, 0.1703422168475497, 0.10065702982950106, 0.0828882670349317, 0.07104072535293102, 0.06397577819548436, 0.07583726024894663, 0.05465604980885907, 0.041250873846531894, 0.05770238986022698, 0.04857950638597002, 0.11265341161869377, 1.0, 0.09934343943807926, 0.12640004393359183, 0.28934091496719405, 0.04083072005245007, 0.2083774539336187, 0.1183284837890393, 0.0733835847351389], [0.14993045984976355, 0.23167382225743033, 0.05689779084367479, 0.05980394609892346, 0.06469456032862639, 0.06250913604353757, 0.08874743624883533, 0.04213940277731826, 0.04884697034640159, 0.04577454990630788, 0.04040824621429941, 0.08211134769081675, 0.09934343943807926, 1.0, 0.21076923376506204, 0.3513046473175497, 0.047166427864788446, 0.10655393224014022, 0.10916099050742678, 0.08384302394370702], [0.2972168118751573, 0.3351764201646705, 0.1646691213547508, 0.16261299621901026, 0.09805758130676027, 0.21336458818336934, 0.2075856275330135, 0.12657692564009587, 0.17246300315818475, 0.18249214688669815, 0.13346042988439918, 0.1509331179350801, 0.12640004393359183, 0.21076923376506204, 1.0, 0.6264852367251474, 0.1039176909118598, 0.19531927613579486, 0.24636162530303662, 0.1530205048913002], [0.430633037186565, 0.5602120085966665, 0.9882399208860023, 0.5450553834191985, 0.2793999777674817, 1.0, 0.9682095079851145, 0.5287963630085907, 0.7024923211065407, 0.3102037596799798, 0.22097682522982592, 0.586611307486773, 0.28934091496719405, 0.3513046473175497, 0.6264852367251474, 1.0, 0.3408500214270763, 0.3467401756028673, 0.6208107306455547, 0.2429231003621847], [0.08356377725279786, 0.2076959193346538, 0.046343352017272056, 0.10186246131312982, 0.038566861264178125, 0.06658170118787324, 0.0642634203525306, 0.07462743150845942, 0.049919368956427304, 0.06208184270050791, 0.03448156217129664, 0.08487727638915295, 0.04083072005245007, 0.047166427864788446, 0.1039176909118598, 0.3408500214270763, 1.0, 0.12100750363655695, 0.07315740673226026, 0.14772430829096378], [0.19633793633840219, 0.1295619453800284, 0.1464035597902416, 0.1115640643133972, 0.08896607720188233, 0.11691725047624048, 0.13732205971538847, 0.07404584904806806, 0.17402980934606335, 0.05884112317026882, 0.09238453221484277, 0.08859709120639063, 0.2083774539336187, 0.10655393224014022, 0.19531927613579486, 0.3467401756028673, 0.12100750363655695, 1.0, 0.22009189932747847, 0.11680902815390955], [0.18437366705251423, 0.22878383925603746, 0.15942539177768308, 0.13641208739062188, 0.114239652042389, 0.12978795788643013, 0.1793462228104156, 0.22899845261258098, 0.10538400516424487, 0.13134436254340015, 0.08778708803385411, 0.252375556923292, 0.1183284837890393, 0.10916099050742678, 0.24636162530303662, 0.6208107306455547, 0.07315740673226026, 0.22009189932747847, 1.0, 0.37532337528245746], [0.10711911662905306, 0.11480801179828405, 0.07604529396051093, 0.07077225758676567, 0.09278178872066124, 0.07674459855034707, 0.06330557623844768, 0.11093562314959955, 0.0725433328280329, 0.09925241946917072, 0.06462275496469594, 0.061057240091692284, 0.0733835847351389, 0.08384302394370702, 0.1530205048913002, 0.2429231003621847, 0.14772430829096378, 0.11680902815390955, 0.37532337528245746, 1.0]], "meta_info": {"source": "pretrained"}}