{"model": "LSING", "dataset": "dim20_cop_gau", "N": 2000, "seed": 1234560, "metrics": {"TP": 19, "FP": 2, "FN": 0, "TN": 169, "TPR": 1.0, "FDR": 0.09523809523809523, "FPR": 0.011695906432748537, "Hamming": 2}, "omega": [[1.0, 0.8253611702518935, 0.06214043939545473, 0.06082293108114778, 0.08914757466385807, 0.07974567761847835, 0.1413051788940113, 0.0667324474006925, 0.05450266272817103, 0.08474031027472234, 0.0910583344078386, 0.0579879414478958, 0.06088812074347472, 0.07006959881565976, 0.06867785360786413, 0.06695176009309389, 0.09751812780903864, 0.1011798504007262, 0.06696710556196757, 0.06548543150958976], [0.8253611702518935, 1.0, 0.5688121427293439, 0.12393751315225401, 0.11120633880814168, 0.10377989518944508, 0.10164851948745451, 0.06913443802792986, 0.07351275796076141, 0.1049709251819591, 0.07432250449645982, 0.09346384613865018, 0.09568718560871713, 0.08016593944562958, 0.08139477645234512, 0.10981830992994263, 0.13104964991014398, 0.13944721811571417, 0.08511695931199845, 0.08365442444498263], [0.06214043939545473, 0.5688121427293439, 1.0, 0.6762037334025519, 0.1192588494161961, 0.08635112546148617, 0.1171397711948204, 0.0687902387213952, 0.06295012261460535, 0.0775290655316139, 0.09456634904459832, 0.11023642427084804, 0.09397055088266926, 0.06434686982967623, 0.06665470523276655, 0.11648169065538368, 0.09158626778329666, 0.0780840139674616, 0.06648216764004368, 0.06419475534120106], [0.06082293108114778, 0.12393751315225401, 0.6762037334025519, 1.0, 0.642106477946959, 0.11293227754912843, 0.1106188315963869, 0.08276903398140024, 0.06491837906035654, 0.0558557690126789, 0.11353365108484885, 0.09819239979677921, 0.09091864051548787, 0.05320698103492107, 0.08417121762561595, 0.16727643785266966, 0.13598210747525294, 0.07234981413357044, 0.0658308936294942, 0.06405206974196734], [0.08914757466385807, 0.11120633880814168, 0.1192588494161961, 0.642106477946959, 1.0, 0.7491647984532978, 0.08212117906443131, 0.07789911733636908, 0.07301262758495435, 0.10459735755000868, 0.07273946944503806, 0.09221166643131672, 0.0780204582238262, 0.07300415372030869, 0.09306093480438592, 0.11730567813795545, 0.10753565692494209, 0.10854003325216245, 0.0761351587672285, 0.08687403924173903], [0.07974567761847835, 0.10377989518944508, 0.08635112546148617, 0.11293227754912843, 0.7491647984532978, 1.0, 0.962246227979982, 0.23971910218598552, 0.07616427382645312, 0.11991033448190488, 0.10953381461038626, 0.13189554491825045, 0.0881418862770641, 0.056599787695394164, 0.06882688844980661, 0.09528768985044744, 0.09231829149779205, 0.09759551645957278, 0.07266515164707164, 0.07222085239606983], [0.1413051788940113, 0.10164851948745451, 0.1171397711948204, 0.1106188315963869, 0.08212117906443131, 0.962246227979982, 1.0, 1.0, 0.19255419769857574, 0.14569656138241016, 0.22477210545306311, 0.0952538295677247, 0.12587999800426242, 0.09816614453496303, 0.07985237479546645, 0.07264854864120719, 0.11446022544518146, 0.16814528159176337, 0.0877673829672408, 0.10723794955241392], [0.0667324474006925, 0.06913443802792986, 0.0687902387213952, 0.08276903398140024, 0.07789911733636908, 0.23971910218598552, 1.0, 1.0, 0.6719479327484835, 0.07172691648918804, 0.098245378159348, 0.0929994474013116, 0.07648373043314653, 0.08052214075555608, 0.0446872822438394, 0.10454339074577719, 0.07949197172907699, 0.10543185557951329, 0.11584825080579453, 0.0759249337582277], [0.05450266272817103, 0.07351275796076141, 0.06295012261460535, 0.06491837906035654, 0.07301262758495435, 0.07616427382645312, 0.19255419769857574, 0.6719479327484835, 1.0, 0.6245048716314682, 0.10459102589522985, 0.05262932130514034, 0.053484442941293966, 0.03880805761603236, 0.057778240559207245, 0.08406433049898449, 0.0986841512827623, 0.07368859153155526, 0.10084271088926994, 0.05916679355771855], [0.08474031027472234, 0.1049709251819591, 0.0775290655316139, 0.0558557690126789, 0.10459735755000868, 0.11991033448190488, 0.14569656138241016, 0.07172691648918804, 0.6245048716314682, 1.0, 0.9398624213024557, 0.16241260135501914, 0.08147949751087173, 0.09321051311336358, 0.0692833620659137, 0.08681297043139731, 0.11110414590001153, 0.12265456863786744, 0.08064118641815587, 0.07010808472395702], [0.0910583344078386, 0.07432250449645982, 0.09456634904459832, 0.11353365108484885, 0.07273946944503806, 0.10953381461038626, 0.22477210545306311, 0.098245378159348, 0.10459102589522985, 0.9398624213024557, 1.0, 0.9643997504033546, 0.12254188980590636, 0.06644459278651736, 0.06702053945192184, 0.13509172555715326, 0.10045592416917573, 0.09481638081543496, 0.10492041264716806, 0.08054718596779231], [0.0579879414478958, 0.09346384613865018, 0.11023642427084804, 0.09819239979677921, 0.09221166643131672, 0.13189554491825045, 0.0952538295677247, 0.0929994474013116, 0.05262932130514034, 0.16241260135501914, 0.9643997504033546, 1.0, 0.8123679955506196, 0.08766197850310338, 0.061970900544786836, 0.08927345147844702, 0.1049522397651896, 0.12248837677026736, 0.09996279378948525, 0.09739795651892262], [0.06088812074347472, 0.09568718560871713, 0.09397055088266926, 0.09091864051548787, 0.0780204582238262, 0.0881418862770641, 0.12587999800426242, 0.07648373043314653, 0.053484442941293966, 0.08147949751087173, 0.12254188980590636, 0.8123679955506196, 1.0, 0.6697524525594434, 0.06244942414866118, 0.08305789462516801, 0.10171482598333272, 0.11024231974496432, 0.0969094693527366, 0.07586228906936325], [0.07006959881565976, 0.08016593944562958, 0.06434686982967623, 0.05320698103492107, 0.07300415372030869, 0.056599787695394164, 0.09816614453496303, 0.08052214075555608, 0.03880805761603236, 0.09321051311336358, 0.06644459278651736, 0.08766197850310338, 0.6697524525594434, 1.0, 0.6232284944501216, 0.13420676775664744, 0.0875175147641526, 0.10572609109467107, 0.0901486761185234, 0.05853143838255881], [0.06867785360786413, 0.08139477645234512, 0.06665470523276655, 0.08417121762561595, 0.09306093480438592, 0.06882688844980661, 0.07985237479546645, 0.0446872822438394, 0.057778240559207245, 0.0692833620659137, 0.06702053945192184, 0.061970900544786836, 0.06244942414866118, 0.6232284944501216, 1.0, 0.7964008285293896, 0.08396430266503008, 0.08855458001796164, 0.08107277311339622, 0.05103696289205677], [0.06695176009309389, 0.10981830992994263, 0.11648169065538368, 0.16727643785266966, 0.11730567813795545, 0.09528768985044744, 0.07264854864120719, 0.10454339074577719, 0.08406433049898449, 0.08681297043139731, 0.13509172555715326, 0.08927345147844702, 0.08305789462516801, 0.13420676775664744, 0.7964008285293896, 1.0, 0.9424280641002096, 0.10965069344001731, 0.0771571968936958, 0.06526001404670577], [0.09751812780903864, 0.13104964991014398, 0.09158626778329666, 0.13598210747525294, 0.10753565692494209, 0.09231829149779205, 0.11446022544518146, 0.07949197172907699, 0.0986841512827623, 0.11110414590001153, 0.10045592416917573, 0.1049522397651896, 0.10171482598333272, 0.0875175147641526, 0.08396430266503008, 0.9424280641002096, 1.0, 0.8371682993799987, 0.11473304941442887, 0.11442956264812203], [0.1011798504007262, 0.13944721811571417, 0.0780840139674616, 0.07234981413357044, 0.10854003325216245, 0.09759551645957278, 0.16814528159176337, 0.10543185557951329, 0.07368859153155526, 0.12265456863786744, 0.09481638081543496, 0.12248837677026736, 0.11024231974496432, 0.10572609109467107, 0.08855458001796164, 0.10965069344001731, 0.8371682993799987, 1.0, 0.9121732788747237, 0.10871110401152823], [0.06696710556196757, 0.08511695931199845, 0.06648216764004368, 0.0658308936294942, 0.0761351587672285, 0.07266515164707164, 0.0877673829672408, 0.11584825080579453, 0.10084271088926994, 0.08064118641815587, 0.10492041264716806, 0.09996279378948525, 0.0969094693527366, 0.0901486761185234, 0.08107277311339622, 0.0771571968936958, 0.11473304941442887, 0.9121732788747237, 1.0, 0.7771310422348389], [0.06548543150958976, 0.08365442444498263, 0.06419475534120106, 0.06405206974196734, 0.08687403924173903, 0.07222085239606983, 0.10723794955241392, 0.0759249337582277, 0.05916679355771855, 0.07010808472395702, 0.08054718596779231, 0.09739795651892262, 0.07586228906936325, 0.05853143838255881, 0.05103696289205677, 0.06526001404670577, 0.11442956264812203, 0.10871110401152823, 0.7771310422348389, 1.0]], "meta_info": {"source": "pretrained"}}