{"model": "LSING", "dataset": "0.5_dim20_pair_gau", "N": 100, "seed": 1230, "metrics": {"TP": 8, "FP": 66, "FN": 2, "TN": 114, "TPR": 0.8, "FDR": 0.8918918918918919, "FPR": 0.36666666666666664, "Hamming": 68}, "omega": [[1.0, 0.4784212739100553, 0.4629722680088035, 0.13337889965632066, 0.27441567285899243, 0.26665757924104405, 0.1624858804494398, 0.2193318440710246, 0.16153491675557988, 0.20672002081967691, 0.2179774316103387, 0.15716021180707207, 0.13837562859010663, 0.2854678965969367, 0.16025645407640848, 0.13691008695363888, 0.11474118079403675, 0.3564763719286956, 0.10881515528767548, 0.250316090368725], [0.4784212739100553, 1.0, 0.19391790492707686, 0.20582094320571123, 0.168803216879602, 0.35189585553696795, 0.20094442254812303, 0.4004289368496441, 0.2451104211015351, 0.12266684078065623, 0.40457932989560264, 0.23771656761027396, 0.12756070099375094, 0.37960448682019876, 0.13845445288048944, 0.12641016513658002, 0.10035306831598015, 0.31186493164918966, 0.24425626722793606, 0.1871492482498689], [0.4629722680088035, 0.19391790492707686, 1.0, 0.41567087019303184, 0.2304175351398958, 0.24476034307646458, 0.17466966936521766, 0.26809305454769167, 0.35715051633301953, 0.09381184086871842, 0.43566751408637305, 0.1356992534743986, 0.13549661177654385, 0.3073483898458231, 0.14841320542806435, 0.11930078549990239, 0.11783996148056364, 0.25360601086337103, 0.1387384765572293, 0.10251816165425089], [0.13337889965632066, 0.20582094320571123, 0.41567087019303184, 1.0, 0.16596273806452733, 0.2331746585937569, 0.07313547005745058, 0.2707333414340678, 0.28802257414947097, 0.03611974640606377, 0.09024216028235549, 0.08192928722367653, 0.06835891046502902, 0.11811810663635157, 0.04184995225894802, 0.04799018070853996, 0.06495234226175367, 0.1526804705007216, 0.04541724474435251, 0.04201681561016463], [0.27441567285899243, 0.168803216879602, 0.2304175351398958, 0.16596273806452733, 1.0, 1.0, 0.08099732658495779, 0.5513368259240474, 0.11777442977020901, 0.16374535317796204, 0.23762505508820106, 0.12907268803336516, 0.1228736558737947, 0.2492114857561017, 0.12135427944238333, 0.13910810956781103, 0.14784494377759744, 0.2875804270468427, 0.20655508459964045, 0.09245959604518394], [0.26665757924104405, 0.35189585553696795, 0.24476034307646458, 0.2331746585937569, 1.0, 1.0, 0.36331906898584476, 0.22149200703688404, 0.17782096360555105, 0.18136202552303635, 0.3983058734715599, 0.20843930088096227, 0.25709459314455857, 0.22619413311460362, 0.22003128168666172, 0.12706448784043745, 0.20615735247474723, 0.25700065397890365, 0.2885947918148245, 0.12650073490607958], [0.1624858804494398, 0.20094442254812303, 0.17466966936521766, 0.07313547005745058, 0.08099732658495779, 0.36331906898584476, 1.0, 0.48510845610608155, 0.16876146750971532, 0.13529011735803376, 0.15468792142504648, 0.10942196572856511, 0.11947142140311727, 0.23913556209106893, 0.11018693351285193, 0.07079409046734479, 0.07562290923225709, 0.1712673115581447, 0.1650872886205352, 0.05710678926403051], [0.2193318440710246, 0.4004289368496441, 0.26809305454769167, 0.2707333414340678, 0.5513368259240474, 0.22149200703688404, 0.48510845610608155, 1.0, 0.5707710897712835, 0.2215367503977722, 0.3437652181695034, 0.19775617055686925, 0.2815172406767182, 0.8077934738963699, 0.26356105869396523, 0.13166551661644654, 0.17627797750462548, 0.5325774958340665, 0.23873142572383788, 0.22453622061861886], [0.16153491675557988, 0.2451104211015351, 0.35715051633301953, 0.28802257414947097, 0.11777442977020901, 0.17782096360555105, 0.16876146750971532, 0.5707710897712835, 1.0, 0.39988036893813333, 0.20134907076139552, 0.17296895143145946, 0.17558864268148716, 0.2164820764836616, 0.1937064570105813, 0.1508839664387854, 0.1359263311956176, 0.300336740427258, 0.12405240493144297, 0.21845892148143586], [0.20672002081967691, 0.12266684078065623, 0.09381184086871842, 0.03611974640606377, 0.16374535317796204, 0.18136202552303635, 0.13529011735803376, 0.2215367503977722, 0.39988036893813333, 1.0, 0.17136855840523474, 0.032376039707313856, 0.06850412673712529, 0.15278807456814872, 0.03601905611445854, 0.038831082764789554, 0.059762696704900455, 0.0775328488605715, 0.03225938351930735, 0.027844212670278843], [0.2179774316103387, 0.40457932989560264, 0.43566751408637305, 0.09024216028235549, 0.23762505508820106, 0.3983058734715599, 0.15468792142504648, 0.3437652181695034, 0.20134907076139552, 0.17136855840523474, 1.0, 0.49585288461875265, 0.21682597535531611, 0.21079752051417266, 0.12587939158353423, 0.11459941485760541, 0.1997587805276696, 0.40450384802153866, 0.21176334932710375, 0.18420188148931363], [0.15716021180707207, 0.23771656761027396, 0.1356992534743986, 0.08192928722367653, 0.12907268803336516, 0.20843930088096227, 0.10942196572856511, 0.19775617055686925, 0.17296895143145946, 0.032376039707313856, 0.49585288461875265, 1.0, 0.14960102741930878, 0.2355792372946369, 0.07333963187638022, 0.04200398862502958, 0.05090487719962444, 0.18616695248642967, 0.05253319204409207, 0.04142075239444045], [0.13837562859010663, 0.12756070099375094, 0.13549661177654385, 0.06835891046502902, 0.1228736558737947, 0.25709459314455857, 0.11947142140311727, 0.2815172406767182, 0.17558864268148716, 0.06850412673712529, 0.21682597535531611, 0.14960102741930878, 1.0, 0.2967120687672434, 0.10168566873511668, 0.07569569620607874, 0.1355266811897739, 0.18915378997696422, 0.07109276034105375, 0.09100784033432649], [0.2854678965969367, 0.37960448682019876, 0.3073483898458231, 0.11811810663635157, 0.2492114857561017, 0.22619413311460362, 0.23913556209106893, 0.8077934738963699, 0.2164820764836616, 0.15278807456814872, 0.21079752051417266, 0.2355792372946369, 0.2967120687672434, 1.0, 0.1088981067221937, 0.16849842643726493, 0.22332667292130196, 0.4723070324390014, 0.13272169396421774, 0.09083529271698092], [0.16025645407640848, 0.13845445288048944, 0.14841320542806435, 0.04184995225894802, 0.12135427944238333, 0.22003128168666172, 0.11018693351285193, 0.26356105869396523, 0.1937064570105813, 0.03601905611445854, 0.12587939158353423, 0.07333963187638022, 0.10168566873511668, 0.1088981067221937, 1.0, 0.12776243616909855, 0.07362062764460983, 0.1494501916326912, 0.04351488413754337, 0.03518539612468165], [0.13691008695363888, 0.12641016513658002, 0.11930078549990239, 0.04799018070853996, 0.13910810956781103, 0.12706448784043745, 0.07079409046734479, 0.13166551661644654, 0.1508839664387854, 0.038831082764789554, 0.11459941485760541, 0.04200398862502958, 0.07569569620607874, 0.16849842643726493, 0.12776243616909855, 1.0, 0.06399881933768652, 0.17299271835487798, 0.0491803137154956, 0.02983792931610906], [0.11474118079403675, 0.10035306831598015, 0.11783996148056364, 0.06495234226175367, 0.14784494377759744, 0.20615735247474723, 0.07562290923225709, 0.17627797750462548, 0.1359263311956176, 0.059762696704900455, 0.1997587805276696, 0.05090487719962444, 0.1355266811897739, 0.22332667292130196, 0.07362062764460983, 0.06399881933768652, 1.0, 0.5762933658783547, 0.08064721464237848, 0.045086559825774024], [0.3564763719286956, 0.31186493164918966, 0.25360601086337103, 0.1526804705007216, 0.2875804270468427, 0.25700065397890365, 0.1712673115581447, 0.5325774958340665, 0.300336740427258, 0.0775328488605715, 0.40450384802153866, 0.18616695248642967, 0.18915378997696422, 0.4723070324390014, 0.1494501916326912, 0.17299271835487798, 0.5762933658783547, 1.0, 0.17087543791203916, 0.28582543493223184], [0.10881515528767548, 0.24425626722793606, 0.1387384765572293, 0.04541724474435251, 0.20655508459964045, 0.2885947918148245, 0.1650872886205352, 0.23873142572383788, 0.12405240493144297, 0.03225938351930735, 0.21176334932710375, 0.05253319204409207, 0.07109276034105375, 0.13272169396421774, 0.04351488413754337, 0.0491803137154956, 0.08064721464237848, 0.17087543791203916, 1.0, 0.05623137836266199], [0.250316090368725, 0.1871492482498689, 0.10251816165425089, 0.04201681561016463, 0.09245959604518394, 0.12650073490607958, 0.05710678926403051, 0.22453622061861886, 0.21845892148143586, 0.027844212670278843, 0.18420188148931363, 0.04142075239444045, 0.09100784033432649, 0.09083529271698092, 0.03518539612468165, 0.02983792931610906, 0.045086559825774024, 0.28582543493223184, 0.05623137836266199, 1.0]], "meta_info": {"source": "pretrained"}}