{"model": "LSING", "dataset": "0.5_dim20_pair_gau", "N": 100, "seed": 123450, "metrics": {"TP": 7, "FP": 31, "FN": 3, "TN": 149, "TPR": 0.7, "FDR": 0.8157894736842105, "FPR": 0.17222222222222222, "Hamming": 34}, "omega": [[1.0, 0.5323474882479962, 0.2283499811300309, 0.0796161857838219, 0.10852428837111917, 0.18407905521358803, 0.20022045896806864, 0.14646888659817778, 0.06817400907990134, 0.14700351949108878, 0.14376551274564872, 0.6816142539041274, 0.10721729640595377, 0.16244125876333118, 0.1616177445400102, 0.0906228898007439, 0.09408425888965037, 0.1532203601777121, 0.12017605255902965, 0.07893870292574816], [0.5323474882479962, 1.0, 0.20967637768791553, 0.09014693542083389, 0.14484131292318939, 0.1937977455226269, 0.08644127909461101, 0.19385990803972913, 0.2044856115708801, 0.21607755755326663, 0.21496493591607493, 1.0, 0.12874240358412267, 0.18456597174284156, 0.2277623449986865, 0.10214614467132135, 0.09043472459421775, 0.12434601243081533, 0.09419473602202946, 0.06559578459665695], [0.2283499811300309, 0.20967637768791553, 1.0, 0.0938037426472905, 0.0876651140846824, 0.1895904923144284, 0.06819107084507735, 0.10721758393773984, 0.04596187832161241, 0.056116951448504905, 0.16894292287209342, 0.4520991754265467, 0.11894486000156176, 0.15053594951023458, 0.10665704072081733, 0.05271303306549686, 0.08989397469443881, 0.11321281645667215, 0.08623241739650041, 0.07841068094511179], [0.0796161857838219, 0.09014693542083389, 0.0938037426472905, 1.0, 0.08346766942047606, 0.1060965264889539, 0.05680671817461614, 0.10263485827423774, 0.028565123542623114, 0.028292659349675262, 0.12138757469600447, 0.4934105865233833, 0.060619844143488116, 0.153943460881166, 0.13766961047892715, 0.051178260274459104, 0.10504821110383387, 0.047408426389826855, 0.06020424245359147, 0.04472890144390765], [0.10852428837111917, 0.14484131292318939, 0.0876651140846824, 0.08346766942047606, 1.0, 0.4562964716872505, 0.1263900132901829, 0.10802286771830273, 0.07713103406438228, 0.08327542427703402, 0.11663447485523865, 0.4064379081090521, 0.16954818655696705, 0.11826890987341208, 0.15637808062830927, 0.06383018986734833, 0.10580708980481202, 0.09864686428454249, 0.06265553672552142, 0.05447031372045939], [0.18407905521358803, 0.1937977455226269, 0.1895904923144284, 0.1060965264889539, 0.4562964716872505, 1.0, 0.13150173251350167, 0.19926799601391904, 0.11906962213045712, 0.18511556672324891, 0.25145405056090636, 0.7272141331852984, 0.20454299850964855, 0.2143099338698225, 0.15951421300690474, 0.15796227990149012, 0.12954171876132012, 0.23346881676505463, 0.202967407799014, 0.20864136760431493], [0.20022045896806864, 0.08644127909461101, 0.06819107084507735, 0.05680671817461614, 0.1263900132901829, 0.13150173251350167, 1.0, 0.4328659887526655, 0.051645849566319055, 0.057746213213334015, 0.1447051457532478, 0.23934022974921282, 0.10406491152503176, 0.13971930980090955, 0.12443672175290285, 0.02941747674032486, 0.17347047721474304, 0.06435835561387772, 0.11583682226102994, 0.05359337655504958], [0.14646888659817778, 0.19385990803972913, 0.10721758393773984, 0.10263485827423774, 0.10802286771830273, 0.19926799601391904, 0.4328659887526655, 1.0, 0.04921566395351364, 0.10028916700715222, 0.14952615179042286, 0.23286878894125296, 0.13740716004418974, 0.10381906489153693, 0.18497156315273483, 0.08709026500200108, 0.08303693289213096, 0.10945560150736035, 0.12750462794003686, 0.10449614659639303], [0.06817400907990134, 0.2044856115708801, 0.04596187832161241, 0.028565123542623114, 0.07713103406438228, 0.11906962213045712, 0.051645849566319055, 0.04921566395351364, 1.0, 0.048349690676550885, 0.16470223713735135, 0.45281326873304134, 0.059852029928497245, 0.10725688188083854, 0.09266440606084728, 0.03560151909349724, 0.11982521276633339, 0.04587429590769829, 0.07681808759882178, 0.03121733065006197], [0.14700351949108878, 0.21607755755326663, 0.056116951448504905, 0.028292659349675262, 0.08327542427703402, 0.18511556672324891, 0.057746213213334015, 0.10028916700715222, 0.048349690676550885, 1.0, 0.08684164275924888, 0.5367511998678244, 0.13618773773951248, 0.08392332382440983, 0.11978160532465089, 0.031632334088339244, 0.08897284342975074, 0.048838313846082955, 0.038666000985751715, 0.03959420518455613], [0.14376551274564872, 0.21496493591607493, 0.16894292287209342, 0.12138757469600447, 0.11663447485523865, 0.25145405056090636, 0.1447051457532478, 0.14952615179042286, 0.16470223713735135, 0.08684164275924888, 1.0, 0.8857292010613039, 0.19943693485105718, 0.1590487686094166, 0.12568160917108417, 0.15075924228955923, 0.18469986416534664, 0.1064576606152325, 0.12651138880477553, 0.1004442648988792], [0.6816142539041274, 1.0, 0.4520991754265467, 0.4934105865233833, 0.4064379081090521, 0.7272141331852984, 0.23934022974921282, 0.23286878894125296, 0.45281326873304134, 0.5367511998678244, 0.8857292010613039, 1.0, 0.5149603530304139, 0.9187748350362898, 0.3600456051383303, 0.6293333463310068, 0.39618859180166927, 0.1945524167524292, 0.3571860992071663, 0.48196903125912943], [0.10721729640595377, 0.12874240358412267, 0.11894486000156176, 0.060619844143488116, 0.16954818655696705, 0.20454299850964855, 0.10406491152503176, 0.13740716004418974, 0.059852029928497245, 0.13618773773951248, 0.19943693485105718, 0.5149603530304139, 1.0, 0.30985433018278574, 0.1071593471570392, 0.08617915793014475, 0.13440084826700002, 0.06506317949847908, 0.11119703313201873, 0.08918604708971131], [0.16244125876333118, 0.18456597174284156, 0.15053594951023458, 0.153943460881166, 0.11826890987341208, 0.2143099338698225, 0.13971930980090955, 0.10381906489153693, 0.10725688188083854, 0.08392332382440983, 0.1590487686094166, 0.9187748350362898, 0.30985433018278574, 1.0, 0.162658776559485, 0.0885077862726519, 0.13664800656485154, 0.08385824193215721, 0.1426152325602998, 0.07228733098684517], [0.1616177445400102, 0.2277623449986865, 0.10665704072081733, 0.13766961047892715, 0.15637808062830927, 0.15951421300690474, 0.12443672175290285, 0.18497156315273483, 0.09266440606084728, 0.11978160532465089, 0.12568160917108417, 0.3600456051383303, 0.1071593471570392, 0.162658776559485, 1.0, 0.2937292206691167, 0.22031609259662507, 0.11857535151201419, 0.16695008180140186, 0.0724200871950344], [0.0906228898007439, 0.10214614467132135, 0.05271303306549686, 0.051178260274459104, 0.06383018986734833, 0.15796227990149012, 0.02941747674032486, 0.08709026500200108, 0.03560151909349724, 0.031632334088339244, 0.15075924228955923, 0.6293333463310068, 0.08617915793014475, 0.0885077862726519, 0.2937292206691167, 1.0, 0.09929468267375288, 0.03694996143224851, 0.057946821126021404, 0.04421148103847985], [0.09408425888965037, 0.09043472459421775, 0.08989397469443881, 0.10504821110383387, 0.10580708980481202, 0.12954171876132012, 0.17347047721474304, 0.08303693289213096, 0.11982521276633339, 0.08897284342975074, 0.18469986416534664, 0.39618859180166927, 0.13440084826700002, 0.13664800656485154, 0.22031609259662507, 0.09929468267375288, 1.0, 0.30157308547400824, 0.10134053625809676, 0.08547994671238336], [0.1532203601777121, 0.12434601243081533, 0.11321281645667215, 0.047408426389826855, 0.09864686428454249, 0.23346881676505463, 0.06435835561387772, 0.10945560150736035, 0.04587429590769829, 0.048838313846082955, 0.1064576606152325, 0.1945524167524292, 0.06506317949847908, 0.08385824193215721, 0.11857535151201419, 0.03694996143224851, 0.30157308547400824, 1.0, 0.07777268037511248, 0.04522288568996689], [0.12017605255902965, 0.09419473602202946, 0.08623241739650041, 0.06020424245359147, 0.06265553672552142, 0.202967407799014, 0.11583682226102994, 0.12750462794003686, 0.07681808759882178, 0.038666000985751715, 0.12651138880477553, 0.3571860992071663, 0.11119703313201873, 0.1426152325602998, 0.16695008180140186, 0.057946821126021404, 0.10134053625809676, 0.07777268037511248, 1.0, 0.1035413880255644], [0.07893870292574816, 0.06559578459665695, 0.07841068094511179, 0.04472890144390765, 0.05447031372045939, 0.20864136760431493, 0.05359337655504958, 0.10449614659639303, 0.03121733065006197, 0.03959420518455613, 0.1004442648988792, 0.48196903125912943, 0.08918604708971131, 0.07228733098684517, 0.0724200871950344, 0.04421148103847985, 0.08547994671238336, 0.04522288568996689, 0.1035413880255644, 1.0]], "meta_info": {"source": "pretrained"}}