{"model": "LSING", "dataset": "dim6_butterfly", "N": 5000, "seed": 1230, "metrics": {"TP": 3, "FP": 0, "FN": 0, "TN": 12, "TPR": 1.0, "FDR": 0.0, "FPR": 0.0, "Hamming": 0}, "omega": [[1.0, 0.8387192452320813, 0.017539359833721395, 0.0568510418933762, 0.0210130467677507, 0.03891245563040033], [0.8387192452320813, 1.0, 0.046466503584318974, 0.07290546510325904, 0.040376471688558575, 0.05820076665791712], [0.017539359833721395, 0.046466503584318974, 1.0, 1.0, 0.018710922930774494, 0.033147760694124374], [0.0568510418933762, 0.07290546510325904, 1.0, 1.0, 0.036224207059175416, 0.06721645396999276], [0.0210130467677507, 0.040376471688558575, 0.018710922930774494, 0.036224207059175416, 1.0, 0.6728950954454069], [0.03891245563040033, 0.05820076665791712, 0.033147760694124374, 0.06721645396999276, 0.6728950954454069, 1.0]], "meta_info": {"source": "pretrained"}}