{"model": "LSING", "dataset": "dim6_butterfly", "N": 5000, "seed": 12340, "metrics": {"TP": 3, "FP": 0, "FN": 0, "TN": 12, "TPR": 1.0, "FDR": 0.0, "FPR": 0.0, "Hamming": 0}, "omega": [[1.0, 0.4663230051914772, 0.018113763751009974, 0.04171621680981476, 0.02044198695886562, 0.030188459025161558], [0.4663230051914772, 1.0, 0.020661114198538284, 0.036841175830186, 0.022830019653283302, 0.029143870571303642], [0.018113763751009974, 0.020661114198538284, 1.0, 1.0, 0.012065569069736132, 0.023008423768704885], [0.04171621680981476, 0.036841175830186, 1.0, 1.0, 0.031240071434421476, 0.04383473230975365], [0.02044198695886562, 0.022830019653283302, 0.012065569069736132, 0.031240071434421476, 1.0, 0.5881285516166439], [0.030188459025161558, 0.029143870571303642, 0.023008423768704885, 0.04383473230975365, 0.5881285516166439, 1.0]], "meta_info": {"source": "pretrained"}}