{"model": "LSING", "dataset": "dim6_butterfly", "N": 5000, "seed": 120, "metrics": {"TP": 3, "FP": 0, "FN": 0, "TN": 12, "TPR": 1.0, "FDR": 0.0, "FPR": 0.0, "Hamming": 0}, "omega": [[1.0, 0.6829700740265763, 0.015156033090495468, 0.04692713984226146, 0.014578878272609449, 0.025182388806760065], [0.6829700740265763, 1.0, 0.040564261200903555, 0.06847191575327716, 0.02753636528601089, 0.036468435240994565], [0.015156033090495468, 0.040564261200903555, 1.0, 1.0, 0.01221655515203709, 0.0216480310694997], [0.04692713984226146, 0.06847191575327716, 1.0, 1.0, 0.04134988233269709, 0.05821359527773641], [0.014578878272609449, 0.02753636528601089, 0.01221655515203709, 0.04134988233269709, 1.0, 0.4410781602253238], [0.025182388806760065, 0.036468435240994565, 0.0216480310694997, 0.05821359527773641, 0.4410781602253238, 1.0]], "meta_info": {"source": "pretrained"}}