{"model": "LSING", "dataset": "dim6_butterfly", "N": 5000, "seed": 123450, "metrics": {"TP": 3, "FP": 0, "FN": 0, "TN": 12, "TPR": 1.0, "FDR": 0.0, "FPR": 0.0, "Hamming": 0}, "omega": [[1.0, 0.6761634077433237, 0.025769865612929252, 0.026953437739193103, 0.018619802165150686, 0.03841040371794711], [0.6761634077433237, 1.0, 0.03362852430900854, 0.03907975748418975, 0.02909900877642266, 0.05189734300210434], [0.025769865612929252, 0.03362852430900854, 1.0, 0.5692021036693389, 0.015964746508493624, 0.04188405850005369], [0.026953437739193103, 0.03907975748418975, 0.5692021036693389, 1.0, 0.027130769781362665, 0.04941904923960472], [0.018619802165150686, 0.02909900877642266, 0.015964746508493624, 0.027130769781362665, 1.0, 1.0], [0.03841040371794711, 0.05189734300210434, 0.04188405850005369, 0.04941904923960472, 1.0, 1.0]], "meta_info": {"source": "pretrained"}}