{"model": "LSING", "dataset": "dim6_butterfly", "N": 300, "seed": 120, "metrics": {"TP": 2, "FP": 4, "FN": 1, "TN": 8, "TPR": 0.6666666666666666, "FDR": 0.6666666666666666, "FPR": 0.3333333333333333, "Hamming": 5}, "omega": [[1.0, 1.0, 0.03319118196587167, 0.1018118774776641, 0.04993275361142324, 0.08818391577065153], [1.0, 1.0, 0.24717994887029648, 0.3218049782864699, 0.25227561741260895, 0.22408601799178357], [0.03319118196587167, 0.24717994887029648, 1.0, 0.5304448694411776, 0.07126703543999206, 0.11406862762646425], [0.1018118774776641, 0.3218049782864699, 0.5304448694411776, 1.0, 0.11205679688091529, 0.18488420908586767], [0.04993275361142324, 0.25227561741260895, 0.07126703543999206, 0.11205679688091529, 1.0, 0.14648998937639757], [0.08818391577065153, 0.22408601799178357, 0.11406862762646425, 0.18488420908586767, 0.14648998937639757, 1.0]], "meta_info": {"source": "pretrained"}}