{"model": "LSING", "dataset": "dim6_butterfly", "N": 300, "seed": 12340, "metrics": {"TP": 2, "FP": 4, "FN": 1, "TN": 8, "TPR": 0.6666666666666666, "FDR": 0.6666666666666666, "FPR": 0.3333333333333333, "Hamming": 5}, "omega": [[1.0, 0.14725237596799307, 0.1332667313820391, 0.19934326825999465, 0.17935611722541503, 0.3912782095214273], [0.14725237596799307, 1.0, 0.10606272571333131, 0.1378855997917991, 0.12138859329554723, 0.3189766747609256], [0.1332667313820391, 0.10606272571333131, 1.0, 0.36382197837127467, 0.1000705466162207, 0.31867356442121564], [0.19934326825999465, 0.1378855997917991, 0.36382197837127467, 1.0, 0.10033528552469805, 0.35096522916392364], [0.17935611722541503, 0.12138859329554723, 0.1000705466162207, 0.10033528552469805, 1.0, 1.0], [0.3912782095214273, 0.3189766747609256, 0.31867356442121564, 0.35096522916392364, 1.0, 1.0]], "meta_info": {"source": "pretrained"}}