{"model": "LSING", "dataset": "dim6_butterfly", "N": 300, "seed": 123450, "metrics": {"TP": 2, "FP": 6, "FN": 1, "TN": 6, "TPR": 0.6666666666666666, "FDR": 0.75, "FPR": 0.5, "Hamming": 7}, "omega": [[1.0, 1.0, 0.07637869952966743, 0.052635867868104216, 0.0988718848475602, 0.23549081299381044], [1.0, 1.0, 0.28538604052166217, 0.45621148986619536, 0.3999074168220313, 0.5054383566652443], [0.07637869952966743, 0.28538604052166217, 1.0, 0.18585128627637718, 0.08709772201738399, 0.2919993747080398], [0.052635867868104216, 0.45621148986619536, 0.18585128627637718, 1.0, 0.0895680879396606, 0.19810048310911446], [0.0988718848475602, 0.3999074168220313, 0.08709772201738399, 0.0895680879396606, 1.0, 0.9778187355674606], [0.23549081299381044, 0.5054383566652443, 0.2919993747080398, 0.19810048310911446, 0.9778187355674606, 1.0]], "meta_info": {"source": "pretrained"}}