{"model": "LSING", "dataset": "dim6_butterfly", "N": 300, "seed": 1230, "metrics": {"TP": 3, "FP": 9, "FN": 0, "TN": 3, "TPR": 1.0, "FDR": 0.75, "FPR": 0.75, "Hamming": 9}, "omega": [[1.0, 1.0, 0.10549129140207109, 0.2653559737687118, 0.21478580514355622, 0.52392413043794], [1.0, 1.0, 0.13180075014815953, 0.3569637651467901, 0.2921935552775735, 0.38831102954097696], [0.10549129140207109, 0.13180075014815953, 1.0, 0.8060057208695358, 0.11511573447032078, 0.30328210665268396], [0.2653559737687118, 0.3569637651467901, 0.8060057208695358, 1.0, 0.23668064589463958, 0.4160999037102679], [0.21478580514355622, 0.2921935552775735, 0.11511573447032078, 0.23668064589463958, 1.0, 0.9375569793270411], [0.52392413043794, 0.38831102954097696, 0.30328210665268396, 0.4160999037102679, 0.9375569793270411, 1.0]], "meta_info": {"source": "pretrained"}}