{"model": "LSING", "dataset": "0.7_dim20_pair_gau", "N": 2000, "seed": 120, "metrics": {"TP": 10, "FP": 0, "FN": 0, "TN": 180, "TPR": 1.0, "FDR": 0.0, "FPR": 0.0, "Hamming": 0}, "omega": [[1.0, 0.8448996160161661, 0.08153845813387524, 0.10012734125496262, 0.07972537062691225, 0.07026937881199166, 0.07511991196128927, 0.09121798474982037, 0.07308521810825525, 0.08713007123059242, 0.07716636095913551, 0.08238895418939451, 0.08092780444244363, 0.1019412322848229, 0.07901296986067281, 0.09361770456533784, 0.08507179332189749, 0.08514241639831636, 0.07978658853368084, 0.0751352263173613], [0.8448996160161661, 1.0, 0.08246467502583392, 0.07770171006533352, 0.10378485102738175, 0.07081108760433416, 0.08044684198113655, 0.08482363910620012, 0.10476990950593405, 0.08183493964146756, 0.07836083331173042, 0.07896016391656345, 0.08309489779294127, 0.07313527363300469, 0.08437619277046475, 0.08930558708175447, 0.09263064650029686, 0.09876965100866625, 0.08701044116094253, 0.07212572746484469], [0.08153845813387524, 0.08246467502583392, 1.0, 0.9263706203786896, 0.08624625136809652, 0.0870797469867101, 0.08051869800416504, 0.09122980048816255, 0.06973620580386959, 0.08015283163576607, 0.0783748778381746, 0.09581246544851542, 0.09319193227181899, 0.09805122250344646, 0.09335047656020963, 0.09471757724515889, 0.08606214451356674, 0.09602412918667043, 0.09775497810097138, 0.10263444070907286], [0.10012734125496262, 0.07770171006533352, 0.9263706203786896, 1.0, 0.09611700326109109, 0.0708369452346192, 0.07495584575816838, 0.08662926570547413, 0.06386559901920678, 0.08030906283201303, 0.0848204856081409, 0.07704611178167951, 0.09307110350407642, 0.07015457251422684, 0.10553051901150982, 0.13074151095183267, 0.10425983580523322, 0.08832405620044635, 0.08446586856030405, 0.07452573971000674], [0.07972537062691225, 0.10378485102738175, 0.08624625136809652, 0.09611700326109109, 1.0, 0.8524885393924334, 0.07182528103279195, 0.09818234163327699, 0.0773965162619335, 0.09824434198693245, 0.1091348382026294, 0.09348986275512775, 0.0839191384084788, 0.09040284370178205, 0.08601116427886006, 0.09695233776161388, 0.09919047043973621, 0.10555745942183023, 0.09852840972438691, 0.08731543474224356], [0.07026937881199166, 0.07081108760433416, 0.0870797469867101, 0.0708369452346192, 0.8524885393924334, 1.0, 0.07230807710700564, 0.08562863995872474, 0.06673375687683875, 0.07351704712026878, 0.08613219853770425, 0.08155741073624616, 0.0779452143862318, 0.06831635976834093, 0.08124055136107822, 0.06682644917066953, 0.06701057183220714, 0.07324746387097604, 0.09832852484155583, 0.06441638630303805], [0.07511991196128927, 0.08044684198113655, 0.08051869800416504, 0.07495584575816838, 0.07182528103279195, 0.07230807710700564, 1.0, 1.0, 0.06384178312743125, 0.05997280456995349, 0.07382018601265278, 0.09405237356975558, 0.07339628421505877, 0.08132652304208605, 0.07192159840041511, 0.11961988203335447, 0.08633789249590756, 0.09520078430157579, 0.10547506275909004, 0.09055438812021166], [0.09121798474982037, 0.08482363910620012, 0.09122980048816255, 0.08662926570547413, 0.09818234163327699, 0.08562863995872474, 1.0, 1.0, 0.08107710163126212, 0.08736540596295132, 0.11090841609355725, 0.09402634996588848, 0.10978636354726959, 0.10671835768982478, 0.16470181344316465, 0.169532450838625, 0.09090545912929521, 0.09531674187640986, 0.12089763360662596, 0.09442558756228751], [0.07308521810825525, 0.10476990950593405, 0.06973620580386959, 0.06386559901920678, 0.0773965162619335, 0.06673375687683875, 0.06384178312743125, 0.08107710163126212, 1.0, 0.9172516629499122, 0.07967582619541551, 0.08368595342918281, 0.07262742872040585, 0.0973074237506826, 0.08750416514655941, 0.10736963275684122, 0.07129570938795055, 0.08594032780783568, 0.08719177125109938, 0.07301123077367294], [0.08713007123059242, 0.08183493964146756, 0.08015283163576607, 0.08030906283201303, 0.09824434198693245, 0.07351704712026878, 0.05997280456995349, 0.08736540596295132, 0.9172516629499122, 1.0, 0.07914521655706087, 0.091318920398227, 0.07245406009318547, 0.08766945375828472, 0.07163136592991257, 0.08867125185811377, 0.08564990828774065, 0.09613738112866672, 0.09975572377022006, 0.08985372142277402], [0.07716636095913551, 0.07836083331173042, 0.0783748778381746, 0.0848204856081409, 0.1091348382026294, 0.08613219853770425, 0.07382018601265278, 0.11090841609355725, 0.07967582619541551, 0.07914521655706087, 1.0, 0.8653929169008738, 0.07775600713718017, 0.08209577898093696, 0.08056863497635587, 0.07925459578214233, 0.08761870799419398, 0.1429645958854148, 0.07055862334450573, 0.07663856233367076], [0.08238895418939451, 0.07896016391656345, 0.09581246544851542, 0.07704611178167951, 0.09348986275512775, 0.08155741073624616, 0.09405237356975558, 0.09402634996588848, 0.08368595342918281, 0.091318920398227, 0.8653929169008738, 1.0, 0.09922155228610431, 0.08150883316672747, 0.10558744004665385, 0.07835754281960347, 0.09592504822718084, 0.10280318842100848, 0.09621991478547466, 0.08087725099694798], [0.08092780444244363, 0.08309489779294127, 0.09319193227181899, 0.09307110350407642, 0.0839191384084788, 0.0779452143862318, 0.07339628421505877, 0.10978636354726959, 0.07262742872040585, 0.07245406009318547, 0.07775600713718017, 0.09922155228610431, 1.0, 0.9506643053104591, 0.0815718293618753, 0.08670862478821244, 0.07741588511551023, 0.09850085810976428, 0.08902745224123348, 0.08375079377524247], [0.1019412322848229, 0.07313527363300469, 0.09805122250344646, 0.07015457251422684, 0.09040284370178205, 0.06831635976834093, 0.08132652304208605, 0.10671835768982478, 0.0973074237506826, 0.08766945375828472, 0.08209577898093696, 0.08150883316672747, 0.9506643053104591, 1.0, 0.08351037445536955, 0.0827225558203405, 0.08731737110070097, 0.09728380017750216, 0.08731898078099685, 0.08199599197509827], [0.07901296986067281, 0.08437619277046475, 0.09335047656020963, 0.10553051901150982, 0.08601116427886006, 0.08124055136107822, 0.07192159840041511, 0.16470181344316465, 0.08750416514655941, 0.07163136592991257, 0.08056863497635587, 0.10558744004665385, 0.0815718293618753, 0.08351037445536955, 1.0, 0.8542316940623188, 0.07602002884884307, 0.06765085049078652, 0.08733290938938372, 0.07267452306569118], [0.09361770456533784, 0.08930558708175447, 0.09471757724515889, 0.13074151095183267, 0.09695233776161388, 0.06682644917066953, 0.11961988203335447, 0.169532450838625, 0.10736963275684122, 0.08867125185811377, 0.07925459578214233, 0.07835754281960347, 0.08670862478821244, 0.0827225558203405, 0.8542316940623188, 1.0, 0.11352932336943865, 0.10690063883495186, 0.11588322920730385, 0.08966680355535435], [0.08507179332189749, 0.09263064650029686, 0.08606214451356674, 0.10425983580523322, 0.09919047043973621, 0.06701057183220714, 0.08633789249590756, 0.09090545912929521, 0.07129570938795055, 0.08564990828774065, 0.08761870799419398, 0.09592504822718084, 0.07741588511551023, 0.08731737110070097, 0.07602002884884307, 0.11352932336943865, 1.0, 0.9212850633681867, 0.0817736400651586, 0.08405148785041765], [0.08514241639831636, 0.09876965100866625, 0.09602412918667043, 0.08832405620044635, 0.10555745942183023, 0.07324746387097604, 0.09520078430157579, 0.09531674187640986, 0.08594032780783568, 0.09613738112866672, 0.1429645958854148, 0.10280318842100848, 0.09850085810976428, 0.09728380017750216, 0.06765085049078652, 0.10690063883495186, 0.9212850633681867, 1.0, 0.087387551580901, 0.08329922444496854], [0.07978658853368084, 0.08701044116094253, 0.09775497810097138, 0.08446586856030405, 0.09852840972438691, 0.09832852484155583, 0.10547506275909004, 0.12089763360662596, 0.08719177125109938, 0.09975572377022006, 0.07055862334450573, 0.09621991478547466, 0.08902745224123348, 0.08731898078099685, 0.08733290938938372, 0.11588322920730385, 0.0817736400651586, 0.087387551580901, 1.0, 0.873814511296847], [0.0751352263173613, 0.07212572746484469, 0.10263444070907286, 0.07452573971000674, 0.08731543474224356, 0.06441638630303805, 0.09055438812021166, 0.09442558756228751, 0.07301123077367294, 0.08985372142277402, 0.07663856233367076, 0.08087725099694798, 0.08375079377524247, 0.08199599197509827, 0.07267452306569118, 0.08966680355535435, 0.08405148785041765, 0.08329922444496854, 0.873814511296847, 1.0]], "meta_info": {"source": "pretrained"}}