{"model": "LSING", "dataset": "0.7_dim20_pair_gau", "N": 2000, "seed": 1230, "metrics": {"TP": 10, "FP": 0, "FN": 0, "TN": 180, "TPR": 1.0, "FDR": 0.0, "FPR": 0.0, "Hamming": 0}, "omega": [[1.0, 0.8045132554447038, 0.07386287878904818, 0.07240797907404148, 0.0885392537149609, 0.07828996050360706, 0.06848797052336632, 0.07050540848143037, 0.08631028343844442, 0.06815503664011865, 0.059693329321936384, 0.05745645594956737, 0.08089029806253532, 0.06485839487857278, 0.062084045802682744, 0.10027313474735146, 0.06668066469818132, 0.053233032139249514, 0.0745541272005546, 0.07893886177564098], [0.8045132554447038, 1.0, 0.09189726636633894, 0.107242366793176, 0.07809283940613025, 0.08341238428209352, 0.09506457478559587, 0.06829085203331142, 0.09447489067288466, 0.07512331958436276, 0.07322440459728953, 0.06117631097106775, 0.08693250035450509, 0.08318374988323965, 0.06839692456461373, 0.10190209812775841, 0.09532007345253576, 0.07279033403244226, 0.0716906668729798, 0.06984683628147925], [0.07386287878904818, 0.09189726636633894, 1.0, 0.786780929875077, 0.06594209157874892, 0.06526740811872755, 0.05988750664006067, 0.07602828533389415, 0.08298796639320999, 0.06357415353593321, 0.05948176571442088, 0.0787485486568085, 0.08198543352269336, 0.06321382086310505, 0.05431867136875926, 0.06514031194444965, 0.07458025878307989, 0.06671946052899293, 0.07311244450728216, 0.10176691633809326], [0.07240797907404148, 0.107242366793176, 0.786780929875077, 1.0, 0.07154812172380043, 0.08078339897848301, 0.06620034889808472, 0.07160370413696066, 0.0726864126242275, 0.08466049979397194, 0.08613136736084304, 0.0734425754119612, 0.10197267582440528, 0.06792145074703056, 0.05977880452374771, 0.07610623942716484, 0.08336119798229764, 0.06463676922985141, 0.057694935973607385, 0.09087249218680805], [0.0885392537149609, 0.07809283940613025, 0.06594209157874892, 0.07154812172380043, 1.0, 1.0, 0.063900780065546, 0.06514890600711212, 0.07809669317573435, 0.08195414706702372, 0.10453627480842019, 0.06126924209587161, 0.07523884923498449, 0.06619831250156184, 0.07291002512845517, 0.0861467746169937, 0.08618275443212707, 0.07515274173335652, 0.067525897018849, 0.09379360000570712], [0.07828996050360706, 0.08341238428209352, 0.06526740811872755, 0.08078339897848301, 1.0, 1.0, 0.06322702875886257, 0.07990388166693277, 0.07684964409942296, 0.08453269179350871, 0.091366056297702, 0.061639349993493964, 0.08617114358229819, 0.0649182691082204, 0.07872924069745908, 0.07275296446142324, 0.12283195995901049, 0.08253165451934846, 0.07242285441611959, 0.11973926552553923], [0.06848797052336632, 0.09506457478559587, 0.05988750664006067, 0.06620034889808472, 0.063900780065546, 0.06322702875886257, 1.0, 0.7287249702618315, 0.09134113977379342, 0.06234017807315024, 0.05631410529320418, 0.04567639747489752, 0.08668153599429154, 0.06210915788323564, 0.04352692749285285, 0.05911936274858483, 0.07465691698765421, 0.05436552413331694, 0.09107142544252227, 0.08030224098110487], [0.07050540848143037, 0.06829085203331142, 0.07602828533389415, 0.07160370413696066, 0.06514890600711212, 0.07990388166693277, 0.7287249702618315, 1.0, 0.07380109592655197, 0.06084773148243367, 0.07538852829054873, 0.06077757358071663, 0.07690837888568966, 0.08147244672588531, 0.06415648211139599, 0.07141119817628984, 0.0957818922015014, 0.06670619396624211, 0.07708557667224293, 0.08385473862639428], [0.08631028343844442, 0.09447489067288466, 0.08298796639320999, 0.0726864126242275, 0.07809669317573435, 0.07684964409942296, 0.09134113977379342, 0.07380109592655197, 1.0, 0.9173878621881143, 0.08191229533771684, 0.0659139731407173, 0.08868350672550067, 0.06609967503387666, 0.0662545897926649, 0.10526951835743933, 0.09703965517449974, 0.07745029763616969, 0.09839645846187055, 0.09282400669636012], [0.06815503664011865, 0.07512331958436276, 0.06357415353593321, 0.08466049979397194, 0.08195414706702372, 0.08453269179350871, 0.06234017807315024, 0.06084773148243367, 0.9173878621881143, 1.0, 0.05634903170988013, 0.055540470171155765, 0.07438054590821032, 0.07244008426019534, 0.05809847623514307, 0.06371824227889177, 0.07353045074565383, 0.06201158554740654, 0.07413640517117266, 0.08552758752520907], [0.059693329321936384, 0.07322440459728953, 0.05948176571442088, 0.08613136736084304, 0.10453627480842019, 0.091366056297702, 0.05631410529320418, 0.07538852829054873, 0.08191229533771684, 0.05634903170988013, 1.0, 0.7287871312005066, 0.10887391934355378, 0.0605162551480417, 0.06235274323940343, 0.0801293037219759, 0.06605924565322949, 0.057220093152129885, 0.0938890759743091, 0.09144458141637411], [0.05745645594956737, 0.06117631097106775, 0.0787485486568085, 0.0734425754119612, 0.06126924209587161, 0.061639349993493964, 0.04567639747489752, 0.06077757358071663, 0.0659139731407173, 0.055540470171155765, 0.7287871312005066, 1.0, 0.12441202635607113, 0.0748722796089134, 0.04932340373525498, 0.06286110446971775, 0.07539630101530506, 0.048999016981075165, 0.06393163629659812, 0.06745496992766427], [0.08089029806253532, 0.08693250035450509, 0.08198543352269336, 0.10197267582440528, 0.07523884923498449, 0.08617114358229819, 0.08668153599429154, 0.07690837888568966, 0.08868350672550067, 0.07438054590821032, 0.10887391934355378, 0.12441202635607113, 1.0, 0.8752341517036457, 0.06748692909819037, 0.07504362112582472, 0.08586133492409712, 0.06758672817234283, 0.08291985531770352, 0.09498934023339221], [0.06485839487857278, 0.08318374988323965, 0.06321382086310505, 0.06792145074703056, 0.06619831250156184, 0.0649182691082204, 0.06210915788323564, 0.08147244672588531, 0.06609967503387666, 0.07244008426019534, 0.0605162551480417, 0.0748722796089134, 0.8752341517036457, 1.0, 0.08001191497952215, 0.08938297373091247, 0.06479564726996458, 0.06381177311073821, 0.06806558903100567, 0.07510505980862692], [0.062084045802682744, 0.06839692456461373, 0.05431867136875926, 0.05977880452374771, 0.07291002512845517, 0.07872924069745908, 0.04352692749285285, 0.06415648211139599, 0.0662545897926649, 0.05809847623514307, 0.06235274323940343, 0.04932340373525498, 0.06748692909819037, 0.08001191497952215, 1.0, 0.7391640446779452, 0.06638610945823738, 0.047994948339045114, 0.0613647311015832, 0.05943575775456667], [0.10027313474735146, 0.10190209812775841, 0.06514031194444965, 0.07610623942716484, 0.0861467746169937, 0.07275296446142324, 0.05911936274858483, 0.07141119817628984, 0.10526951835743933, 0.06371824227889177, 0.0801293037219759, 0.06286110446971775, 0.07504362112582472, 0.08938297373091247, 0.7391640446779452, 1.0, 0.10371585471478413, 0.06266750078441681, 0.07644120709951345, 0.0667512658616255], [0.06668066469818132, 0.09532007345253576, 0.07458025878307989, 0.08336119798229764, 0.08618275443212707, 0.12283195995901049, 0.07465691698765421, 0.0957818922015014, 0.09703965517449974, 0.07353045074565383, 0.06605924565322949, 0.07539630101530506, 0.08586133492409712, 0.06479564726996458, 0.06638610945823738, 0.10371585471478413, 1.0, 0.8952768825513285, 0.0727790073916031, 0.09457971946392907], [0.053233032139249514, 0.07279033403244226, 0.06671946052899293, 0.06463676922985141, 0.07515274173335652, 0.08253165451934846, 0.05436552413331694, 0.06670619396624211, 0.07745029763616969, 0.06201158554740654, 0.057220093152129885, 0.048999016981075165, 0.06758672817234283, 0.06381177311073821, 0.047994948339045114, 0.06266750078441681, 0.8952768825513285, 1.0, 0.07131108621150647, 0.06706596604335655], [0.0745541272005546, 0.0716906668729798, 0.07311244450728216, 0.057694935973607385, 0.067525897018849, 0.07242285441611959, 0.09107142544252227, 0.07708557667224293, 0.09839645846187055, 0.07413640517117266, 0.0938890759743091, 0.06393163629659812, 0.08291985531770352, 0.06806558903100567, 0.0613647311015832, 0.07644120709951345, 0.0727790073916031, 0.07131108621150647, 1.0, 0.9804936888499588], [0.07893886177564098, 0.06984683628147925, 0.10176691633809326, 0.09087249218680805, 0.09379360000570712, 0.11973926552553923, 0.08030224098110487, 0.08385473862639428, 0.09282400669636012, 0.08552758752520907, 0.09144458141637411, 0.06745496992766427, 0.09498934023339221, 0.07510505980862692, 0.05943575775456667, 0.0667512658616255, 0.09457971946392907, 0.06706596604335655, 0.9804936888499588, 1.0]], "meta_info": {"source": "pretrained"}}