{"model": "LSING", "dataset": "dim20_butterfly", "N": 5000, "seed": 1230, "metrics": {"TP": 10, "FP": 0, "FN": 0, "TN": 180, "TPR": 1.0, "FDR": 0.0, "FPR": 0.0, "Hamming": 0}, "omega": [[1.0, 0.37790732543803673, 0.014317697442818581, 0.023780540490947678, 0.009067990674847563, 0.027515227249278483, 0.014917157884878227, 0.02521135513292101, 0.013218104851699587, 0.024650321351743082, 0.013431689312057961, 0.0525133973312041, 0.017246486581577392, 0.04280465934533252, 0.0158138246207165, 0.027298503358486437, 0.010935045321915205, 0.028297198346058372, 0.013069819573153358, 0.04388441541409678], [0.37790732543803673, 1.0, 0.03224128932288369, 0.03666502845429532, 0.02745677468044742, 0.044751022852172306, 0.02621707843033723, 0.04180633260752788, 0.027283142891819614, 0.03225576275274843, 0.024509707808458712, 0.06623331249875969, 0.0284178045962168, 0.048770665731803255, 0.02493191183203822, 0.04202471847831362, 0.02200877310152191, 0.03452188117455716, 0.0354375249135131, 0.05478275837431535], [0.014317697442818581, 0.03224128932288369, 1.0, 0.36497088431191566, 0.011488299320921531, 0.02883390093437025, 0.013061657377761878, 0.02363280030299105, 0.013952670063326981, 0.030885931890918688, 0.013830762798880819, 0.050872186219714934, 0.016603057926643416, 0.03435284846131974, 0.01639604733163629, 0.028486902011343, 0.010205264119901995, 0.02143766505885311, 0.015562201982747393, 0.038815654846340135], [0.023780540490947678, 0.03666502845429532, 0.36497088431191566, 1.0, 0.026404221343393926, 0.04108335552813799, 0.024363882923962073, 0.04016485481845999, 0.03150041732815386, 0.03419642445824632, 0.0266013717473793, 0.0694780704592756, 0.035345979640044996, 0.05015354801285789, 0.03410232976331236, 0.03692972962438427, 0.023562511943837232, 0.04375462153457949, 0.03107965959541863, 0.06062656330119616], [0.009067990674847563, 0.02745677468044742, 0.011488299320921531, 0.026404221343393926, 1.0, 0.3672241649802986, 0.008303500920592045, 0.021698917225901823, 0.012112004761121474, 0.02164912500132327, 0.008840464521101618, 0.04493437724399673, 0.015156078333896256, 0.03730568835658336, 0.014356377022496515, 0.03809724082670406, 0.009420861360647764, 0.023867577739792027, 0.012511452163092658, 0.03522226147701793], [0.027515227249278483, 0.044751022852172306, 0.02883390093437025, 0.04108335552813799, 0.3672241649802986, 1.0, 0.02392242307958394, 0.037391129586656066, 0.026607963822883874, 0.043446651421503994, 0.025807484330931933, 0.06602212813660989, 0.028154415366507583, 0.04778201465546665, 0.030667478844900675, 0.04120103682300194, 0.02110200134926715, 0.044560677380150404, 0.02688841677560115, 0.05893503753606298], [0.014917157884878227, 0.02621707843033723, 0.013061657377761878, 0.024363882923962073, 0.008303500920592045, 0.02392242307958394, 1.0, 0.4180388710533701, 0.013395355200128614, 0.025548365989183138, 0.011204135543626169, 0.04921977505458918, 0.011801237973164935, 0.037761868074901256, 0.013458486564354633, 0.025091685693983762, 0.00833848302980434, 0.028266290859820634, 0.014645035874973263, 0.03638160198587469], [0.02521135513292101, 0.04180633260752788, 0.02363280030299105, 0.04016485481845999, 0.021698917225901823, 0.037391129586656066, 0.4180388710533701, 1.0, 0.030907096945126188, 0.038086242703434366, 0.026791153109318126, 0.07025763174576515, 0.022072537369743583, 0.04236014464656618, 0.03291714580952322, 0.043357118976983695, 0.022104416873498938, 0.035080287028274884, 0.02579433012550826, 0.06062586241262809], [0.013218104851699587, 0.027283142891819614, 0.013952670063326981, 0.03150041732815386, 0.012112004761121474, 0.026607963822883874, 0.013395355200128614, 0.030907096945126188, 1.0, 0.34477576276181304, 0.01158714160516302, 0.05009176541398833, 0.012469685355420593, 0.03756313500625669, 0.01821069882280828, 0.026829094975451256, 0.012015000488355845, 0.02448228695957809, 0.012586084655490283, 0.04099057196424361], [0.024650321351743082, 0.03225576275274843, 0.030885931890918688, 0.03419642445824632, 0.02164912500132327, 0.043446651421503994, 0.025548365989183138, 0.038086242703434366, 0.34477576276181304, 1.0, 0.027043243950562783, 0.06336769316788392, 0.02754087240587463, 0.046113215161686254, 0.02775206890812665, 0.04335155881016768, 0.022823029586141325, 0.037119531219826786, 0.021856166755926092, 0.048952322127997404], [0.013431689312057961, 0.024509707808458712, 0.013830762798880819, 0.0266013717473793, 0.008840464521101618, 0.025807484330931933, 0.011204135543626169, 0.026791153109318126, 0.01158714160516302, 0.027043243950562783, 1.0, 1.0, 0.014354812163320569, 0.033286380543773635, 0.016823525420289528, 0.030759325192903798, 0.011722389627936945, 0.02569161272063867, 0.01339026242724801, 0.0404850823880753], [0.0525133973312041, 0.06623331249875969, 0.050872186219714934, 0.0694780704592756, 0.04493437724399673, 0.06602212813660989, 0.04921977505458918, 0.07025763174576515, 0.05009176541398833, 0.06336769316788392, 1.0, 1.0, 0.0552516034566076, 0.08028408227674247, 0.049963422681356215, 0.06621462645342517, 0.04975906550802394, 0.05299677937656269, 0.05169319138715754, 0.06934492753022635], [0.017246486581577392, 0.0284178045962168, 0.016603057926643416, 0.035345979640044996, 0.015156078333896256, 0.028154415366507583, 0.011801237973164935, 0.022072537369743583, 0.012469685355420593, 0.02754087240587463, 0.014354812163320569, 0.0552516034566076, 1.0, 0.5169289257877494, 0.01767970370121933, 0.03255838798348726, 0.014439733797018333, 0.026734740482329822, 0.01870753898081608, 0.04306059374293952], [0.04280465934533252, 0.048770665731803255, 0.03435284846131974, 0.05015354801285789, 0.03730568835658336, 0.04778201465546665, 0.037761868074901256, 0.04236014464656618, 0.03756313500625669, 0.046113215161686254, 0.033286380543773635, 0.08028408227674247, 0.5169289257877494, 1.0, 0.0456844526502183, 0.05520190592482635, 0.0336707313239662, 0.046112362117170375, 0.03705006474559315, 0.07705096910227441], [0.0158138246207165, 0.02493191183203822, 0.01639604733163629, 0.03410232976331236, 0.014356377022496515, 0.030667478844900675, 0.013458486564354633, 0.03291714580952322, 0.01821069882280828, 0.02775206890812665, 0.016823525420289528, 0.049963422681356215, 0.01767970370121933, 0.0456844526502183, 1.0, 0.4429728734110103, 0.014222400068424854, 0.028545941756451355, 0.018299650161102392, 0.043234949890999685], [0.027298503358486437, 0.04202471847831362, 0.028486902011343, 0.03692972962438427, 0.03809724082670406, 0.04120103682300194, 0.025091685693983762, 0.043357118976983695, 0.026829094975451256, 0.04335155881016768, 0.030759325192903798, 0.06621462645342517, 0.03255838798348726, 0.05520190592482635, 0.4429728734110103, 1.0, 0.02898424760227316, 0.042752708610579546, 0.026442872191496613, 0.06336445904465295], [0.010935045321915205, 0.02200877310152191, 0.010205264119901995, 0.023562511943837232, 0.009420861360647764, 0.02110200134926715, 0.00833848302980434, 0.022104416873498938, 0.012015000488355845, 0.022823029586141325, 0.011722389627936945, 0.04975906550802394, 0.014439733797018333, 0.0336707313239662, 0.014222400068424854, 0.02898424760227316, 1.0, 0.34949990062921665, 0.009800918591355774, 0.0498050182229409], [0.028297198346058372, 0.03452188117455716, 0.02143766505885311, 0.04375462153457949, 0.023867577739792027, 0.044560677380150404, 0.028266290859820634, 0.035080287028274884, 0.02448228695957809, 0.037119531219826786, 0.02569161272063867, 0.05299677937656269, 0.026734740482329822, 0.046112362117170375, 0.028545941756451355, 0.042752708610579546, 0.34949990062921665, 1.0, 0.03104431490182008, 0.05021528124197843], [0.013069819573153358, 0.0354375249135131, 0.015562201982747393, 0.03107965959541863, 0.012511452163092658, 0.02688841677560115, 0.014645035874973263, 0.02579433012550826, 0.012586084655490283, 0.021856166755926092, 0.01339026242724801, 0.05169319138715754, 0.01870753898081608, 0.03705006474559315, 0.018299650161102392, 0.026442872191496613, 0.009800918591355774, 0.03104431490182008, 1.0, 0.5733627769120896], [0.04388441541409678, 0.05478275837431535, 0.038815654846340135, 0.06062656330119616, 0.03522226147701793, 0.05893503753606298, 0.03638160198587469, 0.06062586241262809, 0.04099057196424361, 0.048952322127997404, 0.0404850823880753, 0.06934492753022635, 0.04306059374293952, 0.07705096910227441, 0.043234949890999685, 0.06336445904465295, 0.0498050182229409, 0.05021528124197843, 0.5733627769120896, 1.0]], "meta_info": {"source": "pretrained"}}