{"model": "LSING", "dataset": "dim20_butterfly", "N": 5000, "seed": 12340, "metrics": {"TP": 10, "FP": 0, "FN": 0, "TN": 180, "TPR": 1.0, "FDR": 0.0, "FPR": 0.0, "Hamming": 0}, "omega": [[1.0, 0.4088515178860408, 0.015108349244488218, 0.03447863558357932, 0.018165221596542144, 0.053309369857605475, 0.02097750661711185, 0.03818229611349259, 0.015326563780807465, 0.0534966333480984, 0.016433962258288616, 0.07127717277303401, 0.016730463863733447, 0.04070951914464081, 0.012909594661086907, 0.041698043542513094, 0.02464710259484114, 0.035530803768745664, 0.014715366855160764, 0.025209262488888936], [0.4088515178860408, 1.0, 0.03776752102908615, 0.050071710700098436, 0.03150815632878618, 0.058289212904631085, 0.03687916655486895, 0.0492097715578126, 0.040991685859810494, 0.07017038830452865, 0.03455949150351024, 0.08309732825682549, 0.031229941834042, 0.06062054765354362, 0.025299327156388243, 0.046938574549459634, 0.03542543280068647, 0.05919197624610847, 0.026049385355931792, 0.040976991256445605], [0.015108349244488218, 0.03776752102908615, 1.0, 0.49389715395521244, 0.022522388339268246, 0.051555427326315593, 0.019403717463340724, 0.032191521964539914, 0.014949294103101442, 0.05468682594251839, 0.011488272073472876, 0.059177768503776346, 0.018029881627132958, 0.04619733163239531, 0.014429410206576515, 0.04245931156707023, 0.02191407374190097, 0.03538008768299696, 0.015348139168492918, 0.0235917755924138], [0.03447863558357932, 0.050071710700098436, 0.49389715395521244, 1.0, 0.03164383150640881, 0.058625859970429774, 0.04154026034291277, 0.054711201359087414, 0.03731144366922236, 0.06669518627393735, 0.03152273996667351, 0.09965108607054281, 0.03125139331027752, 0.05746449158351635, 0.03541051025573644, 0.059778454686918045, 0.041297969996813885, 0.060303517434751576, 0.03714565569748508, 0.04669149326886742], [0.018165221596542144, 0.03150815632878618, 0.022522388339268246, 0.03164383150640881, 1.0, 0.7691524065486292, 0.023378327948067743, 0.03533241968797736, 0.01801803513769192, 0.05887705807023918, 0.01633173669916187, 0.06437931271489714, 0.020034421195228837, 0.04013843438970471, 0.013015532015437783, 0.048268718653593425, 0.02759865576272539, 0.04020861543069508, 0.01870375555335055, 0.027365128915216214], [0.053309369857605475, 0.058289212904631085, 0.051555427326315593, 0.058625859970429774, 0.7691524065486292, 1.0, 0.0500545609855427, 0.05604492132573533, 0.04152825295352928, 0.07876815255581199, 0.039276848487522414, 0.08614231158267198, 0.05118116111420199, 0.0673645466793555, 0.052027266407553396, 0.06280912346616027, 0.054424156786467, 0.06444163647536448, 0.04350213460960203, 0.04653280338884426], [0.02097750661711185, 0.03687916655486895, 0.019403717463340724, 0.04154026034291277, 0.023378327948067743, 0.0500545609855427, 1.0, 0.5194624015561443, 0.017520638857549155, 0.05409744390504619, 0.026162485069502524, 0.06963947490189117, 0.021927876922596186, 0.04372898873306105, 0.01829449684024693, 0.052133133021412335, 0.029203856469054684, 0.04421421579916557, 0.01905328571109308, 0.036732756854361594], [0.03818229611349259, 0.0492097715578126, 0.032191521964539914, 0.054711201359087414, 0.03533241968797736, 0.05604492132573533, 0.5194624015561443, 1.0, 0.0373937236461152, 0.07381435957935414, 0.028037831693289467, 0.08319863788840627, 0.03298496489166954, 0.049329371998943286, 0.028124111513291923, 0.06319368172631686, 0.04770548470619415, 0.045479278650714834, 0.03101482878282034, 0.041996112997684514], [0.015326563780807465, 0.040991685859810494, 0.014949294103101442, 0.03731144366922236, 0.01801803513769192, 0.04152825295352928, 0.017520638857549155, 0.0373937236461152, 1.0, 0.7588966368190986, 0.015624826500852285, 0.06454979822518413, 0.01753624615196691, 0.03846058550993412, 0.01231634362729738, 0.05382142930089449, 0.03489405426775557, 0.0417556933445947, 0.015431394254519755, 0.028921714721117455], [0.0534966333480984, 0.07017038830452865, 0.05468682594251839, 0.06669518627393735, 0.05887705807023918, 0.07876815255581199, 0.05409744390504619, 0.07381435957935414, 0.7588966368190986, 1.0, 0.05489894616233922, 0.09861509017901743, 0.045947552965986266, 0.07400731189999625, 0.05815338561183298, 0.0836082225626002, 0.054594805970833375, 0.0796299548406755, 0.05169814557526971, 0.0625006893730293], [0.016433962258288616, 0.03455949150351024, 0.011488272073472876, 0.03152273996667351, 0.01633173669916187, 0.039276848487522414, 0.026162485069502524, 0.028037831693289467, 0.015624826500852285, 0.05489894616233922, 1.0, 1.0, 0.014764675752179674, 0.03782185388810124, 0.011603962830944458, 0.03314748076888749, 0.02364051625371641, 0.03768697211364312, 0.01249537625349285, 0.027646895692310543], [0.07127717277303401, 0.08309732825682549, 0.059177768503776346, 0.09965108607054281, 0.06437931271489714, 0.08614231158267198, 0.06963947490189117, 0.08319863788840627, 0.06454979822518413, 0.09861509017901743, 1.0, 1.0, 0.07006748077007112, 0.08861881691759253, 0.05785185125962499, 0.09415830602824321, 0.06448008138977485, 0.0793893280520276, 0.05941120657890348, 0.07797237288066756], [0.016730463863733447, 0.031229941834042, 0.018029881627132958, 0.03125139331027752, 0.020034421195228837, 0.05118116111420199, 0.021927876922596186, 0.03298496489166954, 0.01753624615196691, 0.045947552965986266, 0.014764675752179674, 0.07006748077007112, 1.0, 0.5274178717314092, 0.013482731815001581, 0.0659175670239067, 0.024453712885275005, 0.0393787943211745, 0.017290010058428725, 0.034274996362736586], [0.04070951914464081, 0.06062054765354362, 0.04619733163239531, 0.05746449158351635, 0.04013843438970471, 0.0673645466793555, 0.04372898873306105, 0.049329371998943286, 0.03846058550993412, 0.07400731189999625, 0.03782185388810124, 0.08861881691759253, 0.5274178717314092, 1.0, 0.03244783002459062, 0.054505217992531385, 0.04353760195036474, 0.06470058736320555, 0.037189930923028525, 0.04933647563893127], [0.012909594661086907, 0.025299327156388243, 0.014429410206576515, 0.03541051025573644, 0.013015532015437783, 0.052027266407553396, 0.01829449684024693, 0.028124111513291923, 0.01231634362729738, 0.05815338561183298, 0.011603962830944458, 0.05785185125962499, 0.013482731815001581, 0.03244783002459062, 1.0, 0.6757806608137703, 0.021882930818269714, 0.04325095731581967, 0.016540392484302287, 0.02717909066853793], [0.041698043542513094, 0.046938574549459634, 0.04245931156707023, 0.059778454686918045, 0.048268718653593425, 0.06280912346616027, 0.052133133021412335, 0.06319368172631686, 0.05382142930089449, 0.0836082225626002, 0.03314748076888749, 0.09415830602824321, 0.0659175670239067, 0.054505217992531385, 0.6757806608137703, 1.0, 0.050657908028364874, 0.062159679514538164, 0.0454358467628008, 0.055362953392642605], [0.02464710259484114, 0.03542543280068647, 0.02191407374190097, 0.041297969996813885, 0.02759865576272539, 0.054424156786467, 0.029203856469054684, 0.04770548470619415, 0.03489405426775557, 0.054594805970833375, 0.02364051625371641, 0.06448008138977485, 0.024453712885275005, 0.04353760195036474, 0.021882930818269714, 0.050657908028364874, 1.0, 0.6224347472502699, 0.022387792763270978, 0.03294471262704354], [0.035530803768745664, 0.05919197624610847, 0.03538008768299696, 0.060303517434751576, 0.04020861543069508, 0.06444163647536448, 0.04421421579916557, 0.045479278650714834, 0.0417556933445947, 0.0796299548406755, 0.03768697211364312, 0.0793893280520276, 0.0393787943211745, 0.06470058736320555, 0.04325095731581967, 0.062159679514538164, 0.6224347472502699, 1.0, 0.03781747260116255, 0.05611895009465984], [0.014715366855160764, 0.026049385355931792, 0.015348139168492918, 0.03714565569748508, 0.01870375555335055, 0.04350213460960203, 0.01905328571109308, 0.03101482878282034, 0.015431394254519755, 0.05169814557526971, 0.01249537625349285, 0.05941120657890348, 0.017290010058428725, 0.037189930923028525, 0.016540392484302287, 0.0454358467628008, 0.022387792763270978, 0.03781747260116255, 1.0, 0.38234372951877815], [0.025209262488888936, 0.040976991256445605, 0.0235917755924138, 0.04669149326886742, 0.027365128915216214, 0.04653280338884426, 0.036732756854361594, 0.041996112997684514, 0.028921714721117455, 0.0625006893730293, 0.027646895692310543, 0.07797237288066756, 0.034274996362736586, 0.04933647563893127, 0.02717909066853793, 0.055362953392642605, 0.03294471262704354, 0.05611895009465984, 0.38234372951877815, 1.0]], "meta_info": {"source": "pretrained"}}