{"model": "LSING", "dataset": "dim6_butterfly", "N": 10000, "seed": 123450, "metrics": {"TP": 3, "FP": 0, "FN": 0, "TN": 12, "TPR": 1.0, "FDR": 0.0, "FPR": 0.0, "Hamming": 0}, "omega": [[1.0, 1.0, 0.01466831725645025, 0.0286662710131908, 0.011902806434333946, 0.02253320989602344], [1.0, 1.0, 0.02721591091500144, 0.04173541680533691, 0.02451341034741451, 0.0313650031383803], [0.01466831725645025, 0.02721591091500144, 1.0, 0.8819445784727352, 0.011760194775639466, 0.022220506038993115], [0.0286662710131908, 0.04173541680533691, 0.8819445784727352, 1.0, 0.02647323428978694, 0.03240937765052387], [0.011902806434333946, 0.02451341034741451, 0.011760194775639466, 0.02647323428978694, 1.0, 0.5216058913616729], [0.02253320989602344, 0.0313650031383803, 0.022220506038993115, 0.03240937765052387, 0.5216058913616729, 1.0]], "meta_info": {"source": "pretrained"}}