{"model": "LSING", "dataset": "0.3_dim20_pair_gau", "N": 200, "seed": 1230, "metrics": {"TP": 9, "FP": 95, "FN": 1, "TN": 85, "TPR": 0.9, "FDR": 0.9134615384615384, "FPR": 0.5277777777777778, "Hamming": 96}, "omega": [[1.0, 0.212314556994164, 0.3380745909111812, 0.10406707756307583, 0.10814879446309651, 0.14592687292719184, 0.16642081440957948, 0.15877506136218236, 0.1979415380554061, 0.11035137431720372, 0.09272578217165021, 0.15777574499422986, 0.11490488829391339, 0.16649493707440916, 0.07993061631070653, 0.07554727160438568, 0.1909128588310784, 0.20154114613705, 0.06599714855320443, 0.07138220287752947], [0.212314556994164, 1.0, 0.3342864028958775, 0.27502651196789113, 0.24384712433405858, 0.2834662759339282, 0.18809779760670364, 0.2944366856541157, 0.5205938996730242, 0.2515587887815277, 0.30095329788018776, 0.34204035603771643, 0.19563800934812323, 0.3187074821085324, 0.3006529398921939, 0.2166583807334152, 0.33854132233199974, 0.3998988067153112, 0.3306999117309465, 0.1604850163959076], [0.3380745909111812, 0.3342864028958775, 1.0, 0.5544685941115046, 0.37053375794604976, 0.22425107716337925, 0.397113336002244, 0.24595100219848104, 0.5847656146220864, 0.5901892366986669, 0.3646300560369116, 0.40823264128076775, 0.20267603348196994, 0.3156465186967707, 0.21843269478880048, 0.19823723550382572, 0.30732811259395176, 0.4068339755663536, 0.3766966934326209, 0.37422765939886216], [0.10406707756307583, 0.27502651196789113, 0.5544685941115046, 1.0, 0.13148201563482004, 0.08504795685008966, 0.17147556277904769, 0.16246783938324932, 0.2318519269843444, 0.1464612383434254, 0.21176548823941946, 0.15552267879834963, 0.11085289807874515, 0.2883743347564876, 0.10474654270008146, 0.21650728937666736, 0.33155040743601244, 0.16326621806834204, 0.17017251131918762, 0.09529382458556977], [0.10814879446309651, 0.24384712433405858, 0.37053375794604976, 0.13148201563482004, 1.0, 0.22263486059362705, 0.14136192718138751, 0.32887710627622097, 0.4596996368374114, 0.2161752778481606, 0.23616458740784438, 0.1513659983618595, 0.16356112911453982, 0.43026842134268123, 0.14317918356415815, 0.12545457963410522, 0.2579681643409882, 0.23046852972865256, 0.19932596001702332, 0.16041812114197368], [0.14592687292719184, 0.2834662759339282, 0.22425107716337925, 0.08504795685008966, 0.22263486059362705, 1.0, 0.20609239622857564, 0.1690303216679222, 0.36260563203160184, 0.24235911515683317, 0.14168223459370982, 0.12259284492721477, 0.12387252900676936, 0.2326268123286026, 0.12454235305679583, 0.14243974419363833, 0.1663868016624012, 0.17975787608378993, 0.13615602277273767, 0.07640704583436751], [0.16642081440957948, 0.18809779760670364, 0.397113336002244, 0.17147556277904769, 0.14136192718138751, 0.20609239622857564, 1.0, 0.3773737142544955, 0.4562195176370818, 0.2584028234876433, 0.13091098208728252, 0.4004541496661372, 0.13599163747366863, 0.23990634364867455, 0.2967809132296316, 0.21789145260854928, 0.3316673634893915, 0.17189819780168783, 0.21129468182526964, 0.10761096343014515], [0.15877506136218236, 0.2944366856541157, 0.24595100219848104, 0.16246783938324932, 0.32887710627622097, 0.1690303216679222, 0.3773737142544955, 1.0, 0.6334585235740169, 0.26642403763738737, 0.1875506999640216, 0.19670025491551432, 0.10885256657786745, 0.29187148245860733, 0.11380004423733779, 0.14357111826109978, 0.22823665213635935, 0.22620594372195224, 0.18439114690574965, 0.13781595105040392], [0.1979415380554061, 0.5205938996730242, 0.5847656146220864, 0.2318519269843444, 0.4596996368374114, 0.36260563203160184, 0.4562195176370818, 0.6334585235740169, 1.0, 1.0, 0.27607425505275, 0.24045600816267804, 0.22710499550879223, 0.28608209824041586, 0.342684371796645, 0.5346254804696293, 0.4348481146833986, 0.39705303154788346, 0.32201058250916453, 0.3252419909427435], [0.11035137431720372, 0.2515587887815277, 0.5901892366986669, 0.1464612383434254, 0.2161752778481606, 0.24235911515683317, 0.2584028234876433, 0.26642403763738737, 1.0, 1.0, 0.15379922215764721, 0.16736067059914986, 0.16545257965325122, 0.23701766019724765, 0.27234408718059117, 0.2380895434472793, 0.2960023001345817, 0.16067352143411767, 0.15028405869553668, 0.14637746097426207], [0.09272578217165021, 0.30095329788018776, 0.3646300560369116, 0.21176548823941946, 0.23616458740784438, 0.14168223459370982, 0.13091098208728252, 0.1875506999640216, 0.27607425505275, 0.15379922215764721, 1.0, 0.6389004269490005, 0.28333716639166645, 0.28169905311589377, 0.1413818493710069, 0.15065140045026873, 0.26610734563268224, 0.3126911987211452, 0.2145182977277415, 0.13471448281771062], [0.15777574499422986, 0.34204035603771643, 0.40823264128076775, 0.15552267879834963, 0.1513659983618595, 0.12259284492721477, 0.4004541496661372, 0.19670025491551432, 0.24045600816267804, 0.16736067059914986, 0.6389004269490005, 1.0, 0.1774391674305889, 0.20159884627236427, 0.2028195808243301, 0.22249123154713996, 0.24385675861236053, 0.18241740669385298, 0.15326618102913783, 0.2148100155043113], [0.11490488829391339, 0.19563800934812323, 0.20267603348196994, 0.11085289807874515, 0.16356112911453982, 0.12387252900676936, 0.13599163747366863, 0.10885256657786745, 0.22710499550879223, 0.16545257965325122, 0.28333716639166645, 0.1774391674305889, 1.0, 0.35650070647515963, 0.1375687790447107, 0.12336362804343277, 0.17486274693931914, 0.19425040432989388, 0.10547034934764633, 0.10240958338752473], [0.16649493707440916, 0.3187074821085324, 0.3156465186967707, 0.2883743347564876, 0.43026842134268123, 0.2326268123286026, 0.23990634364867455, 0.29187148245860733, 0.28608209824041586, 0.23701766019724765, 0.28169905311589377, 0.20159884627236427, 0.35650070647515963, 1.0, 0.21389221942901535, 0.1452598268174814, 0.3763309789517505, 0.2796287113912425, 0.31370340391512286, 0.24902914390293235], [0.07993061631070653, 0.3006529398921939, 0.21843269478880048, 0.10474654270008146, 0.14317918356415815, 0.12454235305679583, 0.2967809132296316, 0.11380004423733779, 0.342684371796645, 0.27234408718059117, 0.1413818493710069, 0.2028195808243301, 0.1375687790447107, 0.21389221942901535, 1.0, 0.2041691900191927, 0.4891536818269446, 0.14240682083481926, 0.24803704813719835, 0.1078037272959721], [0.07554727160438568, 0.2166583807334152, 0.19823723550382572, 0.21650728937666736, 0.12545457963410522, 0.14243974419363833, 0.21789145260854928, 0.14357111826109978, 0.5346254804696293, 0.2380895434472793, 0.15065140045026873, 0.22249123154713996, 0.12336362804343277, 0.1452598268174814, 0.2041691900191927, 1.0, 0.284690411420178, 0.16994935692247679, 0.16979944006255376, 0.09637279566861368], [0.1909128588310784, 0.33854132233199974, 0.30732811259395176, 0.33155040743601244, 0.2579681643409882, 0.1663868016624012, 0.3316673634893915, 0.22823665213635935, 0.4348481146833986, 0.2960023001345817, 0.26610734563268224, 0.24385675861236053, 0.17486274693931914, 0.3763309789517505, 0.4891536818269446, 0.284690411420178, 1.0, 0.678220170371352, 0.2615987893518225, 0.2163088130306317], [0.20154114613705, 0.3998988067153112, 0.4068339755663536, 0.16326621806834204, 0.23046852972865256, 0.17975787608378993, 0.17189819780168783, 0.22620594372195224, 0.39705303154788346, 0.16067352143411767, 0.3126911987211452, 0.18241740669385298, 0.19425040432989388, 0.2796287113912425, 0.14240682083481926, 0.16994935692247679, 0.678220170371352, 1.0, 0.14194653382701328, 0.1267450963191569], [0.06599714855320443, 0.3306999117309465, 0.3766966934326209, 0.17017251131918762, 0.19932596001702332, 0.13615602277273767, 0.21129468182526964, 0.18439114690574965, 0.32201058250916453, 0.15028405869553668, 0.2145182977277415, 0.15326618102913783, 0.10547034934764633, 0.31370340391512286, 0.24803704813719835, 0.16979944006255376, 0.2615987893518225, 0.14194653382701328, 1.0, 0.14390942441171972], [0.07138220287752947, 0.1604850163959076, 0.37422765939886216, 0.09529382458556977, 0.16041812114197368, 0.07640704583436751, 0.10761096343014515, 0.13781595105040392, 0.3252419909427435, 0.14637746097426207, 0.13471448281771062, 0.2148100155043113, 0.10240958338752473, 0.24902914390293235, 0.1078037272959721, 0.09637279566861368, 0.2163088130306317, 0.1267450963191569, 0.14390942441171972, 1.0]], "meta_info": {"source": "pretrained"}}