{"model": "LSING", "dataset": "dim20_butterfly", "N": 50000, "seed": 120, "metrics": {"TP": 10, "FP": 0, "FN": 0, "TN": 180, "TPR": 1.0, "FDR": 0.0, "FPR": 0.0, "Hamming": 0}, "omega": [[1.0, 0.7504478310657019, 0.005418914254274876, 0.011255365272387186, 0.005159366545841832, 0.009935360029940847, 0.00449063123381235, 0.010177629408970042, 0.004599584532629913, 0.008871604413844684, 0.004386180023610925, 0.0068368143866155305, 0.005118530468174046, 0.009753159680027695, 0.004504893864453516, 0.005801638048308025, 0.0041987922172316006, 0.012744541655567968, 0.004785489158057145, 0.011474721624918511], [0.7504478310657019, 1.0, 0.010313534671471159, 0.01714978241958719, 0.01149915740881865, 0.0185159411566728, 0.009768617492723378, 0.013831759688816662, 0.009598426990988417, 0.0135144544298847, 0.009235731822238006, 0.012779797854873397, 0.0101188155951049, 0.014177632726974055, 0.011468902817108629, 0.012067991331670663, 0.009144663201478193, 0.015373092351458234, 0.010812897751613947, 0.01711017708929739], [0.005418914254274876, 0.010313534671471159, 1.0, 1.0, 0.005638103075414064, 0.011867324021806102, 0.0044750791596390475, 0.009507635137971399, 0.005697366670287305, 0.009373182438155176, 0.0051101391911026256, 0.007619829640025487, 0.00605053300643214, 0.009555427177870553, 0.00485146189716504, 0.0074515385404906, 0.005819860864347191, 0.012981504046555117, 0.005456917807966276, 0.010490327220357691], [0.011255365272387186, 0.01714978241958719, 1.0, 1.0, 0.01129166837576319, 0.016851140665815285, 0.012277413460390539, 0.017086180924884356, 0.012607531461363246, 0.016848385289175902, 0.011544813657450454, 0.013275257039096308, 0.013005332011054896, 0.016116133785738226, 0.011143210292231951, 0.013199241909460094, 0.010559132483441973, 0.019458516891226796, 0.011694476549740306, 0.01717376949211302], [0.005159366545841832, 0.01149915740881865, 0.005638103075414064, 0.01129166837576319, 1.0, 0.7823898085840276, 0.004098490250200307, 0.009591281035055353, 0.005377688963612269, 0.010319759672712255, 0.004941267815237432, 0.007788367557557091, 0.005551056010290869, 0.01019952213853783, 0.004994069886098078, 0.00682314740829038, 0.004899269714162576, 0.013465808554813809, 0.0053486767515476845, 0.010052703937308713], [0.009935360029940847, 0.0185159411566728, 0.011867324021806102, 0.016851140665815285, 0.7823898085840276, 1.0, 0.00863972559114199, 0.014513895105541044, 0.009215259298933007, 0.01571775563380074, 0.010759314714383413, 0.012629039122767145, 0.010406444399389567, 0.015133889077684006, 0.01070028804339434, 0.013197990972744348, 0.010744323930540669, 0.019794227873575772, 0.012289906649336945, 0.017784542686181515], [0.00449063123381235, 0.009768617492723378, 0.0044750791596390475, 0.012277413460390539, 0.004098490250200307, 0.00863972559114199, 1.0, 0.6951253489503746, 0.004099448775779099, 0.008971170205420986, 0.003881107372008915, 0.006135933637746261, 0.004860452837679183, 0.008725707301011758, 0.0042778340093768295, 0.005123680621161841, 0.0038298918354651825, 0.01154993158772037, 0.0040835323575965626, 0.010451493630846352], [0.010177629408970042, 0.013831759688816662, 0.009507635137971399, 0.017086180924884356, 0.009591281035055353, 0.014513895105541044, 0.6951253489503746, 1.0, 0.009453465406607828, 0.013587540902207778, 0.009154730059879426, 0.01342352218743293, 0.009891741701084736, 0.014438438859559364, 0.009529320091175755, 0.012666932236769873, 0.0087123783269638, 0.01858081498076715, 0.010103216858157571, 0.01606159369367536], [0.004599584532629913, 0.009598426990988417, 0.005697366670287305, 0.012607531461363246, 0.005377688963612269, 0.009215259298933007, 0.004099448775779099, 0.009453465406607828, 1.0, 0.6231497554947655, 0.005220343159227487, 0.006552667240312694, 0.004969159452204255, 0.010386965833282608, 0.004804145175780686, 0.007208444206401961, 0.0048571958027929536, 0.01385310342884246, 0.0052937764603065126, 0.00997287342394863], [0.008871604413844684, 0.0135144544298847, 0.009373182438155176, 0.016848385289175902, 0.010319759672712255, 0.01571775563380074, 0.008971170205420986, 0.013587540902207778, 0.6231497554947655, 1.0, 0.009109813864125096, 0.012810683530518683, 0.010711953202084162, 0.014981976478128323, 0.009533534180894318, 0.011365797072509015, 0.00935519841785931, 0.018189984699658792, 0.010676536290301998, 0.015191326272863246], [0.004386180023610925, 0.009235731822238006, 0.0051101391911026256, 0.011544813657450454, 0.004941267815237432, 0.010759314714383413, 0.003881107372008915, 0.009154730059879426, 0.005220343159227487, 0.009109813864125096, 1.0, 0.3490105350499461, 0.005178645357838775, 0.009044523150261646, 0.0052138349724408645, 0.00666314944692681, 0.004771384833216688, 0.010982769235071462, 0.005047348345107313, 0.009650572841519768], [0.0068368143866155305, 0.012779797854873397, 0.007619829640025487, 0.013275257039096308, 0.007788367557557091, 0.012629039122767145, 0.006135933637746261, 0.01342352218743293, 0.006552667240312694, 0.012810683530518683, 0.3490105350499461, 1.0, 0.008244863191763352, 0.012133368418462541, 0.007130725952365879, 0.007941654903939548, 0.007291430273142583, 0.014125066376659567, 0.006557340202926558, 0.012926916890605553], [0.005118530468174046, 0.0101188155951049, 0.00605053300643214, 0.013005332011054896, 0.005551056010290869, 0.010406444399389567, 0.004860452837679183, 0.009891741701084736, 0.004969159452204255, 0.010711953202084162, 0.005178645357838775, 0.008244863191763352, 1.0, 0.5726546034024033, 0.005574335252657106, 0.006210860949819487, 0.005294713192096863, 0.0131191175142166, 0.005250548815191682, 0.011020575441328869], [0.009753159680027695, 0.014177632726974055, 0.009555427177870553, 0.016116133785738226, 0.01019952213853783, 0.015133889077684006, 0.008725707301011758, 0.014438438859559364, 0.010386965833282608, 0.014981976478128323, 0.009044523150261646, 0.012133368418462541, 0.5726546034024033, 1.0, 0.00918323847442959, 0.01130618718369672, 0.010424805733004354, 0.016969655019956308, 0.009621935402393856, 0.015228352716088776], [0.004504893864453516, 0.011468902817108629, 0.00485146189716504, 0.011143210292231951, 0.004994069886098078, 0.01070028804339434, 0.0042778340093768295, 0.009529320091175755, 0.004804145175780686, 0.009533534180894318, 0.0052138349724408645, 0.007130725952365879, 0.005574335252657106, 0.00918323847442959, 1.0, 0.3416118652987237, 0.004286065911013751, 0.012943784480634586, 0.004850480909276687, 0.011434064577206087], [0.005801638048308025, 0.012067991331670663, 0.0074515385404906, 0.013199241909460094, 0.00682314740829038, 0.013197990972744348, 0.005123680621161841, 0.012666932236769873, 0.007208444206401961, 0.011365797072509015, 0.00666314944692681, 0.007941654903939548, 0.006210860949819487, 0.01130618718369672, 0.3416118652987237, 1.0, 0.007049802005865418, 0.013751668987037505, 0.006653042477258505, 0.011829967329148348], [0.0041987922172316006, 0.009144663201478193, 0.005819860864347191, 0.010559132483441973, 0.004899269714162576, 0.010744323930540669, 0.0038298918354651825, 0.0087123783269638, 0.0048571958027929536, 0.00935519841785931, 0.004771384833216688, 0.007291430273142583, 0.005294713192096863, 0.010424805733004354, 0.004286065911013751, 0.007049802005865418, 1.0, 0.8450390853385198, 0.004711509808929049, 0.010369704083202482], [0.012744541655567968, 0.015373092351458234, 0.012981504046555117, 0.019458516891226796, 0.013465808554813809, 0.019794227873575772, 0.01154993158772037, 0.01858081498076715, 0.01385310342884246, 0.018189984699658792, 0.010982769235071462, 0.014125066376659567, 0.0131191175142166, 0.016969655019956308, 0.012943784480634586, 0.013751668987037505, 0.8450390853385198, 1.0, 0.012638363120502209, 0.016506348492601255], [0.004785489158057145, 0.010812897751613947, 0.005456917807966276, 0.011694476549740306, 0.0053486767515476845, 0.012289906649336945, 0.0040835323575965626, 0.010103216858157571, 0.0052937764603065126, 0.010676536290301998, 0.005047348345107313, 0.006557340202926558, 0.005250548815191682, 0.009621935402393856, 0.004850480909276687, 0.006653042477258505, 0.004711509808929049, 0.012638363120502209, 1.0, 0.7553627469818112], [0.011474721624918511, 0.01711017708929739, 0.010490327220357691, 0.01717376949211302, 0.010052703937308713, 0.017784542686181515, 0.010451493630846352, 0.01606159369367536, 0.00997287342394863, 0.015191326272863246, 0.009650572841519768, 0.012926916890605553, 0.011020575441328869, 0.015228352716088776, 0.011434064577206087, 0.011829967329148348, 0.010369704083202482, 0.016506348492601255, 0.7553627469818112, 1.0]], "meta_info": {"source": "pretrained"}}