{"model": "LSING", "dataset": "dim20_butterfly", "N": 400, "seed": 120, "metrics": {"TP": 8, "FP": 138, "FN": 2, "TN": 42, "TPR": 0.8, "FDR": 0.9452054794520548, "FPR": 0.7666666666666667, "Hamming": 140}, "omega": [[1.0, 0.7218518372936327, 0.21969815976877455, 0.17456505937767774, 0.21398164468365777, 0.2868433745471977, 0.23715820676635835, 0.21010033111921392, 0.2465251509336266, 0.41830408327619956, 0.2725901230192525, 0.41129164963981824, 0.1723983270458077, 0.3940245240660997, 0.32771825736036914, 0.35592630015779425, 0.4452817427232039, 0.2496899021941798, 0.28767394442152533, 0.253406033623277], [0.7218518372936327, 1.0, 0.23209921658900548, 0.17393532599158937, 0.24215591700404876, 0.20230960951634075, 0.3437318080620081, 0.2841920473611823, 0.17768125121337625, 0.3928556713744945, 0.26929875858639973, 0.5386254027141574, 0.36804126553111133, 0.2564106032027032, 0.28117592380745227, 0.3439089132859673, 0.506342275269071, 0.29693532886093077, 0.2506255094648012, 0.337349933095594], [0.21969815976877455, 0.23209921658900548, 1.0, 0.14113993753025866, 0.25221368297549257, 0.15769171957374736, 0.2458585931719313, 0.12548847751880748, 0.15596508641077397, 0.19247267836780382, 0.18936393498027773, 0.7248347196663184, 0.1795459818787439, 0.21708088860105093, 0.4064820205534547, 0.14971563294370555, 0.38622047256158837, 0.39182929680604134, 0.23678403628808734, 0.22395876962528546], [0.17456505937767774, 0.17393532599158937, 0.14113993753025866, 1.0, 0.16937749206132624, 0.10723903430336666, 0.3066726304860171, 0.12267662739503998, 0.1501687416508781, 0.1910364058417674, 0.1677490467866733, 0.30643620232467356, 0.2676997902232846, 0.13950802049177782, 0.3574907424042056, 0.11725203297714591, 0.26866036494289913, 0.2244938286734068, 0.1266199904676578, 0.2647534849892632], [0.21398164468365777, 0.24215591700404876, 0.25221368297549257, 0.16937749206132624, 1.0, 0.2867177224649849, 0.35571475587239276, 0.23548001811529454, 0.19385729578388722, 0.36650862631282466, 0.21990388179828815, 0.713173583817739, 0.17474278791730916, 0.5374387489626843, 0.5155168412373057, 0.17831901109457324, 0.4945369689430564, 0.23596160085739265, 0.2230431711359631, 0.35927136724035014], [0.2868433745471977, 0.20230960951634075, 0.15769171957374736, 0.10723903430336666, 0.2867177224649849, 1.0, 0.24852913519526104, 0.11918616757917759, 0.12882256519178525, 0.404580092915961, 0.22137992464998005, 0.20492112459017517, 0.13832826151701413, 0.2185312083640801, 0.4396051476987924, 0.16485388129545694, 0.31763606020034296, 0.29305712142821666, 0.17098016897858048, 0.18248361989093215], [0.23715820676635835, 0.3437318080620081, 0.2458585931719313, 0.3066726304860171, 0.35571475587239276, 0.24852913519526104, 1.0, 0.4081922942916904, 0.18777780204491556, 0.2700404206632809, 0.2858653957397077, 0.6321808577096655, 0.274934751036856, 0.2446904229935761, 0.38296878443470866, 0.2485179085487403, 0.7205942718083668, 0.4448229266730886, 0.34189038731345484, 0.44872495242534427], [0.21010033111921392, 0.2841920473611823, 0.12548847751880748, 0.12267662739503998, 0.23548001811529454, 0.11918616757917759, 0.4081922942916904, 1.0, 0.20777750870350647, 0.14956940099767838, 0.23635631289516298, 0.2126474392283934, 0.2249781310218736, 0.21841566862104103, 0.3231488520447498, 0.14658144852656393, 0.4822465558779587, 0.2903504236136881, 0.15238660676113225, 0.15841933441363573], [0.2465251509336266, 0.17768125121337625, 0.15596508641077397, 0.1501687416508781, 0.19385729578388722, 0.12882256519178525, 0.18777780204491556, 0.20777750870350647, 1.0, 0.18703577781814665, 0.27752558526277277, 0.2522327097734421, 0.24312835213248757, 0.37947786148485524, 0.3954979448133158, 0.15898921208413946, 0.3179611175822963, 0.3918601491907106, 0.18177381655754302, 0.40673910518724277], [0.41830408327619956, 0.3928556713744945, 0.19247267836780382, 0.1910364058417674, 0.36650862631282466, 0.404580092915961, 0.2700404206632809, 0.14956940099767838, 0.18703577781814665, 1.0, 0.34710951042098837, 0.48933678906042133, 0.16589726297979324, 0.349073198543188, 0.5707451448444941, 0.15392113333748783, 0.323309019797035, 0.29720919774913257, 0.2872404649347118, 0.3060869052757132], [0.2725901230192525, 0.26929875858639973, 0.18936393498027773, 0.1677490467866733, 0.21990388179828815, 0.22137992464998005, 0.2858653957397077, 0.23635631289516298, 0.27752558526277277, 0.34710951042098837, 1.0, 0.36134064991251713, 0.22503274601071702, 0.21092363013810253, 0.37259445767483224, 0.2186158609003453, 0.42787179080528737, 0.3852917531032554, 0.27570659691399824, 0.23595195513442044], [0.41129164963981824, 0.5386254027141574, 0.7248347196663184, 0.30643620232467356, 0.713173583817739, 0.20492112459017517, 0.6321808577096655, 0.2126474392283934, 0.2522327097734421, 0.48933678906042133, 0.36134064991251713, 1.0, 0.5516507084390033, 0.43667639280548576, 0.7700056264163717, 0.6724220478634564, 0.6563749147241481, 0.4863497767861309, 0.496892189844877, 0.3489818810561037], [0.1723983270458077, 0.36804126553111133, 0.1795459818787439, 0.2676997902232846, 0.17474278791730916, 0.13832826151701413, 0.274934751036856, 0.2249781310218736, 0.24312835213248757, 0.16589726297979324, 0.22503274601071702, 0.5516507084390033, 1.0, 0.2541518395306047, 0.35894371212939424, 0.19922478891466994, 0.2770378390081617, 0.2366737198607372, 0.15522988731650528, 0.42570105044917866], [0.3940245240660997, 0.2564106032027032, 0.21708088860105093, 0.13950802049177782, 0.5374387489626843, 0.2185312083640801, 0.2446904229935761, 0.21841566862104103, 0.37947786148485524, 0.349073198543188, 0.21092363013810253, 0.43667639280548576, 0.2541518395306047, 1.0, 0.3770295959195625, 0.15872739164412678, 0.4432526447597371, 0.33360911279434047, 0.2095184885735721, 0.30127366165489294], [0.32771825736036914, 0.28117592380745227, 0.4064820205534547, 0.3574907424042056, 0.5155168412373057, 0.4396051476987924, 0.38296878443470866, 0.3231488520447498, 0.3954979448133158, 0.5707451448444941, 0.37259445767483224, 0.7700056264163717, 0.35894371212939424, 0.3770295959195625, 1.0, 0.6108785675489911, 0.5436156192349394, 0.6037240179393454, 0.36793776727184047, 0.49503152640132575], [0.35592630015779425, 0.3439089132859673, 0.14971563294370555, 0.11725203297714591, 0.17831901109457324, 0.16485388129545694, 0.2485179085487403, 0.14658144852656393, 0.15898921208413946, 0.15392113333748783, 0.2186158609003453, 0.6724220478634564, 0.19922478891466994, 0.15872739164412678, 0.6108785675489911, 1.0, 0.3496943482804942, 0.2568843161491633, 0.2377099072982646, 0.1950755262198051], [0.4452817427232039, 0.506342275269071, 0.38622047256158837, 0.26866036494289913, 0.4945369689430564, 0.31763606020034296, 0.7205942718083668, 0.4822465558779587, 0.3179611175822963, 0.323309019797035, 0.42787179080528737, 0.6563749147241481, 0.2770378390081617, 0.4432526447597371, 0.5436156192349394, 0.3496943482804942, 1.0, 1.0, 0.41720167812457837, 0.41006928233787476], [0.2496899021941798, 0.29693532886093077, 0.39182929680604134, 0.2244938286734068, 0.23596160085739265, 0.29305712142821666, 0.4448229266730886, 0.2903504236136881, 0.3918601491907106, 0.29720919774913257, 0.3852917531032554, 0.4863497767861309, 0.2366737198607372, 0.33360911279434047, 0.6037240179393454, 0.2568843161491633, 1.0, 1.0, 0.30552383880886785, 0.30415876355788196], [0.28767394442152533, 0.2506255094648012, 0.23678403628808734, 0.1266199904676578, 0.2230431711359631, 0.17098016897858048, 0.34189038731345484, 0.15238660676113225, 0.18177381655754302, 0.2872404649347118, 0.27570659691399824, 0.496892189844877, 0.15522988731650528, 0.2095184885735721, 0.36793776727184047, 0.2377099072982646, 0.41720167812457837, 0.30552383880886785, 1.0, 0.6058105723753904], [0.253406033623277, 0.337349933095594, 0.22395876962528546, 0.2647534849892632, 0.35927136724035014, 0.18248361989093215, 0.44872495242534427, 0.15841933441363573, 0.40673910518724277, 0.3060869052757132, 0.23595195513442044, 0.3489818810561037, 0.42570105044917866, 0.30127366165489294, 0.49503152640132575, 0.1950755262198051, 0.41006928233787476, 0.30415876355788196, 0.6058105723753904, 1.0]], "meta_info": {"source": "pretrained"}}