{"model": "LSING", "dataset": "dim20_butterfly", "N": 400, "seed": 1230, "metrics": {"TP": 4, "FP": 45, "FN": 6, "TN": 135, "TPR": 0.4, "FDR": 0.9183673469387755, "FPR": 0.25, "Hamming": 51}, "omega": [[1.0, 0.17085022898117383, 0.059420850366051325, 0.07988149490244324, 0.13103170127435218, 0.37974158100041, 0.06775967762342724, 0.0832432614896269, 0.1064833894641703, 0.37947425993402684, 0.11261250878094246, 0.08769511730710441, 0.0900861370774271, 0.0704499352453182, 0.09602428111867595, 0.09525863694113369, 0.08931894629165564, 0.13233706146483365, 0.24511115768044184, 0.07045332544710868], [0.17085022898117383, 1.0, 0.061974264000441405, 0.07604829836816886, 0.10025993618342632, 0.33721762885923984, 0.08498839984431024, 0.08827214381575929, 0.1542234092172587, 0.20911985024921273, 0.1371060702029097, 0.08307335389665864, 0.06358998071642256, 0.04854183674407433, 0.06647665986792614, 0.12744536580158525, 0.0462569412554058, 0.06217455547738089, 0.17026360527728862, 0.13048878924233961], [0.059420850366051325, 0.061974264000441405, 1.0, 0.07446898520038935, 0.08297974868900165, 0.8931340751521292, 0.07729509076666755, 0.08908240889719075, 0.09683491628952119, 0.3465536620420598, 0.19591915379393646, 0.0635195677786961, 0.07552851692451786, 0.07488357443942831, 0.05763453613733055, 0.11993663996131917, 0.09032405431143475, 0.1266407662864883, 0.1903777798718036, 0.08233059129669955], [0.07988149490244324, 0.07604829836816886, 0.07446898520038935, 1.0, 0.07977857577787266, 0.3395286362121032, 0.08126922054801489, 0.14574108664319527, 0.07373093781370219, 0.21241133639981807, 0.10410200344111878, 0.038832665478810625, 0.06250086468421677, 0.07077033672854885, 0.048465168838354396, 0.09625499303162754, 0.0961710387050109, 0.06491319200986276, 0.1499070084097291, 0.06537780728583424], [0.13103170127435218, 0.10025993618342632, 0.08297974868900165, 0.07977857577787266, 1.0, 0.8349574379811928, 0.08366179606457701, 0.1243180554270396, 0.1429166567595406, 0.574244980586937, 0.13717727814752503, 0.057606715465225146, 0.1032928280674057, 0.16162633974423843, 0.06439998308006029, 0.14060485896879346, 0.12251999657068753, 0.08548628889998405, 0.34767428593349353, 0.09549003192034901], [0.37974158100041, 0.33721762885923984, 0.8931340751521292, 0.3395286362121032, 0.8349574379811928, 1.0, 0.4028616400897082, 0.5837632416850002, 0.33451707726883956, 1.0, 0.5548375282800856, 0.38423376742597987, 0.3981416316469178, 0.8447262701729115, 0.9117396099498822, 0.5031540025023893, 0.36590719780412884, 0.6151467234558669, 0.6696980035659075, 0.4663849932891367], [0.06775967762342724, 0.08498839984431024, 0.07729509076666755, 0.08126922054801489, 0.08366179606457701, 0.4028616400897082, 1.0, 0.13841575267222375, 0.12312548112766043, 0.21188504640839007, 0.23869667429611324, 0.062369693116558045, 0.16289095354716265, 0.09669963261726484, 0.10254595793185409, 0.19709187119711424, 0.09087145310646383, 0.1953009491267416, 0.229577981832795, 0.16953854528762224], [0.0832432614896269, 0.08827214381575929, 0.08908240889719075, 0.14574108664319527, 0.1243180554270396, 0.5837632416850002, 0.13841575267222375, 1.0, 0.10992849470453221, 0.18954269595462298, 0.11422299398607444, 0.07929418813229433, 0.10020825159763945, 0.07447465762023149, 0.06350418393849593, 0.18246777887338458, 0.13866307748774973, 0.15897529332418825, 0.21185432213353825, 0.08730905008245501], [0.1064833894641703, 0.1542234092172587, 0.09683491628952119, 0.07373093781370219, 0.1429166567595406, 0.33451707726883956, 0.12312548112766043, 0.10992849470453221, 1.0, 0.4215600696148239, 0.10339023240281037, 0.17907050883200568, 0.09860046895902913, 0.07756778498305822, 0.12120117837565911, 0.12142185446888998, 0.0881396129690808, 0.1001829438783437, 0.2571279449545272, 0.17332331722125463], [0.37947425993402684, 0.20911985024921273, 0.3465536620420598, 0.21241133639981807, 0.574244980586937, 1.0, 0.21188504640839007, 0.18954269595462298, 0.4215600696148239, 1.0, 0.4508838530208078, 0.25448567559329033, 0.32421674185086413, 0.23579224227526074, 0.34813420655671606, 0.40973838114337235, 0.23707277220748027, 0.4437691399050747, 0.3176022274228872, 0.34302894645668813], [0.11261250878094246, 0.1371060702029097, 0.19591915379393646, 0.10410200344111878, 0.13717727814752503, 0.5548375282800856, 0.23869667429611324, 0.11422299398607444, 0.10339023240281037, 0.4508838530208078, 1.0, 0.18846989355515695, 0.14529366796020074, 0.10789760163235566, 0.17705737319818313, 0.19809599688079504, 0.17318941338854105, 0.16522764784674576, 0.12502851287637934, 0.20653579915106787], [0.08769511730710441, 0.08307335389665864, 0.0635195677786961, 0.038832665478810625, 0.057606715465225146, 0.38423376742597987, 0.062369693116558045, 0.07929418813229433, 0.17907050883200568, 0.25448567559329033, 0.18846989355515695, 1.0, 0.055318502878847875, 0.049523121971217936, 0.059699210148776494, 0.1794687136187257, 0.1486685704370712, 0.11220780915346076, 0.2645574168321819, 0.06738149193258992], [0.0900861370774271, 0.06358998071642256, 0.07552851692451786, 0.06250086468421677, 0.1032928280674057, 0.3981416316469178, 0.16289095354716265, 0.10020825159763945, 0.09860046895902913, 0.32421674185086413, 0.14529366796020074, 0.055318502878847875, 1.0, 0.12462779056784455, 0.09717964772495437, 0.10622098007827875, 0.09987251653326482, 0.08268647110459737, 0.15036960190094006, 0.09870974128520302], [0.0704499352453182, 0.04854183674407433, 0.07488357443942831, 0.07077033672854885, 0.16162633974423843, 0.8447262701729115, 0.09669963261726484, 0.07447465762023149, 0.07756778498305822, 0.23579224227526074, 0.10789760163235566, 0.049523121971217936, 0.12462779056784455, 1.0, 0.03817580702839821, 0.10656347955471646, 0.07932291346741122, 0.075937616503919, 0.10962911749830814, 0.06531586985258397], [0.09602428111867595, 0.06647665986792614, 0.05763453613733055, 0.048465168838354396, 0.06439998308006029, 0.9117396099498822, 0.10254595793185409, 0.06350418393849593, 0.12120117837565911, 0.34813420655671606, 0.17705737319818313, 0.059699210148776494, 0.09717964772495437, 0.03817580702839821, 1.0, 0.1680607051542965, 0.07370057677475647, 0.08372091899068046, 0.11819279235057896, 0.08673251245734674], [0.09525863694113369, 0.12744536580158525, 0.11993663996131917, 0.09625499303162754, 0.14060485896879346, 0.5031540025023893, 0.19709187119711424, 0.18246777887338458, 0.12142185446888998, 0.40973838114337235, 0.19809599688079504, 0.1794687136187257, 0.10622098007827875, 0.10656347955471646, 0.1680607051542965, 1.0, 0.13779621842454234, 0.3807632036891536, 0.3402385682258555, 0.11092822272079612], [0.08931894629165564, 0.0462569412554058, 0.09032405431143475, 0.0961710387050109, 0.12251999657068753, 0.36590719780412884, 0.09087145310646383, 0.13866307748774973, 0.0881396129690808, 0.23707277220748027, 0.17318941338854105, 0.1486685704370712, 0.09987251653326482, 0.07932291346741122, 0.07370057677475647, 0.13779621842454234, 1.0, 0.2110416606089274, 0.1697953393662355, 0.07930576827574172], [0.13233706146483365, 0.06217455547738089, 0.1266407662864883, 0.06491319200986276, 0.08548628889998405, 0.6151467234558669, 0.1953009491267416, 0.15897529332418825, 0.1001829438783437, 0.4437691399050747, 0.16522764784674576, 0.11220780915346076, 0.08268647110459737, 0.075937616503919, 0.08372091899068046, 0.3807632036891536, 0.2110416606089274, 1.0, 0.24349567855272633, 0.18112908322163182], [0.24511115768044184, 0.17026360527728862, 0.1903777798718036, 0.1499070084097291, 0.34767428593349353, 0.6696980035659075, 0.229577981832795, 0.21185432213353825, 0.2571279449545272, 0.3176022274228872, 0.12502851287637934, 0.2645574168321819, 0.15036960190094006, 0.10962911749830814, 0.11819279235057896, 0.3402385682258555, 0.1697953393662355, 0.24349567855272633, 1.0, 0.31595616109047314], [0.07045332544710868, 0.13048878924233961, 0.08233059129669955, 0.06537780728583424, 0.09549003192034901, 0.4663849932891367, 0.16953854528762224, 0.08730905008245501, 0.17332331722125463, 0.34302894645668813, 0.20653579915106787, 0.06738149193258992, 0.09870974128520302, 0.06531586985258397, 0.08673251245734674, 0.11092822272079612, 0.07930576827574172, 0.18112908322163182, 0.31595616109047314, 1.0]], "meta_info": {"source": "pretrained"}}