{"model": "LSING", "dataset": "dim20_cop_gau", "N": 200, "seed": 123450, "metrics": {"TP": 19, "FP": 32, "FN": 0, "TN": 139, "TPR": 1.0, "FDR": 0.6274509803921569, "FPR": 0.1871345029239766, "Hamming": 32}, "omega": [[1.0, 0.2329181346661679, 0.1864244814056856, 0.14506915072716847, 0.06052287516107037, 0.08020162762799896, 0.11347913352038327, 0.1453324649136814, 0.06854139525077606, 0.14952636583444567, 0.2636186106160327, 0.18149537794213344, 0.14600826268180325, 0.04926183263938341, 0.16305658512588286, 0.14319388746580103, 0.08959252477825998, 0.08362580735339316, 0.09170734754414674, 0.04108273840526883], [0.2329181346661679, 1.0, 0.32554472585456806, 0.15747294218013105, 0.12432431342992144, 0.12658379929020064, 0.2793839050173002, 0.09791842822900214, 0.12477331722889139, 0.13483639821086796, 0.20347237017739647, 0.12177422816326186, 0.1546222469032457, 0.10759391453140478, 0.10554801509268802, 0.17598554825750443, 0.10072394374090678, 0.1712645630517369, 0.12361082230508207, 0.04816806123376008], [0.1864244814056856, 0.32554472585456806, 1.0, 0.3024406858517392, 0.11405209950801538, 0.11055269430634883, 0.18639523632030552, 0.0944585789512779, 0.1002229353970504, 0.13002229576366592, 0.13938032277233625, 0.12722557601698395, 0.08999468640150234, 0.08720377675258124, 0.10230034836122996, 0.1366983899857711, 0.13064417916050816, 0.04925074758444491, 0.09561444091180617, 0.0534831911369822], [0.14506915072716847, 0.15747294218013105, 0.3024406858517392, 1.0, 0.29509890176364545, 0.1349392981001592, 0.1469307171695561, 0.11481969126085682, 0.12070882303098289, 0.16853389494275747, 0.17848141891816757, 0.16541425329846757, 0.10879297137184137, 0.07598231517439634, 0.145927838697008, 0.210980589936755, 0.13954999708661125, 0.15127996175676897, 0.09059836389871015, 0.05460923047729314], [0.06052287516107037, 0.12432431342992144, 0.11405209950801538, 0.29509890176364545, 1.0, 0.5337197391204946, 0.1403226177709596, 0.07531115714462995, 0.17479354415296225, 0.20030552218378725, 0.20798745830629367, 0.09593472463583753, 0.16387535299818837, 0.06086272557079068, 0.11291053205594952, 0.25284911626467094, 0.11064724322259047, 0.12836448583581564, 0.08833126514239355, 0.07971923036164717], [0.08020162762799896, 0.12658379929020064, 0.11055269430634883, 0.1349392981001592, 0.5337197391204946, 1.0, 0.6231318839928638, 0.34070507788088555, 0.11838146744499366, 0.20899232166391415, 0.29899155606538624, 0.1202907573076018, 0.1464999303900249, 0.07312049870320841, 0.16506074637905813, 0.16844347147392116, 0.09190476855016878, 0.13103172102101154, 0.15915204653326756, 0.07551507072640344], [0.11347913352038327, 0.2793839050173002, 0.18639523632030552, 0.1469307171695561, 0.1403226177709596, 0.6231318839928638, 1.0, 0.6288556475929404, 0.3793355672278906, 0.18148448053389293, 0.23073582302786935, 0.19038136925712146, 0.20705706149830022, 0.2743937468781149, 0.2139784335842999, 0.1746696167136886, 0.16069082173574809, 0.21317704596615755, 0.10439380998300449, 0.13335619727266784], [0.1453324649136814, 0.09791842822900214, 0.0944585789512779, 0.11481969126085682, 0.07531115714462995, 0.34070507788088555, 0.6288556475929404, 1.0, 0.5798540503442469, 0.32812463165648165, 0.17218639761039853, 0.11110972005447814, 0.20887941951063074, 0.05041859113413553, 0.10651939949943089, 0.10054432832156339, 0.10298745497035237, 0.07743539282487955, 0.11753848341881498, 0.04113776545196889], [0.06854139525077606, 0.12477331722889139, 0.1002229353970504, 0.12070882303098289, 0.17479354415296225, 0.11838146744499366, 0.3793355672278906, 0.5798540503442469, 1.0, 0.6628565176064309, 0.276134431317639, 0.16979464167764932, 0.18197399655997734, 0.04737390670083857, 0.10751324035101219, 0.20724308470488706, 0.1380735817467967, 0.061951978513424495, 0.12378235640663078, 0.06895570248029459], [0.14952636583444567, 0.13483639821086796, 0.13002229576366592, 0.16853389494275747, 0.20030552218378725, 0.20899232166391415, 0.18148448053389293, 0.32812463165648165, 0.6628565176064309, 1.0, 1.0, 0.18230932537926317, 0.1921794694163126, 0.10796514085900934, 0.31749874679805234, 0.2285965895115337, 0.1573685939363262, 0.15832368782973, 0.11545789575050006, 0.09320985098739415], [0.2636186106160327, 0.20347237017739647, 0.13938032277233625, 0.17848141891816757, 0.20798745830629367, 0.29899155606538624, 0.23073582302786935, 0.17218639761039853, 0.276134431317639, 1.0, 1.0, 0.9434739425177283, 0.20309813316277037, 0.12649884954504434, 0.15470187582203154, 0.17306505396885832, 0.24477961326210135, 0.17567292607865437, 0.17912819677694697, 0.10113400181519686], [0.18149537794213344, 0.12177422816326186, 0.12722557601698395, 0.16541425329846757, 0.09593472463583753, 0.1202907573076018, 0.19038136925712146, 0.11110972005447814, 0.16979464167764932, 0.18230932537926317, 0.9434739425177283, 1.0, 0.5672115667315025, 0.18374696596138937, 0.20418890256871927, 0.3797118947657302, 0.1448483920318151, 0.2506223309689664, 0.08509805276658508, 0.10063322003735364], [0.14600826268180325, 0.1546222469032457, 0.08999468640150234, 0.10879297137184137, 0.16387535299818837, 0.1464999303900249, 0.20705706149830022, 0.20887941951063074, 0.18197399655997734, 0.1921794694163126, 0.20309813316277037, 0.5672115667315025, 1.0, 0.48753812424913523, 0.34146939763130374, 0.18410114284900952, 0.11752783898612293, 0.15680419158800146, 0.09636827746669507, 0.09853787291375792], [0.04926183263938341, 0.10759391453140478, 0.08720377675258124, 0.07598231517439634, 0.06086272557079068, 0.07312049870320841, 0.2743937468781149, 0.05041859113413553, 0.04737390670083857, 0.10796514085900934, 0.12649884954504434, 0.18374696596138937, 0.48753812424913523, 1.0, 0.4577269796698841, 0.1808084381300759, 0.12475076626571617, 0.06816740009189406, 0.05340759036731382, 0.034891022164661174], [0.16305658512588286, 0.10554801509268802, 0.10230034836122996, 0.145927838697008, 0.11291053205594952, 0.16506074637905813, 0.2139784335842999, 0.10651939949943089, 0.10751324035101219, 0.31749874679805234, 0.15470187582203154, 0.20418890256871927, 0.34146939763130374, 0.4577269796698841, 1.0, 0.7116909619564806, 0.22317544582631488, 0.09802741621116241, 0.17703149095226, 0.16667969398076096], [0.14319388746580103, 0.17598554825750443, 0.1366983899857711, 0.210980589936755, 0.25284911626467094, 0.16844347147392116, 0.1746696167136886, 0.10054432832156339, 0.20724308470488706, 0.2285965895115337, 0.17306505396885832, 0.3797118947657302, 0.18410114284900952, 0.1808084381300759, 0.7116909619564806, 1.0, 0.5340824004188163, 0.23302497374614198, 0.2816707872954901, 0.08819435880650696], [0.08959252477825998, 0.10072394374090678, 0.13064417916050816, 0.13954999708661125, 0.11064724322259047, 0.09190476855016878, 0.16069082173574809, 0.10298745497035237, 0.1380735817467967, 0.1573685939363262, 0.24477961326210135, 0.1448483920318151, 0.11752783898612293, 0.12475076626571617, 0.22317544582631488, 0.5340824004188163, 1.0, 0.5247189691852431, 0.2297542723400205, 0.05682622131034885], [0.08362580735339316, 0.1712645630517369, 0.04925074758444491, 0.15127996175676897, 0.12836448583581564, 0.13103172102101154, 0.21317704596615755, 0.07743539282487955, 0.061951978513424495, 0.15832368782973, 0.17567292607865437, 0.2506223309689664, 0.15680419158800146, 0.06816740009189406, 0.09802741621116241, 0.23302497374614198, 0.5247189691852431, 1.0, 0.39459420720465466, 0.1120623717608566], [0.09170734754414674, 0.12361082230508207, 0.09561444091180617, 0.09059836389871015, 0.08833126514239355, 0.15915204653326756, 0.10439380998300449, 0.11753848341881498, 0.12378235640663078, 0.11545789575050006, 0.17912819677694697, 0.08509805276658508, 0.09636827746669507, 0.05340759036731382, 0.17703149095226, 0.2816707872954901, 0.2297542723400205, 0.39459420720465466, 1.0, 0.21537281534764288], [0.04108273840526883, 0.04816806123376008, 0.0534831911369822, 0.05460923047729314, 0.07971923036164717, 0.07551507072640344, 0.13335619727266784, 0.04113776545196889, 0.06895570248029459, 0.09320985098739415, 0.10113400181519686, 0.10063322003735364, 0.09853787291375792, 0.034891022164661174, 0.16667969398076096, 0.08819435880650696, 0.05682622131034885, 0.1120623717608566, 0.21537281534764288, 1.0]], "meta_info": {"source": "pretrained"}}