{"model": "LSING", "dataset": "dim20_cop_gau", "N": 200, "seed": 120, "metrics": {"TP": 17, "FP": 13, "FN": 2, "TN": 158, "TPR": 0.8947368421052632, "FDR": 0.43333333333333335, "FPR": 0.07602339181286549, "Hamming": 15}, "omega": [[1.0, 0.33715807200080317, 0.12096966441158406, 0.190070563307698, 0.09436802797927996, 0.141204617797338, 0.07310365878371322, 0.15034158968300745, 0.07237984664323711, 0.06290825556061455, 0.08348726202646115, 0.16372492980473619, 0.07601426434858621, 0.04902179167342954, 0.07136615512155256, 0.06554469568634651, 0.08187014857688278, 0.07774205995699515, 0.10530813548837091, 0.08618175907257801], [0.33715807200080317, 1.0, 0.1452386158912901, 0.12765490956866887, 0.05103437467677181, 0.10109639896661889, 0.05566825117278117, 0.10359408634612693, 0.0960376580336652, 0.022315652267129553, 0.08237300679344427, 0.08459186955774783, 0.08341336183824836, 0.027144389059451747, 0.14784292287640688, 0.03659318432136421, 0.06623509522335062, 0.06640889697500219, 0.05192764494769156, 0.07436844402887306], [0.12096966441158406, 0.1452386158912901, 1.0, 0.17315649887535559, 0.18756090208711498, 0.1704501211027113, 0.057036566000046515, 0.1496901723788924, 0.08260659584415565, 0.04788617527347191, 0.045021465696642074, 0.07867947514516144, 0.09042189553132664, 0.06543135976291133, 0.0463160027640812, 0.032028801453822954, 0.039507056654946374, 0.083770559588634, 0.12100091813702814, 0.0824729643980459], [0.190070563307698, 0.12765490956866887, 0.17315649887535559, 1.0, 0.49942659371893683, 0.23009074405807103, 0.11997268695118113, 0.20177343760065855, 0.22342481154788132, 0.05119257974171211, 0.11044089214055006, 0.10366061841468055, 0.09742321629565831, 0.12454775471305145, 0.13818167470390055, 0.0725704503976874, 0.09515873947346938, 0.12383019159332068, 0.12271657954041915, 0.19868243467035063], [0.09436802797927996, 0.05103437467677181, 0.18756090208711498, 0.49942659371893683, 1.0, 0.45926485471550965, 0.12475719864428529, 0.1806356421133675, 0.13027335961894934, 0.14835139210662876, 0.09766832482293958, 0.10079820824987167, 0.13405393095270748, 0.06463395954039101, 0.15797641009842855, 0.0933984848235289, 0.04367425424696831, 0.11561496578668039, 0.1012263213499187, 0.1393950607188239], [0.141204617797338, 0.10109639896661889, 0.1704501211027113, 0.23009074405807103, 0.45926485471550965, 1.0, 0.345001110339249, 0.20946346459670406, 0.1221865404976963, 0.07232875003528007, 0.14739283474314277, 0.08116717857596212, 0.09705107883342454, 0.07486069236004655, 0.08941288215348372, 0.08013337086332414, 0.10278425188282443, 0.05226391434134811, 0.05438143743975661, 0.0968882904635336], [0.07310365878371322, 0.05566825117278117, 0.057036566000046515, 0.11997268695118113, 0.12475719864428529, 0.345001110339249, 1.0, 0.47140479834851484, 0.2810905956541744, 0.06830374525471022, 0.1565935142227574, 0.06767165266789456, 0.05873503569901394, 0.0599039233062788, 0.156986374844847, 0.06310696028069994, 0.06798399852020981, 0.09345295166080349, 0.13604536488335617, 0.20648282654602773], [0.15034158968300745, 0.10359408634612693, 0.1496901723788924, 0.20177343760065855, 0.1806356421133675, 0.20946346459670406, 0.47140479834851484, 1.0, 0.6257390294716234, 0.1665440382562567, 0.12619058329683933, 0.1301571078307017, 0.12709222870400635, 0.1399421604158664, 0.15551029544790704, 0.1313529883106894, 0.10506941737799973, 0.17701450357710224, 0.09317408221266872, 0.2251982367332669], [0.07237984664323711, 0.0960376580336652, 0.08260659584415565, 0.22342481154788132, 0.13027335961894934, 0.1221865404976963, 0.2810905956541744, 0.6257390294716234, 1.0, 0.33287765832721744, 0.17697320555092927, 0.13367394427898563, 0.14082688656487855, 0.1304460146821915, 0.1640017317650471, 0.09250728204043301, 0.17173008401911852, 0.1225799322175755, 0.2687560633089533, 0.15477530094001], [0.06290825556061455, 0.022315652267129553, 0.04788617527347191, 0.05119257974171211, 0.14835139210662876, 0.07232875003528007, 0.06830374525471022, 0.1665440382562567, 0.33287765832721744, 1.0, 0.4054087867963516, 0.1927028391439432, 0.10913039799861385, 0.05948193507424706, 0.07074817111303115, 0.09829451325770446, 0.058834183724355116, 0.08121907269277533, 0.09302122950986792, 0.10128374888493605], [0.08348726202646115, 0.08237300679344427, 0.045021465696642074, 0.11044089214055006, 0.09766832482293958, 0.14739283474314277, 0.1565935142227574, 0.12619058329683933, 0.17697320555092927, 0.4054087867963516, 1.0, 0.5425966499344653, 0.10923349649485115, 0.1381973110505117, 0.18814575111146353, 0.09309627293780315, 0.08864342491693976, 0.06330194214322761, 0.20929155444984215, 0.20151338591284218], [0.16372492980473619, 0.08459186955774783, 0.07867947514516144, 0.10366061841468055, 0.10079820824987167, 0.08116717857596212, 0.06767165266789456, 0.1301571078307017, 0.13367394427898563, 0.1927028391439432, 0.5425966499344653, 1.0, 0.43175618257834264, 0.25401098155727747, 0.07872109389922037, 0.10731983735219859, 0.10658805529619131, 0.10039291166265639, 0.12060367595817421, 0.19183063172854342], [0.07601426434858621, 0.08341336183824836, 0.09042189553132664, 0.09742321629565831, 0.13405393095270748, 0.09705107883342454, 0.05873503569901394, 0.12709222870400635, 0.14082688656487855, 0.10913039799861385, 0.10923349649485115, 0.43175618257834264, 1.0, 0.3934574656471465, 0.11843805574727956, 0.10221669802350786, 0.09705144439424077, 0.07670753319312903, 0.15600301624919208, 0.13560635048387423], [0.04902179167342954, 0.027144389059451747, 0.06543135976291133, 0.12454775471305145, 0.06463395954039101, 0.07486069236004655, 0.0599039233062788, 0.1399421604158664, 0.1304460146821915, 0.05948193507424706, 0.1381973110505117, 0.25401098155727747, 0.3934574656471465, 1.0, 0.2672219287159719, 0.12466371853593913, 0.09745085062415303, 0.11408557486259259, 0.08483953356205577, 0.11333227472438853], [0.07136615512155256, 0.14784292287640688, 0.0463160027640812, 0.13818167470390055, 0.15797641009842855, 0.08941288215348372, 0.156986374844847, 0.15551029544790704, 0.1640017317650471, 0.07074817111303115, 0.18814575111146353, 0.07872109389922037, 0.11843805574727956, 0.2672219287159719, 1.0, 0.33215618612083386, 0.12353960867997535, 0.15309981501519118, 0.19651479008021894, 0.4597022102965708], [0.06554469568634651, 0.03659318432136421, 0.032028801453822954, 0.0725704503976874, 0.0933984848235289, 0.08013337086332414, 0.06310696028069994, 0.1313529883106894, 0.09250728204043301, 0.09829451325770446, 0.09309627293780315, 0.10731983735219859, 0.10221669802350786, 0.12466371853593913, 0.33215618612083386, 1.0, 0.3315829591714919, 0.13615069468004723, 0.0807475009641839, 0.16859529311066293], [0.08187014857688278, 0.06623509522335062, 0.039507056654946374, 0.09515873947346938, 0.04367425424696831, 0.10278425188282443, 0.06798399852020981, 0.10506941737799973, 0.17173008401911852, 0.058834183724355116, 0.08864342491693976, 0.10658805529619131, 0.09705144439424077, 0.09745085062415303, 0.12353960867997535, 0.3315829591714919, 1.0, 0.42984413397249366, 0.0843824066587358, 0.12299579558159195], [0.07774205995699515, 0.06640889697500219, 0.083770559588634, 0.12383019159332068, 0.11561496578668039, 0.05226391434134811, 0.09345295166080349, 0.17701450357710224, 0.1225799322175755, 0.08121907269277533, 0.06330194214322761, 0.10039291166265639, 0.07670753319312903, 0.11408557486259259, 0.15309981501519118, 0.13615069468004723, 0.42984413397249366, 1.0, 0.4831765601632128, 0.44508385399539624], [0.10530813548837091, 0.05192764494769156, 0.12100091813702814, 0.12271657954041915, 0.1012263213499187, 0.05438143743975661, 0.13604536488335617, 0.09317408221266872, 0.2687560633089533, 0.09302122950986792, 0.20929155444984215, 0.12060367595817421, 0.15600301624919208, 0.08483953356205577, 0.19651479008021894, 0.0807475009641839, 0.0843824066587358, 0.4831765601632128, 1.0, 1.0], [0.08618175907257801, 0.07436844402887306, 0.0824729643980459, 0.19868243467035063, 0.1393950607188239, 0.0968882904635336, 0.20648282654602773, 0.2251982367332669, 0.15477530094001, 0.10128374888493605, 0.20151338591284218, 0.19183063172854342, 0.13560635048387423, 0.11333227472438853, 0.4597022102965708, 0.16859529311066293, 0.12299579558159195, 0.44508385399539624, 1.0, 1.0]], "meta_info": {"source": "pretrained"}}