{"model": "SING", "dataset": "dim20_cop_gau", "N": 50000, "seed": 12340, "metrics": {"TP": 19, "FP": 18, "FN": 0, "TN": 153, "TPR": 1.0, "FDR": 0.4864864864864865, "FPR": 0.10526315789473684, "Hamming": 18}, "omega": [[6.324154254320868, 3.2289908626402215, 0.0375415466527853, 0.0, 0.0, 0.0, 0.0, 0.0, 0.0, 0.0, 0.0, 0.0, 0.0, 0.0, 0.0, 0.0, 0.0, 0.0, 0.0, 0.0], [3.2289908626402215, 14.692967440466715, 3.417889064410175, 0.0, 0.0, 0.0, 0.0, 0.0, 0.0, 0.0, 0.0, 0.0, 0.0, 0.0, 0.0, 0.0, 0.0, 0.0, 0.0, 0.0], [0.0375415466527853, 3.417889064410175, 18.06642960384329, 4.530322615695435, 0.0, 0.0, 0.0, 0.0, 0.0, 0.0, 0.0, 0.0, 0.0, 0.0, 0.0, 0.0, 0.0, 0.0, 0.0, 0.0], [0.0, 0.0, 4.530322615695435, 18.425295093913643, 4.1855512933129875, 0.0, 0.0, 0.0, 0.0, 0.0, 0.0, 0.0, 0.0, 0.0, 0.0, 0.0, 0.0, 0.0, 0.0, 0.0], [0.0, 0.0, 0.0, 4.1855512933129875, 18.94977941957013, 4.799274606273414, 0.0, 0.0, 0.0, 0.0, 0.0, 0.0, 0.0, 0.0, 0.0, 0.0, 0.0, 0.0, 0.0, 0.0], [0.0, 0.0, 0.0, 0.0, 4.799274606273414, 17.833131879534278, 3.454192471253778, 0.0, 0.006954786396022692, 0.0, 0.0, 0.0, 0.0, 0.0, 0.0, 0.0, 0.0, 0.0, 0.0, 0.0], [0.0, 0.0, 0.0, 0.0, 0.0, 3.454192471253778, 16.843388986511656, 4.7238054691621745, 0.00816933264697189, 0.0, 0.0, 0.0, 0.0, 0.0, 0.0, 0.0, 0.0, 0.0, 0.0, 0.0], [0.0, 0.0, 0.0, 0.0, 0.0, 0.0, 4.7238054691621745, 19.244452839257576, 4.43609691589446, 0.0, 0.0, 0.0, 0.0, 0.0, 0.0, 0.0, 0.0, 0.0, 0.0, 0.0], [0.0, 0.0, 0.0, 0.0, 0.0, 0.006954786396022692, 0.00816933264697189, 4.43609691589446, 18.986323605897763, 4.639309474638741, 0.0, 0.0, 0.0, 0.0, 0.0, 0.0, 0.0, 0.0, 0.0, 0.0], [0.0, 0.0, 0.0, 0.0, 0.0, 0.0, 0.0, 0.0, 4.639309474638741, 18.801744146762957, 3.7237187347010416, 0.028830997081059944, 0.0, 0.0, 0.0, 0.0, 0.0, 0.0, 0.0, 0.0], [0.0, 0.0, 0.0, 0.0, 0.0, 0.0, 0.0, 0.0, 0.0, 3.7237187347010416, 16.08321165734943, 3.914804066189996, 0.04098513578087212, 0.016187033567566924, 0.0, 0.0, 0.0, 0.0, 0.0, 0.0], [0.0, 0.0, 0.0, 0.0, 0.0, 0.0, 0.0, 0.0, 0.0, 0.028830997081059944, 3.914804066189996, 17.838475820465852, 3.398684920024465, 0.0545453571812693, 0.0, 0.0, 0.0, 0.0, 0.0, 0.0], [0.0, 0.0, 0.0, 0.0, 0.0, 0.0, 0.0, 0.0, 0.0, 0.0, 0.04098513578087212, 3.398684920024465, 11.497328617652547, 1.6669318825007378, 0.07860471271399745, 0.022222274422021352, 0.018072234798184303, 0.005071176621294034, 0.0, 0.0], [0.0, 0.0, 0.0, 0.0, 0.0, 0.0, 0.0, 0.0, 0.0, 0.0, 0.016187033567566924, 0.0545453571812693, 1.6669318825007378, 13.35840208258942, 2.9325313289982184, 0.11007761986359206, 0.06342973560199766, 0.020918715545264317, 0.0, 0.0], [0.0, 0.0, 0.0, 0.0, 0.0, 0.0, 0.0, 0.0, 0.0, 0.0, 0.0, 0.0, 0.07860471271399745, 2.9325313289982184, 16.115974294613263, 3.086181136051708, 0.1228783656786161, 0.033119118600482535, 0.0, 0.0], [0.0, 0.0, 0.0, 0.0, 0.0, 0.0, 0.0, 0.0, 0.0, 0.0, 0.0, 0.0, 0.022222274422021352, 0.11007761986359206, 3.086181136051708, 15.139670251521789, 2.157579709251824, 0.16147672896293888, 0.0, 0.0], [0.0, 0.0, 0.0, 0.0, 0.0, 0.0, 0.0, 0.0, 0.0, 0.0, 0.0, 0.0, 0.018072234798184303, 0.06342973560199766, 0.1228783656786161, 2.157579709251824, 12.03904416098998, 2.0577186940200076, 0.03318553059186691, 0.0], [0.0, 0.0, 0.0, 0.0, 0.0, 0.0, 0.0, 0.0, 0.0, 0.0, 0.0, 0.0, 0.005071176621294034, 0.020918715545264317, 0.033119118600482535, 0.16147672896293888, 2.0577186940200076, 14.796076120333261, 3.8980645738576767, 0.0], [0.0, 0.0, 0.0, 0.0, 0.0, 0.0, 0.0, 0.0, 0.0, 0.0, 0.0, 0.0, 0.0, 0.0, 0.0, 0.0, 0.03318553059186691, 3.8980645738576767, 19.003943684479246, 4.526998706912347], [0.0, 0.0, 0.0, 0.0, 0.0, 0.0, 0.0, 0.0, 0.0, 0.0, 0.0, 0.0, 0.0, 0.0, 0.0, 0.0, 0.0, 0.0, 4.526998706912347, 7.212632396786327]], "meta_info": {"source": "pretrained", "p_order": 1}}