{"model": "LSING", "dataset": "0.1_dim20_pair_gau", "N": 50000, "seed": 1234560, "metrics": {"TP": 10, "FP": 0, "FN": 0, "TN": 180, "TPR": 1.0, "FDR": 0.0, "FPR": 0.0, "Hamming": 0}, "omega": [[1.0, 0.9126450854569386, 0.1001477213826108, 0.1327239286183112, 0.08619262879246944, 0.12450235092619354, 0.10227935225333076, 0.12516524401231796, 0.08154578851651108, 0.07880041829744124, 0.1624004213464427, 0.10224476343126226, 0.1576115081000284, 0.0984114063327578, 0.1067299906539889, 0.09496363381090678, 0.11306614890848486, 0.09657314143733581, 0.10022511033459962, 0.07490552659815602], [0.9126450854569386, 1.0, 0.11569157195743886, 0.13400276564516597, 0.1166414819753805, 0.09059202297230905, 0.12237924174072058, 0.13663882824865173, 0.09798169795788106, 0.12779579285266585, 0.15619925900135526, 0.10657602977286035, 0.1317176851031448, 0.09145891160141408, 0.13477114140191626, 0.09511625961279872, 0.11787207813915242, 0.1012332480647513, 0.11597347222660909, 0.11212729152087297], [0.1001477213826108, 0.11569157195743886, 1.0, 0.8135758342351014, 0.10194711150928677, 0.0877928912804583, 0.08389578814223245, 0.10176203072991817, 0.08897726175202927, 0.07633954091166605, 0.1153619785500008, 0.08535525568433378, 0.10542302339350942, 0.11502911705116645, 0.12194265029066843, 0.09010255782011366, 0.14845215705899525, 0.11472210359922756, 0.11262255342736065, 0.1058506047703545], [0.1327239286183112, 0.13400276564516597, 0.8135758342351014, 1.0, 0.10952745406734057, 0.12784288349363718, 0.09517477259834993, 0.12230643998405756, 0.10602496383646909, 0.09734608384973133, 0.13212736500728564, 0.13886991225265888, 0.14204743278640578, 0.10304542756585798, 0.12079115928330574, 0.08160915114886193, 0.11733601073394577, 0.11239087724154098, 0.13170410609210578, 0.10241732413423421], [0.08619262879246944, 0.1166414819753805, 0.10194711150928677, 0.10952745406734057, 1.0, 0.6482399867231505, 0.09903650184227242, 0.10568490432069069, 0.13980246395833787, 0.08393073526761743, 0.12127741568095979, 0.09870545239970109, 0.1274638214066559, 0.09433613744095298, 0.10005530194882314, 0.11870615805183778, 0.11625896009331771, 0.10973851069606147, 0.1108559058336892, 0.07803810859301727], [0.12450235092619354, 0.09059202297230905, 0.0877928912804583, 0.12784288349363718, 0.6482399867231505, 1.0, 0.1181006117538459, 0.09919774746344073, 0.08778613372555298, 0.08594437252006179, 0.11410274094277681, 0.10158531188272554, 0.15500781146873688, 0.07797043947430833, 0.10792580629200707, 0.09706449167576955, 0.10995447174406353, 0.08948656823564874, 0.08229614640903396, 0.08390162597588587], [0.10227935225333076, 0.12237924174072058, 0.08389578814223245, 0.09517477259834993, 0.09903650184227242, 0.1181006117538459, 1.0, 0.9292250807574596, 0.09858676956103325, 0.10057239753574954, 0.1322435830842859, 0.10478203017123885, 0.11887309088233539, 0.1126854162608178, 0.14316920972255365, 0.11271738056814765, 0.1032944780392474, 0.1166293726925951, 0.10415806662634194, 0.0959086279986336], [0.12516524401231796, 0.13663882824865173, 0.10176203072991817, 0.12230643998405756, 0.10568490432069069, 0.09919774746344073, 0.9292250807574596, 1.0, 0.08728817199216461, 0.10564449135808916, 0.12920911914347524, 0.14149846646180542, 0.12202982982372572, 0.09546239659183711, 0.13033477123268938, 0.11318346699948861, 0.11788186415584742, 0.1317348745335895, 0.1574429914319407, 0.10984514358879888], [0.08154578851651108, 0.09798169795788106, 0.08897726175202927, 0.10602496383646909, 0.13980246395833787, 0.08778613372555298, 0.09858676956103325, 0.08728817199216461, 1.0, 0.48968789362015613, 0.12763765556982276, 0.09117013738581535, 0.11103909239807253, 0.13601702365240068, 0.08816916681744313, 0.09750354788748929, 0.10564238261755134, 0.07915653071467317, 0.08820908910989789, 0.08140920192295228], [0.07880041829744124, 0.12779579285266585, 0.07633954091166605, 0.09734608384973133, 0.08393073526761743, 0.08594437252006179, 0.10057239753574954, 0.10564449135808916, 0.48968789362015613, 1.0, 0.10993282976731007, 0.13944237597182357, 0.133324974444073, 0.07467181470177388, 0.09415472870003175, 0.10022867054589724, 0.07258317110028605, 0.07371408362991111, 0.08670554569549457, 0.057086860757214954], [0.1624004213464427, 0.15619925900135526, 0.1153619785500008, 0.13212736500728564, 0.12127741568095979, 0.11410274094277681, 0.1322435830842859, 0.12920911914347524, 0.12763765556982276, 0.10993282976731007, 1.0, 0.947766149985677, 0.13855616634986873, 0.09075796533376616, 0.16056583077165482, 0.13852027668136455, 0.12218073713901055, 0.12120720648842119, 0.16911814752894863, 0.10070981028090432], [0.10224476343126226, 0.10657602977286035, 0.08535525568433378, 0.13886991225265888, 0.09870545239970109, 0.10158531188272554, 0.10478203017123885, 0.14149846646180542, 0.09117013738581535, 0.13944237597182357, 0.947766149985677, 1.0, 0.14376755800360147, 0.13512249774200444, 0.12794032830260263, 0.12497208429192783, 0.1273742683994002, 0.1420803875627761, 0.1316077065246623, 0.0896028182632632], [0.1576115081000284, 0.1317176851031448, 0.10542302339350942, 0.14204743278640578, 0.1274638214066559, 0.15500781146873688, 0.11887309088233539, 0.12202982982372572, 0.11103909239807253, 0.133324974444073, 0.13855616634986873, 0.14376755800360147, 1.0, 0.8807584820208416, 0.12741561249418726, 0.19862120319440416, 0.1071828860460348, 0.11968616098399128, 0.14362969110328758, 0.1158972243679849], [0.0984114063327578, 0.09145891160141408, 0.11502911705116645, 0.10304542756585798, 0.09433613744095298, 0.07797043947430833, 0.1126854162608178, 0.09546239659183711, 0.13601702365240068, 0.07467181470177388, 0.09075796533376616, 0.13512249774200444, 0.8807584820208416, 1.0, 0.1209493422098834, 0.08959167662765101, 0.10621849783548282, 0.08574028112523856, 0.11818481075103479, 0.0825883165184858], [0.1067299906539889, 0.13477114140191626, 0.12194265029066843, 0.12079115928330574, 0.10005530194882314, 0.10792580629200707, 0.14316920972255365, 0.13033477123268938, 0.08816916681744313, 0.09415472870003175, 0.16056583077165482, 0.12794032830260263, 0.12741561249418726, 0.1209493422098834, 1.0, 1.0, 0.11242699056434462, 0.09396553313799032, 0.12918174203147118, 0.11010322011070249], [0.09496363381090678, 0.09511625961279872, 0.09010255782011366, 0.08160915114886193, 0.11870615805183778, 0.09706449167576955, 0.11271738056814765, 0.11318346699948861, 0.09750354788748929, 0.10022867054589724, 0.13852027668136455, 0.12497208429192783, 0.19862120319440416, 0.08959167662765101, 1.0, 1.0, 0.11387011308509105, 0.10410343107604374, 0.09867095030072831, 0.09731546603257174], [0.11306614890848486, 0.11787207813915242, 0.14845215705899525, 0.11733601073394577, 0.11625896009331771, 0.10995447174406353, 0.1032944780392474, 0.11788186415584742, 0.10564238261755134, 0.07258317110028605, 0.12218073713901055, 0.1273742683994002, 0.1071828860460348, 0.10621849783548282, 0.11242699056434462, 0.11387011308509105, 1.0, 0.9373683977022579, 0.10070554715609409, 0.0853633483184757], [0.09657314143733581, 0.1012332480647513, 0.11472210359922756, 0.11239087724154098, 0.10973851069606147, 0.08948656823564874, 0.1166293726925951, 0.1317348745335895, 0.07915653071467317, 0.07371408362991111, 0.12120720648842119, 0.1420803875627761, 0.11968616098399128, 0.08574028112523856, 0.09396553313799032, 0.10410343107604374, 0.9373683977022579, 1.0, 0.10581830269938872, 0.09955908152390919], [0.10022511033459962, 0.11597347222660909, 0.11262255342736065, 0.13170410609210578, 0.1108559058336892, 0.08229614640903396, 0.10415806662634194, 0.1574429914319407, 0.08820908910989789, 0.08670554569549457, 0.16911814752894863, 0.1316077065246623, 0.14362969110328758, 0.11818481075103479, 0.12918174203147118, 0.09867095030072831, 0.10070554715609409, 0.10581830269938872, 1.0, 0.8197381035539489], [0.07490552659815602, 0.11212729152087297, 0.1058506047703545, 0.10241732413423421, 0.07803810859301727, 0.08390162597588587, 0.0959086279986336, 0.10984514358879888, 0.08140920192295228, 0.057086860757214954, 0.10070981028090432, 0.0896028182632632, 0.1158972243679849, 0.0825883165184858, 0.11010322011070249, 0.09731546603257174, 0.0853633483184757, 0.09955908152390919, 0.8197381035539489, 1.0]], "meta_info": {"source": "pretrained"}}