{"model": "LSING", "dataset": "0.1_dim20_pair_gau", "N": 300, "seed": 120, "metrics": {"TP": 5, "FP": 54, "FN": 5, "TN": 126, "TPR": 0.5, "FDR": 0.9152542372881356, "FPR": 0.3, "Hamming": 59}, "omega": [[1.0, 0.2379938931928704, 0.18760437351135054, 0.23617199057540303, 0.16820914455050806, 0.14735253668396986, 0.192143689497306, 0.17536636716421644, 0.1364365033020165, 0.1890038238008743, 0.19424258207654738, 0.19829860278260147, 0.20201711086666518, 0.23281191390770967, 0.30208438710702784, 0.2035201984124977, 0.3007935365159872, 0.18756505250055838, 0.24819835479526486, 0.48405960414669486], [0.2379938931928704, 1.0, 0.263169181791536, 0.25659350914892975, 0.14134561898134382, 0.1928260939302369, 0.2687339513039418, 0.19653770950241206, 0.1535678520001246, 0.3502931692703085, 0.2024205203947139, 0.15609617677149118, 0.184748053358308, 0.1772627771280616, 0.21548225886574196, 0.13441085770035255, 0.18739284785380242, 0.196858417207064, 0.29336804253128246, 0.6063315504369811], [0.18760437351135054, 0.263169181791536, 1.0, 0.1970928998791643, 0.08341871534692936, 0.10774586725486318, 0.11473023631906688, 0.15916229633438497, 0.12262314826449462, 0.1000044574627277, 0.1730972457638963, 0.08951732799950803, 0.11549681924511114, 0.13158316414164742, 0.12937273932265467, 0.09371866548457661, 0.14830884047135232, 0.14770388424533343, 0.11609140966568264, 0.5786634436942759], [0.23617199057540303, 0.25659350914892975, 0.1970928998791643, 1.0, 0.2067239269544485, 0.13548572350726412, 0.2090027735767333, 0.14613423009252888, 0.10131576512888472, 0.16650740125164357, 0.21033885601706553, 0.15747098747491242, 0.1597822438777523, 0.1627514315127407, 0.24886858814202437, 0.18539510091070008, 0.2157856708163609, 0.21808558182018087, 0.19709528334887594, 0.8072566661280219], [0.16820914455050806, 0.14134561898134382, 0.08341871534692936, 0.2067239269544485, 1.0, 0.08376115089458065, 0.10295517216754282, 0.1375292430519487, 0.08752849514993447, 0.07481186895039614, 0.12534603155038374, 0.09361308567965475, 0.11675573633357568, 0.1571151287915554, 0.20424897027453046, 0.08112586532013467, 0.15151170380963816, 0.15852807293054597, 0.1090916915556921, 0.47397938662251377], [0.14735253668396986, 0.1928260939302369, 0.10774586725486318, 0.13548572350726412, 0.08376115089458065, 1.0, 0.13571963215000982, 0.10350975939750943, 0.10718131354421763, 0.10145920591341415, 0.15995783862540702, 0.09652880747181898, 0.08983110575557438, 0.12314086866714177, 0.18951523819988653, 0.09437370785160346, 0.15737761827267546, 0.17036367222118545, 0.1680270274983022, 0.5097741517277052], [0.192143689497306, 0.2687339513039418, 0.11473023631906688, 0.2090027735767333, 0.10295517216754282, 0.13571963215000982, 1.0, 0.25139899272989324, 0.09311616760166343, 0.10417587886722744, 0.09652176729295876, 0.08613322113194728, 0.16416517430126817, 0.13990301249939768, 0.13561888583863926, 0.1351543005879924, 0.13777830939736302, 0.11589011670532574, 0.17426959672990286, 0.43617630494675536], [0.17536636716421644, 0.19653770950241206, 0.15916229633438497, 0.14613423009252888, 0.1375292430519487, 0.10350975939750943, 0.25139899272989324, 1.0, 0.11772724357958982, 0.1162276002098851, 0.1543592804141051, 0.17398664185440033, 0.10780854460497596, 0.18033707868907536, 0.25350913295677896, 0.11181627197184707, 0.21017210048954554, 0.14613054049805382, 0.2600700389022189, 0.6403253525172502], [0.1364365033020165, 0.1535678520001246, 0.12262314826449462, 0.10131576512888472, 0.08752849514993447, 0.10718131354421763, 0.09311616760166343, 0.11772724357958982, 1.0, 0.16162900446205497, 0.12559736905541855, 0.07860748831109848, 0.1143966587098988, 0.12241086139410666, 0.14015660452552098, 0.16065056726745522, 0.1100468493641818, 0.23185820989095504, 0.10182957131687459, 0.6726615158874021], [0.1890038238008743, 0.3502931692703085, 0.1000044574627277, 0.16650740125164357, 0.07481186895039614, 0.10145920591341415, 0.10417587886722744, 0.1162276002098851, 0.16162900446205497, 1.0, 0.10563069803167498, 0.11388265909897424, 0.09196072138418743, 0.14723788055983203, 0.15173475165060893, 0.11076088572629589, 0.2234694904895482, 0.15845359886123225, 0.21369475641322233, 0.5218598239949461], [0.19424258207654738, 0.2024205203947139, 0.1730972457638963, 0.21033885601706553, 0.12534603155038374, 0.15995783862540702, 0.09652176729295876, 0.1543592804141051, 0.12559736905541855, 0.10563069803167498, 1.0, 0.11894705179854545, 0.1622463938311245, 0.12592611733066833, 0.14098936721266786, 0.12865185412479857, 0.11557370590156751, 0.19752201593918123, 0.23098860533428675, 0.6298448618283058], [0.19829860278260147, 0.15609617677149118, 0.08951732799950803, 0.15747098747491242, 0.09361308567965475, 0.09652880747181898, 0.08613322113194728, 0.17398664185440033, 0.07860748831109848, 0.11388265909897424, 0.11894705179854545, 1.0, 0.10373629717057105, 0.09306690922762337, 0.12267504800549257, 0.14144653999730056, 0.21485377991508225, 0.1255124043916673, 0.12150607050185273, 0.5795533763774375], [0.20201711086666518, 0.184748053358308, 0.11549681924511114, 0.1597822438777523, 0.11675573633357568, 0.08983110575557438, 0.16416517430126817, 0.10780854460497596, 0.1143966587098988, 0.09196072138418743, 0.1622463938311245, 0.10373629717057105, 1.0, 0.16834005236079472, 0.23552716010740238, 0.12645699465250893, 0.13289409328120105, 0.12671684692630408, 0.12166979781654541, 1.0], [0.23281191390770967, 0.1772627771280616, 0.13158316414164742, 0.1627514315127407, 0.1571151287915554, 0.12314086866714177, 0.13990301249939768, 0.18033707868907536, 0.12241086139410666, 0.14723788055983203, 0.12592611733066833, 0.09306690922762337, 0.16834005236079472, 1.0, 0.17427652667848845, 0.1670010706562583, 0.21656364697720468, 0.1349820585045394, 0.1393803379738421, 0.6932666988966124], [0.30208438710702784, 0.21548225886574196, 0.12937273932265467, 0.24886858814202437, 0.20424897027453046, 0.18951523819988653, 0.13561888583863926, 0.25350913295677896, 0.14015660452552098, 0.15173475165060893, 0.14098936721266786, 0.12267504800549257, 0.23552716010740238, 0.17427652667848845, 1.0, 0.24800179549726714, 0.4057656689714805, 0.20754146122516565, 0.24027714070687406, 0.5372209451964025], [0.2035201984124977, 0.13441085770035255, 0.09371866548457661, 0.18539510091070008, 0.08112586532013467, 0.09437370785160346, 0.1351543005879924, 0.11181627197184707, 0.16065056726745522, 0.11076088572629589, 0.12865185412479857, 0.14144653999730056, 0.12645699465250893, 0.1670010706562583, 0.24800179549726714, 1.0, 0.09539978116337149, 0.12632770077982802, 0.15625770364032446, 0.30885079972105833], [0.3007935365159872, 0.18739284785380242, 0.14830884047135232, 0.2157856708163609, 0.15151170380963816, 0.15737761827267546, 0.13777830939736302, 0.21017210048954554, 0.1100468493641818, 0.2234694904895482, 0.11557370590156751, 0.21485377991508225, 0.13289409328120105, 0.21656364697720468, 0.4057656689714805, 0.09539978116337149, 1.0, 0.311353638421006, 0.2388431488248804, 0.40942953195676324], [0.18756505250055838, 0.196858417207064, 0.14770388424533343, 0.21808558182018087, 0.15852807293054597, 0.17036367222118545, 0.11589011670532574, 0.14613054049805382, 0.23185820989095504, 0.15845359886123225, 0.19752201593918123, 0.1255124043916673, 0.12671684692630408, 0.1349820585045394, 0.20754146122516565, 0.12632770077982802, 0.311353638421006, 1.0, 0.26797805863471924, 0.5489162109483671], [0.24819835479526486, 0.29336804253128246, 0.11609140966568264, 0.19709528334887594, 0.1090916915556921, 0.1680270274983022, 0.17426959672990286, 0.2600700389022189, 0.10182957131687459, 0.21369475641322233, 0.23098860533428675, 0.12150607050185273, 0.12166979781654541, 0.1393803379738421, 0.24027714070687406, 0.15625770364032446, 0.2388431488248804, 0.26797805863471924, 1.0, 0.7825651012514572], [0.48405960414669486, 0.6063315504369811, 0.5786634436942759, 0.8072566661280219, 0.47397938662251377, 0.5097741517277052, 0.43617630494675536, 0.6403253525172502, 0.6726615158874021, 0.5218598239949461, 0.6298448618283058, 0.5795533763774375, 1.0, 0.6932666988966124, 0.5372209451964025, 0.30885079972105833, 0.40942953195676324, 0.5489162109483671, 0.7825651012514572, 1.0]], "meta_info": {"source": "pretrained"}}