{"model": "LSING", "dataset": "0.1_dim20_pair_gau", "N": 300, "seed": 123450, "metrics": {"TP": 9, "FP": 140, "FN": 1, "TN": 40, "TPR": 0.9, "FDR": 0.9395973154362416, "FPR": 0.7777777777777778, "Hamming": 141}, "omega": [[1.0, 0.2805163388361611, 0.2199952215415073, 0.2769021092769944, 0.27621224295513036, 0.20298426874793654, 0.16145255849544787, 0.5270735568251861, 0.25524735229784923, 0.1253957689755266, 0.31120337793017944, 0.4194478764559362, 0.5353357346345095, 0.2588631876048422, 0.19320700610504088, 0.4546271433166867, 0.27577332413873895, 0.5196476277799463, 0.28261847272309376, 0.17087794003008652], [0.2805163388361611, 1.0, 0.20052024253264575, 0.15467094811738605, 0.3252670979318302, 0.16699559381561294, 0.23889520386963486, 0.37336332145627543, 0.2887436719176556, 0.22057513736894735, 0.3742742251423721, 0.6396260544343819, 0.31016405147370407, 0.3891309498839557, 0.19728787215846091, 0.3392735544956165, 0.18004448119109137, 0.6754468299036145, 0.4408401368971663, 0.2616917494564513], [0.2199952215415073, 0.20052024253264575, 1.0, 0.10902815287257848, 0.2530245402858229, 0.17226153264455069, 0.09705906606272596, 0.25955619439889716, 0.40685442239564656, 0.1479382204087263, 0.3891827290753982, 0.25980657680465397, 0.32027194376997203, 0.2716563843428075, 0.21798752415461609, 0.37221155559624547, 0.19814576146247956, 0.7450464563226772, 0.41472696549493726, 0.13654115964612926], [0.2769021092769944, 0.15467094811738605, 0.10902815287257848, 1.0, 0.15940435303166364, 0.17727660425540714, 0.13670379719711281, 0.24075092648870394, 0.1890478104374671, 0.13615783058429098, 0.2605264891387279, 0.36519640154876604, 0.4823481623692182, 0.3146480528708035, 0.12945217825436264, 0.3514633853119257, 0.16165424659837455, 0.5944431453670044, 0.37267055861237103, 0.13093401175602568], [0.27621224295513036, 0.3252670979318302, 0.2530245402858229, 0.15940435303166364, 1.0, 0.2520558605577481, 0.23061558825651396, 0.27585285188780917, 0.41470413917199217, 0.2252221530501742, 0.33111245233600056, 0.3434545018702824, 0.6319166861940013, 0.5726875165446066, 0.3138930425948203, 0.6586870469498307, 0.17190671795853424, 0.6023118346715121, 0.4685020891335055, 0.3189073854432018], [0.20298426874793654, 0.16699559381561294, 0.17226153264455069, 0.17727660425540714, 0.2520558605577481, 1.0, 0.125384476245141, 0.3817037856480804, 0.15690803275720624, 0.11308656316024414, 0.3577658281867366, 0.3590931578677512, 0.685893958044008, 0.18856707424210895, 0.19030948356024877, 0.5502692944095778, 0.12156383089089001, 0.4195563941292229, 0.25859289701401683, 0.11076453754839338], [0.16145255849544787, 0.23889520386963486, 0.09705906606272596, 0.13670379719711281, 0.23061558825651396, 0.125384476245141, 1.0, 0.3614730305450416, 0.15027829524373912, 0.12835369234239735, 0.3304746987070506, 0.3175585634451285, 0.7574519328960948, 0.13427081441047012, 0.1005729240308475, 0.4064964487095797, 0.17853644929604817, 0.8540908581280664, 0.3798158894009317, 0.20463334088570062], [0.5270735568251861, 0.37336332145627543, 0.25955619439889716, 0.24075092648870394, 0.27585285188780917, 0.3817037856480804, 0.3614730305450416, 1.0, 0.32669562060566265, 0.29385878779403884, 0.7243342424377585, 0.32675683665356076, 0.6916147589124655, 0.6240074641087878, 0.1993325449770275, 0.8082139633780552, 0.4399368605132442, 0.8030049668374165, 0.7620931555332409, 0.42471253068661297], [0.25524735229784923, 0.2887436719176556, 0.40685442239564656, 0.1890478104374671, 0.41470413917199217, 0.15690803275720624, 0.15027829524373912, 0.32669562060566265, 1.0, 0.2811799511810664, 0.3788388474322542, 0.5353295092737063, 0.5360904484647402, 0.28172231721318564, 0.2597114794776226, 0.5643360715080515, 0.25201399377115596, 0.7975180647556843, 0.4656061723365396, 0.3273204109088924], [0.1253957689755266, 0.22057513736894735, 0.1479382204087263, 0.13615783058429098, 0.2252221530501742, 0.11308656316024414, 0.12835369234239735, 0.29385878779403884, 0.2811799511810664, 1.0, 0.2823283140908954, 0.31131523061818217, 0.5084540584986038, 0.2795894239914511, 0.21126724099160957, 0.5178807122795971, 0.13971934220713225, 0.6392590175370266, 0.30580141373250114, 0.15714431854983482], [0.31120337793017944, 0.3742742251423721, 0.3891827290753982, 0.2605264891387279, 0.33111245233600056, 0.3577658281867366, 0.3304746987070506, 0.7243342424377585, 0.3788388474322542, 0.2823283140908954, 1.0, 0.5118514379897925, 0.395210829934099, 0.30452455394085537, 0.2700987718956531, 0.5479185845831929, 0.43854698077844506, 0.6582470226378205, 0.332864854346382, 0.4679792329374749], [0.4194478764559362, 0.6396260544343819, 0.25980657680465397, 0.36519640154876604, 0.3434545018702824, 0.3590931578677512, 0.3175585634451285, 0.32675683665356076, 0.5353295092737063, 0.31131523061818217, 0.5118514379897925, 1.0, 0.7444571036387815, 0.3918636856460584, 0.3697800766542016, 0.5456966742603305, 0.44442007138833683, 0.6831441550352985, 0.7237030106153642, 0.3343144987800825], [0.5353357346345095, 0.31016405147370407, 0.32027194376997203, 0.4823481623692182, 0.6319166861940013, 0.685893958044008, 0.7574519328960948, 0.6916147589124655, 0.5360904484647402, 0.5084540584986038, 0.395210829934099, 0.7444571036387815, 1.0, 1.0, 0.4561206308419962, 0.7987831346527138, 0.4037996662589014, 0.6450199219574442, 0.8621543678755671, 0.4789479542914741], [0.2588631876048422, 0.3891309498839557, 0.2716563843428075, 0.3146480528708035, 0.5726875165446066, 0.18856707424210895, 0.13427081441047012, 0.6240074641087878, 0.28172231721318564, 0.2795894239914511, 0.30452455394085537, 0.3918636856460584, 1.0, 1.0, 0.2187428679320709, 0.6142852662644251, 0.1417389777115161, 0.6870305464991036, 0.40255902843264324, 0.20668082376296307], [0.19320700610504088, 0.19728787215846091, 0.21798752415461609, 0.12945217825436264, 0.3138930425948203, 0.19030948356024877, 0.1005729240308475, 0.1993325449770275, 0.2597114794776226, 0.21126724099160957, 0.2700987718956531, 0.3697800766542016, 0.4561206308419962, 0.2187428679320709, 1.0, 0.4089525233851541, 0.18311639412576436, 0.5645707639047602, 0.2706744880749323, 0.16280191780144762], [0.4546271433166867, 0.3392735544956165, 0.37221155559624547, 0.3514633853119257, 0.6586870469498307, 0.5502692944095778, 0.4064964487095797, 0.8082139633780552, 0.5643360715080515, 0.5178807122795971, 0.5479185845831929, 0.5456966742603305, 0.7987831346527138, 0.6142852662644251, 0.4089525233851541, 1.0, 0.47191438355161847, 0.7263455033496332, 0.7198861480324346, 0.31318105400867347], [0.27577332413873895, 0.18004448119109137, 0.19814576146247956, 0.16165424659837455, 0.17190671795853424, 0.12156383089089001, 0.17853644929604817, 0.4399368605132442, 0.25201399377115596, 0.13971934220713225, 0.43854698077844506, 0.44442007138833683, 0.4037996662589014, 0.1417389777115161, 0.18311639412576436, 0.47191438355161847, 1.0, 0.6902331487789715, 0.4059605890441333, 0.28607283155830054], [0.5196476277799463, 0.6754468299036145, 0.7450464563226772, 0.5944431453670044, 0.6023118346715121, 0.4195563941292229, 0.8540908581280664, 0.8030049668374165, 0.7975180647556843, 0.6392590175370266, 0.6582470226378205, 0.6831441550352985, 0.6450199219574442, 0.6870305464991036, 0.5645707639047602, 0.7263455033496332, 0.6902331487789715, 1.0, 0.6973899915442555, 0.6558997095856833], [0.28261847272309376, 0.4408401368971663, 0.41472696549493726, 0.37267055861237103, 0.4685020891335055, 0.25859289701401683, 0.3798158894009317, 0.7620931555332409, 0.4656061723365396, 0.30580141373250114, 0.332864854346382, 0.7237030106153642, 0.8621543678755671, 0.40255902843264324, 0.2706744880749323, 0.7198861480324346, 0.4059605890441333, 0.6973899915442555, 1.0, 0.28122777776247515], [0.17087794003008652, 0.2616917494564513, 0.13654115964612926, 0.13093401175602568, 0.3189073854432018, 0.11076453754839338, 0.20463334088570062, 0.42471253068661297, 0.3273204109088924, 0.15714431854983482, 0.4679792329374749, 0.3343144987800825, 0.4789479542914741, 0.20668082376296307, 0.16280191780144762, 0.31318105400867347, 0.28607283155830054, 0.6558997095856833, 0.28122777776247515, 1.0]], "meta_info": {"source": "pretrained"}}