{"model": "LSING", "dataset": "0.1_dim20_pair_gau", "N": 300, "seed": 1234560, "metrics": {"TP": 10, "FP": 177, "FN": 0, "TN": 3, "TPR": 1.0, "FDR": 0.946524064171123, "FPR": 0.9833333333333333, "Hamming": 177}, "omega": [[1.0, 0.43105618698648945, 0.4547708093709244, 0.3631511200257439, 0.34501577644004955, 0.5838461438846533, 0.48250371648587737, 0.5070391357512841, 0.4282125602922709, 0.5065352876659068, 0.5158811396516694, 0.630750903146568, 0.588646538143155, 0.3661610710879299, 0.27072924622886435, 0.36460276450949486, 0.2433385003136988, 0.319461811045118, 0.4863316519397226, 0.3260322985772654], [0.43105618698648945, 1.0, 0.4215172482344567, 0.5363888117225154, 0.34203991274833156, 0.520707946309804, 0.3349584646578343, 0.35514172546144324, 0.21676502004292383, 0.3330021595917936, 0.6031352830859242, 0.2974724946045205, 0.5847828778250642, 0.23454062124563926, 0.3265584340779505, 0.3088912887131029, 0.2803613346269284, 0.25512999300602657, 0.366101021316119, 0.2553740795784976], [0.4547708093709244, 0.4215172482344567, 1.0, 0.4668906508155269, 0.4940536850959966, 0.4828026528499192, 0.34529896286394113, 0.3546616272858163, 0.34962293393285104, 0.420188140785065, 0.7333664132076299, 0.29135303035848464, 0.31361119577745605, 0.24212041744241372, 0.29122678083823283, 0.3039037326658159, 0.22358957535961363, 0.33613383519142626, 0.4514259720813061, 0.2643978327882354], [0.3631511200257439, 0.5363888117225154, 0.4668906508155269, 1.0, 0.29957318662189086, 0.4138836272422165, 0.3453044878429462, 0.5738059570373633, 0.2839458897556189, 0.32329478397982087, 0.784283869721295, 0.4491832181037712, 0.4427654174914135, 0.3617037630257005, 0.3727561210267401, 0.6173751789743199, 0.3993022201515634, 0.37533076124310727, 0.27546754072334523, 0.2962694241761881], [0.34501577644004955, 0.34203991274833156, 0.4940536850959966, 0.29957318662189086, 1.0, 0.668663621578238, 0.3987209348604475, 0.5785152016422338, 0.2356861918924708, 0.3100571967826522, 0.6362089449060093, 0.3956632839795209, 0.3680524764005897, 0.3111903174767936, 0.2586321421978596, 0.2772292340289107, 0.30992847227180537, 0.2562398512885651, 0.3119038272654564, 0.36057102983008665], [0.5838461438846533, 0.520707946309804, 0.4828026528499192, 0.4138836272422165, 0.668663621578238, 1.0, 0.44061392566708246, 0.4248199981840069, 0.48841931900658775, 0.8847530879382658, 0.7792334889127421, 0.46626094070842533, 0.6809189250080849, 0.5179513567848442, 0.4370102018612329, 0.9106584144980249, 0.34952920303902846, 0.4179366743406375, 0.48683643752153744, 0.7015856464745434], [0.48250371648587737, 0.3349584646578343, 0.34529896286394113, 0.3453044878429462, 0.3987209348604475, 0.44061392566708246, 1.0, 0.26752985838653814, 0.33179131419300606, 0.362398122887133, 0.9048132617096055, 0.5506603699905941, 0.3419477880984052, 0.4001660668689459, 0.25655433759351715, 0.2830506119076748, 0.31699152043222234, 0.3749155503209088, 0.6089872108485987, 0.31723894449201095], [0.5070391357512841, 0.35514172546144324, 0.3546616272858163, 0.5738059570373633, 0.5785152016422338, 0.4248199981840069, 0.26752985838653814, 1.0, 0.42518991552832097, 0.46691480072375724, 0.521540218147171, 0.2601250865246712, 0.5742120179943316, 0.22911326061960965, 0.26637357528041394, 0.2647268440379927, 0.34115081612689874, 0.2885503410087042, 0.5493914373125383, 0.3252530140385467], [0.4282125602922709, 0.21676502004292383, 0.34962293393285104, 0.2839458897556189, 0.2356861918924708, 0.48841931900658775, 0.33179131419300606, 0.42518991552832097, 1.0, 0.39261330806942935, 0.4253875335273726, 0.31630026680898615, 0.46009202665029875, 0.27514838568613437, 0.281611817375094, 0.3141213938387034, 0.22267889757018924, 0.168161229737327, 0.4108587512367453, 0.31285894863599517], [0.5065352876659068, 0.3330021595917936, 0.420188140785065, 0.32329478397982087, 0.3100571967826522, 0.8847530879382658, 0.362398122887133, 0.46691480072375724, 0.39261330806942935, 1.0, 1.0, 0.3417503638486174, 0.5938622433234754, 0.32791277893144005, 0.26680284864917514, 0.24461162672581843, 0.2707558461277847, 0.19836939619629446, 0.5716225778342042, 0.3141215813379909], [0.5158811396516694, 0.6031352830859242, 0.7333664132076299, 0.784283869721295, 0.6362089449060093, 0.7792334889127421, 0.9048132617096055, 0.521540218147171, 0.4253875335273726, 1.0, 1.0, 0.6733836161422586, 0.6053820245483067, 0.4577320606181697, 0.48451678383622143, 0.3953411852034962, 0.6385594734740008, 0.6172456732164417, 0.5829104849401572, 0.8059047125620923], [0.630750903146568, 0.2974724946045205, 0.29135303035848464, 0.4491832181037712, 0.3956632839795209, 0.46626094070842533, 0.5506603699905941, 0.2601250865246712, 0.31630026680898615, 0.3417503638486174, 0.6733836161422586, 1.0, 0.3658855221350159, 0.22398092387248927, 0.3115093412645032, 0.33311280917132513, 0.404642362359023, 0.34634097140430864, 0.32324565916649517, 0.33904641162363586], [0.588646538143155, 0.5847828778250642, 0.31361119577745605, 0.4427654174914135, 0.3680524764005897, 0.6809189250080849, 0.3419477880984052, 0.5742120179943316, 0.46009202665029875, 0.5938622433234754, 0.6053820245483067, 0.3658855221350159, 1.0, 0.779259201315035, 0.2788299341962501, 0.2400641065063953, 0.3880487254148434, 0.5178493321725377, 0.38980851872762884, 0.41286295612076673], [0.3661610710879299, 0.23454062124563926, 0.24212041744241372, 0.3617037630257005, 0.3111903174767936, 0.5179513567848442, 0.4001660668689459, 0.22911326061960965, 0.27514838568613437, 0.32791277893144005, 0.4577320606181697, 0.22398092387248927, 0.779259201315035, 1.0, 0.26907401501874295, 0.31388061975364495, 0.2411824460067052, 0.2608495462717242, 0.40537580957192365, 0.24703192377868963], [0.27072924622886435, 0.3265584340779505, 0.29122678083823283, 0.3727561210267401, 0.2586321421978596, 0.4370102018612329, 0.25655433759351715, 0.26637357528041394, 0.281611817375094, 0.26680284864917514, 0.48451678383622143, 0.3115093412645032, 0.2788299341962501, 0.26907401501874295, 1.0, 0.3291756366325808, 0.24886559806072736, 0.2581612939870829, 0.5124352152461821, 0.24656478805380538], [0.36460276450949486, 0.3088912887131029, 0.3039037326658159, 0.6173751789743199, 0.2772292340289107, 0.9106584144980249, 0.2830506119076748, 0.2647268440379927, 0.3141213938387034, 0.24461162672581843, 0.3953411852034962, 0.33311280917132513, 0.2400641065063953, 0.31388061975364495, 0.3291756366325808, 1.0, 0.247819195787056, 0.1898294223981949, 0.31766536162162584, 0.30197675248834055], [0.2433385003136988, 0.2803613346269284, 0.22358957535961363, 0.3993022201515634, 0.30992847227180537, 0.34952920303902846, 0.31699152043222234, 0.34115081612689874, 0.22267889757018924, 0.2707558461277847, 0.6385594734740008, 0.404642362359023, 0.3880487254148434, 0.2411824460067052, 0.24886559806072736, 0.247819195787056, 1.0, 0.23005378829560447, 0.3584634128390312, 0.32429738016995535], [0.319461811045118, 0.25512999300602657, 0.33613383519142626, 0.37533076124310727, 0.2562398512885651, 0.4179366743406375, 0.3749155503209088, 0.2885503410087042, 0.168161229737327, 0.19836939619629446, 0.6172456732164417, 0.34634097140430864, 0.5178493321725377, 0.2608495462717242, 0.2581612939870829, 0.1898294223981949, 0.23005378829560447, 1.0, 0.31571841902000775, 0.26039262300803256], [0.4863316519397226, 0.366101021316119, 0.4514259720813061, 0.27546754072334523, 0.3119038272654564, 0.48683643752153744, 0.6089872108485987, 0.5493914373125383, 0.4108587512367453, 0.5716225778342042, 0.5829104849401572, 0.32324565916649517, 0.38980851872762884, 0.40537580957192365, 0.5124352152461821, 0.31766536162162584, 0.3584634128390312, 0.31571841902000775, 1.0, 0.41715795229978125], [0.3260322985772654, 0.2553740795784976, 0.2643978327882354, 0.2962694241761881, 0.36057102983008665, 0.7015856464745434, 0.31723894449201095, 0.3252530140385467, 0.31285894863599517, 0.3141215813379909, 0.8059047125620923, 0.33904641162363586, 0.41286295612076673, 0.24703192377868963, 0.24656478805380538, 0.30197675248834055, 0.32429738016995535, 0.26039262300803256, 0.41715795229978125, 1.0]], "meta_info": {"source": "pretrained"}}