{"model": "LSING", "dataset": "0.3_dim20_pair_gau", "N": 300, "seed": 120, "metrics": {"TP": 8, "FP": 108, "FN": 2, "TN": 72, "TPR": 0.8, "FDR": 0.9310344827586207, "FPR": 0.6, "Hamming": 110}, "omega": [[1.0, 0.8569110178557903, 0.22797868912116845, 0.21632172688024887, 0.2505699817111174, 0.1840838624603488, 0.2911777922821803, 0.2788244276010313, 0.2748747632600227, 0.2130349721851256, 0.20685688002759367, 0.1396978602852369, 0.23802871285494412, 0.24430595499655156, 0.47074099310797485, 0.17698618826752213, 0.24272169783030628, 0.19448739886748762, 0.24867481919676018, 0.30611544143460095], [0.8569110178557903, 1.0, 0.4757291826128106, 0.377388656299087, 0.45203741861606644, 0.3584136899002959, 0.38706783389569177, 0.37971591699799934, 0.2982396982618045, 0.5662054585472934, 0.4914849883975921, 0.3215398545312297, 0.30528385511730216, 0.5074024817612108, 0.5267964723277271, 0.391701499429894, 0.38300313020502064, 0.4226106735022135, 0.3829368388119163, 0.46319543849395417], [0.22797868912116845, 0.4757291826128106, 1.0, 0.3611002139545071, 0.1385049773052037, 0.1647012339900715, 0.14520468031119227, 0.3543638514224676, 0.1080330350366339, 0.11787657415062128, 0.26247489604506835, 0.12330310531510935, 0.11122080686884075, 0.2308741446203433, 0.30837945748769385, 0.14196885471801116, 0.19651273162414154, 0.1239375229459494, 0.25783652112230615, 0.24322593664853376], [0.21632172688024887, 0.377388656299087, 0.3611002139545071, 1.0, 0.15566367094704237, 0.10595626324424473, 0.18055413502570333, 0.23012463621794566, 0.15472711111604762, 0.12216777843374975, 0.16565956028074777, 0.10670557881453574, 0.12565808670064044, 0.3383235711436574, 0.37636749459517316, 0.13391614737837382, 0.15713926079346008, 0.17475361241812712, 0.17122758307477118, 0.22701510279913886], [0.2505699817111174, 0.45203741861606644, 0.1385049773052037, 0.15566367094704237, 1.0, 0.17670691381263579, 0.3879585039704645, 0.28298756136924647, 0.11340046958817421, 0.2687184268492775, 0.23560564459513803, 0.2010034914266931, 0.23425294879285988, 0.41956325773269176, 0.37790266099222625, 0.1858569708215198, 0.30537043244802486, 0.11032220496674829, 0.2536446767959915, 0.2674350606170727], [0.1840838624603488, 0.3584136899002959, 0.1647012339900715, 0.10595626324424473, 0.17670691381263579, 1.0, 0.13268069778208968, 0.16631726131717492, 0.13104073784797346, 0.09082864661325886, 0.10672802018659051, 0.06662947920915936, 0.08387658208673375, 0.31428733187161456, 0.3095262943032408, 0.07885751587646726, 0.13373057647183992, 0.08720410791693725, 0.1131333199876375, 0.3492243658467634], [0.2911777922821803, 0.38706783389569177, 0.14520468031119227, 0.18055413502570333, 0.3879585039704645, 0.13268069778208968, 1.0, 1.0, 0.15467563779904897, 0.1444072252767685, 0.1320420078487981, 0.2030631675815393, 0.17523025481931573, 0.31970354866097644, 0.4014745348405365, 0.16098631274278954, 0.21893338922550518, 0.14465944967225142, 0.2124172152482991, 0.20921249990165564], [0.2788244276010313, 0.37971591699799934, 0.3543638514224676, 0.23012463621794566, 0.28298756136924647, 0.16631726131717492, 1.0, 1.0, 0.25652314592915054, 0.17567660543913038, 0.2995417606380374, 0.3276330705657353, 0.2186052104057964, 0.5370897987581852, 0.7320469494929176, 0.23338222184307145, 0.36038232144728227, 0.22330117785107453, 0.27915570458992006, 0.374922162248866], [0.2748747632600227, 0.2982396982618045, 0.1080330350366339, 0.15472711111604762, 0.11340046958817421, 0.13104073784797346, 0.15467563779904897, 0.25652314592915054, 1.0, 0.20313002247291082, 0.14003632134138744, 0.0852227044567545, 0.11882061158219566, 0.26548082291555736, 0.4035981648348388, 0.3213249495761182, 0.10892695754627195, 0.1896894746596929, 0.15316677798649925, 0.4114340988905092], [0.2130349721851256, 0.5662054585472934, 0.11787657415062128, 0.12216777843374975, 0.2687184268492775, 0.09082864661325886, 0.1444072252767685, 0.17567660543913038, 0.20313002247291082, 1.0, 0.1391335199845282, 0.08871654583635459, 0.10508242955496047, 0.3320035674111134, 0.21131694095876843, 0.09150087004989484, 0.18737786335752374, 0.10764436264249372, 0.22055456731243483, 0.1956954320233657], [0.20685688002759367, 0.4914849883975921, 0.26247489604506835, 0.16565956028074777, 0.23560564459513803, 0.10672802018659051, 0.1320420078487981, 0.2995417606380374, 0.14003632134138744, 0.1391335199845282, 1.0, 0.18852794832277806, 0.20582742654309436, 0.2023486710619703, 0.32795016368189134, 0.21588623485061692, 0.23951581692070711, 0.16692447890808418, 0.21623520525657924, 0.247477460369274], [0.1396978602852369, 0.3215398545312297, 0.12330310531510935, 0.10670557881453574, 0.2010034914266931, 0.06662947920915936, 0.2030631675815393, 0.3276330705657353, 0.0852227044567545, 0.08871654583635459, 0.18852794832277806, 1.0, 0.13369818710566156, 0.15778984203999433, 0.3061527115956562, 0.10749102683645285, 0.20768535103508076, 0.08992031097493908, 0.11952177911803805, 0.3781912963746004], [0.23802871285494412, 0.30528385511730216, 0.11122080686884075, 0.12565808670064044, 0.23425294879285988, 0.08387658208673375, 0.17523025481931573, 0.2186052104057964, 0.11882061158219566, 0.10508242955496047, 0.20582742654309436, 0.13369818710566156, 1.0, 0.6229327219749943, 0.4918597083175275, 0.155675622252496, 0.20132181009801578, 0.11164965690368853, 0.16606571611922316, 0.35462371196937337], [0.24430595499655156, 0.5074024817612108, 0.2308741446203433, 0.3383235711436574, 0.41956325773269176, 0.31428733187161456, 0.31970354866097644, 0.5370897987581852, 0.26548082291555736, 0.3320035674111134, 0.2023486710619703, 0.15778984203999433, 0.6229327219749943, 1.0, 0.326931838752524, 0.3264358660039344, 0.21943247299874855, 0.2528302611064994, 0.26032402958699286, 0.32678869733718746], [0.47074099310797485, 0.5267964723277271, 0.30837945748769385, 0.37636749459517316, 0.37790266099222625, 0.3095262943032408, 0.4014745348405365, 0.7320469494929176, 0.4035981648348388, 0.21131694095876843, 0.32795016368189134, 0.3061527115956562, 0.4918597083175275, 0.326931838752524, 1.0, 0.6885873320413068, 0.7292741009323013, 0.272568688381893, 0.607881079051445, 0.42108940815747004], [0.17698618826752213, 0.391701499429894, 0.14196885471801116, 0.13391614737837382, 0.1858569708215198, 0.07885751587646726, 0.16098631274278954, 0.23338222184307145, 0.3213249495761182, 0.09150087004989484, 0.21588623485061692, 0.10749102683645285, 0.155675622252496, 0.3264358660039344, 0.6885873320413068, 1.0, 0.125378300169382, 0.1268238853400068, 0.24766481604408377, 0.2033953723071189], [0.24272169783030628, 0.38300313020502064, 0.19651273162414154, 0.15713926079346008, 0.30537043244802486, 0.13373057647183992, 0.21893338922550518, 0.36038232144728227, 0.10892695754627195, 0.18737786335752374, 0.23951581692070711, 0.20768535103508076, 0.20132181009801578, 0.21943247299874855, 0.7292741009323013, 0.125378300169382, 1.0, 0.3942228135054534, 0.32234140617663004, 0.24467840378278657], [0.19448739886748762, 0.4226106735022135, 0.1239375229459494, 0.17475361241812712, 0.11032220496674829, 0.08720410791693725, 0.14465944967225142, 0.22330117785107453, 0.1896894746596929, 0.10764436264249372, 0.16692447890808418, 0.08992031097493908, 0.11164965690368853, 0.2528302611064994, 0.272568688381893, 0.1268238853400068, 0.3942228135054534, 1.0, 0.1580811727867035, 0.2073271761098949], [0.24867481919676018, 0.3829368388119163, 0.25783652112230615, 0.17122758307477118, 0.2536446767959915, 0.1131333199876375, 0.2124172152482991, 0.27915570458992006, 0.15316677798649925, 0.22055456731243483, 0.21623520525657924, 0.11952177911803805, 0.16606571611922316, 0.26032402958699286, 0.607881079051445, 0.24766481604408377, 0.32234140617663004, 0.1580811727867035, 1.0, 0.9761995301170069], [0.30611544143460095, 0.46319543849395417, 0.24322593664853376, 0.22701510279913886, 0.2674350606170727, 0.3492243658467634, 0.20921249990165564, 0.374922162248866, 0.4114340988905092, 0.1956954320233657, 0.247477460369274, 0.3781912963746004, 0.35462371196937337, 0.32678869733718746, 0.42108940815747004, 0.2033953723071189, 0.24467840378278657, 0.2073271761098949, 0.9761995301170069, 1.0]], "meta_info": {"source": "pretrained"}}